"","neighbourhood_cleansed","price_12.20","price_01.21","price_02.21","price_03.21","price_04.21","price_05.21","price_difference","abs_price_difference"
"1","Amsterdam_Oost",59,59,59,59,59,59,0,0
"2","Amsterdam_Center",236,96,129,149,200,106,-130,130
"3","Amsterdam_Center",125,125,125,125,125,100,-25,25
"4","Amsterdam_Center",135,125,125,123,141,130,-5,5
"5","Amsterdam_Center",75,75,75,75,75,75,0,0
"6","Amsterdam_Center",55,55,55,55,55,55,0,0
"7","Amsterdam_Center",160,160,160,160,160,160,0,0
"8","Amsterdam_Center",211,211,211,211,211,211,0,0
"9","Amsterdam_Zuid",150,150,150,150,150,150,0,0
"10","Amsterdam_Center",146,136,136,157,157,157,11,11
"11","Amsterdam_West",250,250,250,250,250,250,0,0
"12","Amsterdam_West",115,115,115,115,115,115,0,0
"13","Amsterdam_Center",118,82,118,118,118,107,-11,11
"14","Amsterdam_Oost",75,75,75,75,75,75,0,0
"15","Amsterdam_West",95,75,75,79,95,95,0,0
"16","Amsterdam_Zuid",222,222,222,222,222,222,0,0
"17","Amsterdam_West",65,65,65,65,65,65,0,0
"18","Amsterdam_Zuid",149,149,149,149,149,149,0,0
"19","Amsterdam_Oost",135,135,135,135,120,120,-15,15
"20","Amsterdam_West",750,750,750,750,750,750,0,0
"21","Amsterdam_West",189,189,189,189,189,189,0,0
"22","Amsterdam_Zuid",106,106,106,106,106,106,0,0
"23","Amsterdam_Center",66,45,45,122,122,122,56,56
"24","Amsterdam_Center",59,98,98,98,98,39,-20,20
"25","Amsterdam_Noord",40,40,40,40,40,40,0,0
"26","Amsterdam_Oost",55,55,55,55,55,55,0,0
"27","Amsterdam_Center",70,70,48,48,48,48,-22,22
"28","Amsterdam_West",80,80,80,80,90,90,10,10
"29","Amsterdam_West",80,80,80,80,90,90,10,10
"30","Amsterdam_West",145,145,145,145,170,170,25,25
"31","Amsterdam_Center",109,109,109,109,109,109,0,0
"32","Amsterdam_Center",106,106,109,109,109,109,3,3
"33","Amsterdam_Center",249,249,249,249,249,249,0,0
"34","Amsterdam_West",72,109,109,109,109,109,37,37
"35","Amsterdam_Zuid",95,95,95,95,95,95,0,0
"36","Amsterdam_Nieuw_west",55,40,45,50,60,70,15,15
"37","Amsterdam_Center",150,150,150,150,150,150,0,0
"38","Amsterdam_West",100,100,100,100,100,100,0,0
"39","Amsterdam_Zuid",80,80,80,80,80,80,0,0
"40","Amsterdam_Oost",145,145,145,145,145,145,0,0
"41","Amsterdam_West",37,37,37,37,37,37,0,0
"42","Amsterdam_Oost",150,150,150,150,150,150,0,0
"43","Amsterdam_West",160,125,125,125,139,139,-21,21
"44","Amsterdam_West",112,112,112,112,112,112,0,0
"45","Amsterdam_Center",118,118,118,118,118,118,0,0
"46","Amsterdam_Center",157,157,157,157,157,157,0,0
"47","Amsterdam_West",120,120,120,120,120,120,0,0
"48","Amsterdam_Zuid",249,249,249,249,249,249,0,0
"49","Amsterdam_West",97,97,97,97,97,97,0,0
"50","Amsterdam_Center",170,150,159,165,170,170,0,0
"51","Amsterdam_Zuid",200,200,200,200,200,200,0,0
"52","Amsterdam_Zuid",275,275,275,275,250,250,-25,25
"53","Amsterdam_Noord",125,125,125,125,125,125,0,0
"54","Amsterdam_Center",113,113,113,113,113,151,38,38
"55","Amsterdam_Center",70,71,72,67,79,80,10,10
"56","Amsterdam_Center",129,129,129,129,129,129,0,0
"57","Amsterdam_West",99,99,99,99,99,99,0,0
"58","Amsterdam_Zuid",284,284,284,284,284,284,0,0
"59","Amsterdam_West",99,99,99,99,99,99,0,0
"60","Amsterdam_West",246,246,246,246,246,268,22,22
"61","Amsterdam_Zuid",151,151,151,151,151,151,0,0
"62","Amsterdam_Center",110,90,99,99,99,102,-8,8
"63","Amsterdam_Center",245,245,245,245,245,245,0,0
"64","Amsterdam_West",113,119,92,119,119,119,6,6
"65","Amsterdam_Center",125,125,125,125,125,125,0,0
"66","Amsterdam_Center",130,541,215,178,541,541,411,411
"67","Amsterdam_West",122,122,122,122,122,122,0,0
"68","Amsterdam_Oost",79,79,79,79,79,79,0,0
"69","Amsterdam_Center",385,385,385,385,385,385,0,0
"70","Amsterdam_Center",149,149,149,149,149,149,0,0
"71","Amsterdam_Center",296,296,296,296,296,296,0,0
"72","Amsterdam_Zuid",147,145,125,125,169,175,28,28
"73","Amsterdam_West",250,250,250,250,250,250,0,0
"74","Amsterdam_Zuid",8000,8000,8000,8000,8000,8000,0,0
"75","Amsterdam_Zuid",88,88,88,88,88,88,0,0
"76","Amsterdam_West",85,85,85,85,85,85,0,0
"77","Amsterdam_Zuid",145,145,145,145,145,145,0,0
"78","Amsterdam_West",125,125,125,125,125,125,0,0
"79","Amsterdam_West",125,125,125,125,125,125,0,0
"80","Amsterdam_Zuid",116,116,116,116,116,116,0,0
"81","Amsterdam_Zuid",650,650,650,650,707,707,57,57
"82","Amsterdam_Nieuw_west",95,95,95,95,95,95,0,0
"83","Amsterdam_Center",70,78,78,78,87,84,14,14
"84","Amsterdam_Center",70,78,78,78,87,84,14,14
"85","Amsterdam_Oost",80,80,80,80,80,80,0,0
"86","Amsterdam_Oost",105,105,105,105,105,105,0,0
"87","Amsterdam_Noord",115,115,115,115,115,115,0,0
"88","Amsterdam_Noord",74,74,74,74,74,74,0,0
"89","Amsterdam_Center",125,125,125,125,125,125,0,0
"90","Amsterdam_Center",112,112,112,112,112,112,0,0
"91","Amsterdam_Center",68,140,51,54,65,74,6,6
"92","Amsterdam_Center",95,95,95,95,95,95,0,0
"93","Amsterdam_Center",125,125,135,135,99,135,10,10
"94","Amsterdam_West",275,275,275,275,275,275,0,0
"95","Amsterdam_Center",200,200,200,200,170,170,-30,30
"96","Amsterdam_West",871,600,600,600,405,771,-100,100
"97","Amsterdam_Zuid",125,125,125,125,125,125,0,0
"98","Amsterdam_Center",70,70,70,70,85,95,25,25
"99","Amsterdam_Zuid",169,169,169,169,169,169,0,0
"100","Amsterdam_Center",190,190,190,190,190,190,0,0
"101","Amsterdam_West",95,95,95,95,95,95,0,0
"102","Amsterdam_Zuid",69,77,71,90,88,123,54,54
"103","Amsterdam_Zuid",88,88,88,88,88,88,0,0
"104","Amsterdam_Zuid",148,148,148,148,148,148,0,0
"105","Amsterdam_West",220,220,220,220,220,220,0,0
"106","Amsterdam_Center",150,150,150,150,150,150,0,0
"107","Amsterdam_Oost",59,59,59,59,59,84,25,25
"108","Amsterdam_Zuid",169,169,169,169,169,169,0,0
"109","Amsterdam_Oost",395,395,395,395,395,395,0,0
"110","Amsterdam_Zuid",200,200,200,200,200,200,0,0
"111","Amsterdam_West",245,245,245,245,245,245,0,0
"112","Amsterdam_Center",151,164,95,95,132,146,-5,5
"113","Amsterdam_Center",99,99,99,99,99,99,0,0
"114","Amsterdam_Center",300,300,300,300,300,300,0,0
"115","Amsterdam_West",145,145,88,145,132,145,0,0
"116","Amsterdam_Center",280,250,280,280,280,280,0,0
"117","Amsterdam_Oost",199,199,249,249,205,179,-20,20
"118","Amsterdam_West",295,295,295,295,295,295,0,0
"119","Amsterdam_Center",85,85,85,85,85,85,0,0
"120","Amsterdam_Oost",134,110,110,127,127,152,18,18
"121","Amsterdam_West",199,199,199,199,199,199,0,0
"122","Amsterdam_Zuid",98,98,98,98,98,98,0,0
"123","Amsterdam_Center",280,280,280,280,280,280,0,0
"124","Amsterdam_Oost",145,145,145,145,145,145,0,0
"125","Amsterdam_West",185,185,185,185,185,185,0,0
"126","Amsterdam_Center",129,128,275,275,150,175,46,46
"127","Amsterdam_West",45,45,45,45,65,65,20,20
"128","Amsterdam_Center",304,304,304,304,304,304,0,0
"129","Amsterdam_Zuid",109,109,109,109,109,109,0,0
"130","Amsterdam_West",140,140,140,140,140,140,0,0
"131","Amsterdam_Zuid",220,220,220,220,220,180,-40,40
"132","Amsterdam_Oost",177,175,175,175,175,175,-2,2
"133","Amsterdam_Center",149,149,149,149,149,149,0,0
"134","Amsterdam_West",69,69,69,65,65,65,-4,4
"135","Amsterdam_Zuid",100,100,100,100,100,100,0,0
"136","Amsterdam_Zuid",105,105,105,105,105,105,0,0
"137","Amsterdam_Center",275,275,275,275,275,284,9,9
"138","Amsterdam_Center",179,179,179,179,179,179,0,0
"139","Amsterdam_Oost",175,175,175,175,175,175,0,0
"140","Amsterdam_Oost",110,110,110,110,110,110,0,0
"141","Amsterdam_Center",175,175,175,175,175,171,-4,4
"142","Amsterdam_Center",160,160,160,160,160,160,0,0
"143","Amsterdam_Oost",150,150,150,150,150,150,0,0
"144","Amsterdam_West",85,85,85,95,95,95,10,10
"145","Amsterdam_Nieuw_west",100,100,100,100,100,100,0,0
"146","Amsterdam_West",200,200,200,200,200,200,0,0
"147","Amsterdam_West",79,79,79,79,79,79,0,0
"148","Amsterdam_Nieuw_west",225,225,225,225,225,225,0,0
"149","Amsterdam_West",169,169,169,169,169,169,0,0
"150","Amsterdam_Zuid",120,120,120,120,120,120,0,0
"151","Amsterdam_Center",314,299,299,299,299,299,-15,15
"152","Amsterdam_Zuid",140,140,120,120,120,120,-20,20
"153","Amsterdam_West",76,76,76,76,76,76,0,0
"154","Amsterdam_Center",729,457,729,729,279,464,-265,265
"155","Amsterdam_Noord",120,120,120,120,120,120,0,0
"156","Amsterdam_Zuid",159,159,159,159,159,159,0,0
"157","Amsterdam_West",120,120,120,120,120,120,0,0
"158","Amsterdam_Center",160,160,160,160,160,160,0,0
"159","Amsterdam_West",180,180,180,180,180,180,0,0
"160","Amsterdam_West",110,110,110,110,110,110,0,0
"161","Amsterdam_West",110,110,110,110,110,110,0,0
"162","Amsterdam_Oost",140,140,140,140,140,140,0,0
"163","Amsterdam_Oost",139,139,139,139,139,139,0,0
"164","Amsterdam_West",309,309,309,309,309,309,0,0
"165","Amsterdam_West",150,150,150,150,150,150,0,0
"166","Amsterdam_West",110,110,110,110,110,110,0,0
"167","Amsterdam_West",50,50,50,50,50,50,0,0
"168","Amsterdam_West",80,80,80,80,80,80,0,0
"169","Amsterdam_West",107,107,107,107,107,107,0,0
"170","Amsterdam_West",120,120,120,120,120,120,0,0
"171","Amsterdam_Zuid",180,179,179,179,179,179,-1,1
"172","Amsterdam_Oost",195,195,195,195,195,195,0,0
"173","Amsterdam_Zuid",150,150,150,150,150,150,0,0
"174","Amsterdam_Zuid",140,140,140,140,140,140,0,0
"175","Amsterdam_Center",83,83,83,83,83,83,0,0
"176","Amsterdam_Zuid",65,65,65,65,65,65,0,0
"177","Amsterdam_West",150,150,150,150,150,150,0,0
"178","Amsterdam_Center",125,125,125,125,125,125,0,0
"179","Amsterdam_West",206,206,206,206,206,206,0,0
"180","Amsterdam_Center",245,245,245,245,245,245,0,0
"181","Amsterdam_West",124,124,124,124,124,124,0,0
"182","Amsterdam_West",94,94,94,94,94,94,0,0
"183","Amsterdam_Zuid",300,300,300,300,300,300,0,0
"184","Amsterdam_Nieuw_west",105,105,105,105,105,105,0,0
"185","Amsterdam_West",165,165,165,165,165,165,0,0
"186","Amsterdam_Noord",100,100,100,100,100,100,0,0
"187","Amsterdam_Noord",170,170,170,170,170,170,0,0
"188","Amsterdam_Center",230,230,230,230,230,230,0,0
"189","Amsterdam_Center",360,360,360,360,360,202,-158,158
"190","Amsterdam_Center",110,110,110,110,110,110,0,0
"191","Amsterdam_Oost",94,100,100,100,100,94,0,0
"192","Amsterdam_West",250,250,250,250,250,250,0,0
"193","Amsterdam_Oost",85,85,85,85,85,85,0,0
"194","Amsterdam_Zuid",120,120,120,120,120,120,0,0
"195","Amsterdam_West",120,120,120,120,120,120,0,0
"196","Amsterdam_Oost",140,140,140,140,140,140,0,0
"197","Amsterdam_Zuid",330,330,330,330,330,330,0,0
"198","Amsterdam_Zuid",200,200,200,200,200,200,0,0
"199","Amsterdam_Center",150,150,150,150,150,150,0,0
"200","Amsterdam_West",44,42,42,37,44,44,0,0
"201","Amsterdam_Center",67,69,69,69,69,61,-6,6
"202","Amsterdam_West",232,232,232,232,232,232,0,0
"203","Amsterdam_Noord",85,87,87,87,87,87,2,2
"204","Amsterdam_West",25,25,25,25,25,25,0,0
"205","Amsterdam_West",235,235,235,235,235,235,0,0
"206","Amsterdam_West",450,450,450,450,450,450,0,0
"207","Amsterdam_Oost",275,275,275,275,275,275,0,0
"208","Amsterdam_West",140,140,140,140,140,140,0,0
"209","Amsterdam_West",70,70,70,70,70,70,0,0
"210","Amsterdam_West",150,150,150,150,150,150,0,0
"211","Amsterdam_Center",64,68,77,77,77,71,7,7
"212","Amsterdam_Zuid",150,150,150,150,150,150,0,0
"213","Amsterdam_Oost",135,135,135,135,135,135,0,0
"214","Amsterdam_West",189,189,189,189,189,189,0,0
"215","Amsterdam_Center",125,125,125,125,125,125,0,0
"216","Amsterdam_West",109,109,109,109,109,109,0,0
"217","Amsterdam_West",140,140,95,95,95,95,-45,45
"218","Amsterdam_West",105,105,105,105,105,105,0,0
"219","Amsterdam_West",101,101,101,101,101,101,0,0
"220","Amsterdam_Oost",120,120,120,120,120,120,0,0
"221","Amsterdam_Center",139,139,139,139,139,139,0,0
"222","Amsterdam_Center",110,110,110,110,110,110,0,0
"223","Amsterdam_Zuid",95,79,79,79,79,79,-16,16
"224","Amsterdam_Zuid",120,120,120,120,120,120,0,0
"225","Amsterdam_West",115,115,115,115,115,115,0,0
"226","Amsterdam_West",79,90,93,93,88,92,13,13
"227","Amsterdam_Zuid",210,210,210,210,240,240,30,30
"228","Amsterdam_West",140,140,140,140,140,140,0,0
"229","Amsterdam_Center",78,78,74,85,85,100,22,22
"230","Amsterdam_Center",88,78,74,85,85,90,2,2
"231","Amsterdam_Center",150,150,150,150,150,150,0,0
"232","Amsterdam_West",160,160,160,160,160,160,0,0
"233","Amsterdam_Oost",325,325,325,325,325,275,-50,50
"234","Amsterdam_Oost",163,163,163,163,163,163,0,0
"235","Amsterdam_Center",350,350,350,350,350,350,0,0
"236","Amsterdam_Noord",87,87,87,87,87,87,0,0
"237","Amsterdam_Zuid",139,139,139,139,139,139,0,0
"238","Amsterdam_West",120,120,120,120,120,120,0,0
"239","Amsterdam_Noord",146,146,146,146,146,146,0,0
"240","Amsterdam_Center",147,147,147,147,147,147,0,0
"241","Amsterdam_Center",174,174,174,174,174,174,0,0
"242","Amsterdam_Zuid",129,129,129,129,129,129,0,0
"243","Amsterdam_West",190,190,190,190,190,190,0,0
"244","Amsterdam_West",69,69,69,69,69,69,0,0
"245","Amsterdam_West",100,100,100,100,100,100,0,0
"246","Amsterdam_Center",150,150,150,150,150,150,0,0
"247","Amsterdam_Center",295,295,295,295,295,295,0,0
"248","Amsterdam_Center",200,200,200,200,200,200,0,0
"249","Amsterdam_Zuid",70,95,95,95,95,95,25,25
"250","Amsterdam_Nieuw_west",50,50,65,65,65,60,10,10
"251","Amsterdam_Center",120,120,120,120,120,120,0,0
"252","Amsterdam_Center",185,100,185,100,104,100,-85,85
"253","Amsterdam_Center",250,250,250,250,250,250,0,0
"254","Amsterdam_West",95,95,95,95,95,95,0,0
"255","Amsterdam_Center",73,70,70,70,70,73,0,0
"256","Amsterdam_Oost",129,120,120,120,120,120,-9,9
"257","Amsterdam_West",98,98,98,98,98,98,0,0
"258","Amsterdam_West",97,97,95,95,95,95,-2,2
"259","Amsterdam_West",175,175,175,175,175,175,0,0
"260","Amsterdam_Zuid",90,90,90,90,90,90,0,0
"261","Amsterdam_West",136,136,136,136,136,136,0,0
"262","Amsterdam_West",240,240,240,240,240,240,0,0
"263","Amsterdam_West",132,132,132,132,132,132,0,0
"264","Amsterdam_Center",219,219,219,219,219,219,0,0
"265","Amsterdam_Zuid",110,110,110,110,110,110,0,0
"266","Amsterdam_Center",275,275,275,275,275,275,0,0
"267","Amsterdam_Zuid",90,90,90,90,90,90,0,0
"268","Amsterdam_West",121,121,121,121,121,121,0,0
"269","Amsterdam_Center",149,149,149,149,149,149,0,0
"270","Amsterdam_West",99,99,99,99,99,99,0,0
"271","Amsterdam_Center",130,130,130,130,130,130,0,0
"272","Amsterdam_Zuid",110,110,110,110,110,110,0,0
"273","Amsterdam_Center",156,156,156,156,156,156,0,0
"274","Amsterdam_West",72,72,72,72,72,72,0,0
"275","Amsterdam_West",149,149,149,149,149,149,0,0
"276","Amsterdam_Zuid",108,108,108,108,108,108,0,0
"277","Amsterdam_Center",210,186,175,179,263,214,4,4
"278","Amsterdam_Zuid",250,250,250,250,250,250,0,0
"279","Amsterdam_Center",85,85,85,85,85,85,0,0
"280","Amsterdam_Center",145,145,145,145,145,151,6,6
"281","Amsterdam_Center",75,75,75,75,75,75,0,0
"282","Amsterdam_West",75,83,75,75,76,76,1,1
"283","Amsterdam_Oost",99,99,99,99,99,99,0,0
"284","Amsterdam_Center",150,150,150,150,150,150,0,0
"285","Amsterdam_West",40,40,40,40,40,40,0,0
"286","Amsterdam_Center",99,99,99,99,99,99,0,0
"287","Amsterdam_Center",111,111,111,111,111,111,0,0
"288","Amsterdam_West",359,359,399,399,399,399,40,40
"289","Amsterdam_Center",175,175,175,175,175,175,0,0
"290","Amsterdam_Center",206,206,206,206,450,364,158,158
"291","Amsterdam_Center",150,150,150,150,150,150,0,0
"292","Amsterdam_Center",149,149,165,151,149,149,0,0
"293","Amsterdam_Center",149,149,302,186,149,149,0,0
"294","Amsterdam_Center",208,149,307,300,149,149,-59,59
"295","Amsterdam_Center",149,87,307,300,149,200,51,51
"296","Amsterdam_Oost",116,116,116,116,116,100,-16,16
"297","Amsterdam_Center",136,136,136,136,136,136,0,0
"298","Amsterdam_Zuid",130,130,130,130,130,130,0,0
"299","Amsterdam_West",60,60,60,60,60,60,0,0
"300","Amsterdam_Zuid",219,219,219,219,219,165,-54,54
"301","Amsterdam_West",149,149,149,149,149,149,0,0
"302","Amsterdam_Center",107,116,199,115,107,116,9,9
"303","Amsterdam_West",110,110,110,110,110,110,0,0
"304","Amsterdam_Center",89,89,89,89,89,89,0,0
"305","Amsterdam_West",100,100,100,100,100,100,0,0
"306","Amsterdam_West",235,235,235,235,235,235,0,0
"307","Amsterdam_Center",352,346,346,325,325,325,-27,27
"308","Amsterdam_West",225,225,225,225,225,225,0,0
"309","Amsterdam_West",180,180,180,180,180,180,0,0
"310","Amsterdam_Oost",90,90,90,90,90,90,0,0
"311","Amsterdam_Center",228,228,228,228,228,228,0,0
"312","Amsterdam_Noord",32,34,42,37,38,40,8,8
"313","Amsterdam_Center",221,221,221,221,221,257,36,36
"314","Amsterdam_West",109,109,109,109,109,109,0,0
"315","Amsterdam_Zuid",135,135,135,135,135,135,0,0
"316","Amsterdam_Zuid",250,250,250,250,250,250,0,0
"317","Amsterdam_Center",56,51,59,64,68,95,39,39
"318","Amsterdam_Nieuw_west",55,40,45,50,64,75,20,20
"319","Amsterdam_Center",130,130,130,130,130,130,0,0
"320","Amsterdam_Center",66,66,66,66,66,66,0,0
"321","Amsterdam_Center",80,80,80,80,80,80,0,0
"322","Amsterdam_Zuid",120,120,120,120,120,120,0,0
"323","Amsterdam_West",110,110,110,110,110,110,0,0
"324","Amsterdam_West",83,83,83,83,83,83,0,0
"325","Amsterdam_Zuid",176,176,176,176,176,176,0,0
"326","Amsterdam_Center",159,159,159,159,159,159,0,0
"327","Amsterdam_Oost",165,165,165,165,165,165,0,0
"328","Amsterdam_Center",118,118,118,118,118,118,0,0
"329","Amsterdam_Center",399,399,399,399,399,399,0,0
"330","Amsterdam_West",160,159,160,161,163,159,-1,1
"331","Amsterdam_West",118,118,118,118,118,118,0,0
"332","Amsterdam_Center",200,193,200,200,200,200,0,0
"333","Amsterdam_Zuid",110,110,110,110,110,110,0,0
"334","Amsterdam_West",125,125,125,125,125,125,0,0
"335","Amsterdam_West",80,80,80,80,80,80,0,0
"336","Amsterdam_Center",122,150,160,160,144,123,1,1
"337","Amsterdam_Oost",75,75,75,75,75,75,0,0
"338","Amsterdam_West",175,175,175,175,175,175,0,0
"339","Amsterdam_Zuid",150,150,150,150,150,150,0,0
"340","Amsterdam_West",150,150,150,150,150,150,0,0
"341","Amsterdam_Zuid",150,150,150,150,150,150,0,0
"342","Amsterdam_Center",45,37,45,45,36,77,32,32
"343","Amsterdam_West",261,130,144,144,144,144,-117,117
"344","Amsterdam_Center",119,119,119,119,119,122,3,3
"345","Amsterdam_Center",349,349,349,349,349,349,0,0
"346","Amsterdam_West",200,200,200,200,200,200,0,0
"347","Amsterdam_Oost",151,126,126,126,126,126,-25,25
"348","Amsterdam_Center",70,68,65,124,80,78,8,8
"349","Amsterdam_Center",122,122,122,122,122,122,0,0
"350","Amsterdam_Center",85,85,85,85,85,85,0,0
"351","Amsterdam_West",239,239,239,239,239,239,0,0
"352","Amsterdam_West",193,193,193,193,193,193,0,0
"353","Amsterdam_Zuid",60,60,60,60,60,60,0,0
"354","Amsterdam_Zuid",150,150,150,150,150,150,0,0
"355","Amsterdam_Zuid",200,200,200,200,200,200,0,0
"356","Amsterdam_Center",125,125,125,125,125,123,-2,2
"357","Amsterdam_Zuid",115,115,115,115,115,115,0,0
"358","Amsterdam_Center",180,180,180,180,180,180,0,0
"359","Amsterdam_Zuid",85,85,85,85,85,85,0,0
"360","Amsterdam_West",79,79,79,79,79,79,0,0
"361","Amsterdam_Center",306,306,306,306,306,306,0,0
"362","Amsterdam_West",300,300,300,300,300,300,0,0
"363","Amsterdam_West",150,150,150,150,150,150,0,0
"364","Amsterdam_West",165,165,165,165,165,165,0,0
"365","Amsterdam_West",190,190,190,190,190,190,0,0
"366","Amsterdam_Zuid",82,88,102,120,98,107,25,25
"367","Amsterdam_Zuid",800,800,800,800,800,800,0,0
"368","Amsterdam_West",188,187,187,187,190,250,62,62
"369","Amsterdam_Center",109,109,109,109,109,109,0,0
"370","Amsterdam_Center",175,175,175,175,175,175,0,0
"371","Amsterdam_Zuid",110,110,120,120,120,120,10,10
"372","Amsterdam_Nieuw_west",80,80,80,80,80,80,0,0
"373","Amsterdam_Zuid",180,180,180,180,180,180,0,0
"374","Amsterdam_Oost",110,110,110,110,110,110,0,0
"375","Amsterdam_West",164,139,139,164,164,164,0,0
"376","Amsterdam_Center",104,98,135,135,135,135,31,31
"377","Amsterdam_Noord",77,77,77,77,78,79,2,2
"378","Amsterdam_Oost",359,359,359,359,359,359,0,0
"379","Amsterdam_Center",160,160,160,160,160,160,0,0
"380","Amsterdam_Zuid",89,89,89,89,89,89,0,0
"381","Amsterdam_Center",120,120,120,120,120,120,0,0
"382","Amsterdam_West",130,130,130,130,130,130,0,0
"383","Amsterdam_Noord",90,90,90,90,107,103,13,13
"384","Amsterdam_West",120,120,120,120,120,120,0,0
"385","Amsterdam_West",185,185,185,185,185,253,68,68
"386","Amsterdam_Center",226,226,226,226,226,226,0,0
"387","Amsterdam_Center",239,239,239,239,239,239,0,0
"388","Amsterdam_West",68,68,68,68,68,68,0,0
"389","Amsterdam_Center",250,250,250,250,250,250,0,0
"390","Amsterdam_Zuid",150,150,150,150,150,150,0,0
"391","Amsterdam_West",120,120,120,120,94,120,0,0
"392","Amsterdam_Zuid",59,59,59,59,59,64,5,5
"393","Amsterdam_West",85,85,85,85,85,85,0,0
"394","Amsterdam_Center",75,210,210,210,210,210,135,135
"395","Amsterdam_Noord",245,245,245,245,245,245,0,0
"396","Amsterdam_Zuid",105,105,105,105,105,105,0,0
"397","Amsterdam_West",125,125,125,125,125,125,0,0
"398","Amsterdam_Zuid",399,399,399,399,399,399,0,0
"399","Amsterdam_Oost",125,125,150,150,150,150,25,25
"400","Amsterdam_West",99,99,125,125,100,125,26,26
"401","Amsterdam_Zuid",139,139,139,139,139,139,0,0
"402","Amsterdam_Zuid",200,200,200,200,200,200,0,0
"403","Amsterdam_Zuid",200,200,200,200,200,200,0,0
"404","Amsterdam_West",150,150,150,150,150,150,0,0
"405","Amsterdam_Zuid",88,75,75,89,129,139,51,51
"406","Amsterdam_West",119,119,119,119,130,130,11,11
"407","Amsterdam_Oost",110,110,110,110,110,110,0,0
"408","Amsterdam_Noord",500,500,500,500,500,500,0,0
"409","Amsterdam_West",175,175,175,175,175,185,10,10
"410","Amsterdam_West",130,130,130,130,130,130,0,0
"411","Amsterdam_Oost",195,195,195,195,195,195,0,0
"412","Amsterdam_Zuid",90,90,90,90,90,90,0,0
"413","Amsterdam_Center",145,145,145,145,145,145,0,0
"414","Amsterdam_West",90,90,90,90,95,95,5,5
"415","Amsterdam_Nieuw_west",85,85,85,85,85,85,0,0
"416","Amsterdam_Oost",140,140,140,140,140,140,0,0
"417","Amsterdam_Center",160,160,160,160,160,160,0,0
"418","Amsterdam_Zuidoost",70,72,72,72,72,72,2,2
"419","Amsterdam_Zuidoost",79,79,79,79,79,79,0,0
"420","Amsterdam_Center",300,300,300,300,300,300,0,0
"421","Amsterdam_Oost",275,275,275,275,275,275,0,0
"422","Amsterdam_Oost",240,240,240,240,240,240,0,0
"423","Amsterdam_Zuid",355,355,355,355,355,355,0,0
"424","Amsterdam_Zuid",95,95,95,95,95,95,0,0
"425","Amsterdam_West",36,54,54,36,36,36,0,0
"426","Amsterdam_Oost",145,145,145,145,145,145,0,0
"427","Amsterdam_Center",90,80,80,80,80,80,-10,10
"428","Amsterdam_Zuid",250,199,199,199,130,130,-120,120
"429","Amsterdam_West",65,74,74,74,79,82,17,17
"430","Amsterdam_Center",300,300,300,300,300,300,0,0
"431","Amsterdam_Zuid",77,77,77,77,77,77,0,0
"432","Amsterdam_West",400,400,400,400,400,400,0,0
"433","Amsterdam_Center",153,153,153,153,153,153,0,0
"434","Amsterdam_West",175,145,145,145,145,145,-30,30
"435","Amsterdam_Oost",129,129,129,129,129,129,0,0
"436","Amsterdam_West",250,250,250,250,250,250,0,0
"437","Amsterdam_West",121,121,121,121,121,121,0,0
"438","Amsterdam_Nieuw_west",21,26,30,39,29,23,2,2
"439","Amsterdam_West",145,145,145,145,145,145,0,0
"440","Amsterdam_West",119,119,119,119,119,119,0,0
"441","Amsterdam_Center",136,136,134,134,134,134,-2,2
"442","Amsterdam_Zuid",47,37,98,113,86,98,51,51
"443","Amsterdam_Center",114,114,114,114,114,114,0,0
"444","Amsterdam_Center",170,170,170,170,170,170,0,0
"445","Amsterdam_Noord",140,140,140,140,140,140,0,0
"446","Amsterdam_Zuidoost",145,145,145,145,145,145,0,0
"447","Amsterdam_Oost",250,250,250,250,250,250,0,0
"448","Amsterdam_Noord",89,107,107,107,110,100,11,11
"449","Amsterdam_Center",87,87,87,87,87,87,0,0
"450","Amsterdam_Zuid",110,110,110,110,110,110,0,0
"451","Amsterdam_Zuid",225,225,225,225,225,225,0,0
"452","Amsterdam_West",171,171,171,171,171,171,0,0
"453","Amsterdam_West",295,295,295,295,295,295,0,0
"454","Amsterdam_Center",925,399,399,399,699,699,-226,226
"455","Amsterdam_West",177,177,177,177,177,177,0,0
"456","Amsterdam_Center",293,280,280,280,280,280,-13,13
"457","Amsterdam_Zuid",117,139,139,136,136,140,23,23
"458","Amsterdam_West",100,100,100,100,100,100,0,0
"459","Amsterdam_Oost",84,84,84,84,84,84,0,0
"460","Amsterdam_Center",204,200,200,200,200,200,-4,4
"461","Amsterdam_Center",120,120,120,120,120,120,0,0
"462","Amsterdam_Center",376,376,376,376,376,376,0,0
"463","Amsterdam_West",130,130,130,130,130,130,0,0
"464","Amsterdam_Oost",525,525,525,525,525,525,0,0
"465","Amsterdam_West",135,135,150,150,150,135,0,0
"466","Amsterdam_Oost",200,200,200,200,200,200,0,0
"467","Amsterdam_Center",500,500,500,500,500,500,0,0
"468","Amsterdam_Zuid",96,96,96,96,96,96,0,0
"469","Amsterdam_West",243,243,243,291,291,291,48,48
"470","Amsterdam_Zuid",79,79,79,79,79,79,0,0
"471","Amsterdam_Center",99,99,99,99,70,85,-14,14
"472","Amsterdam_Oost",124,135,135,135,135,135,11,11
"473","Amsterdam_Center",75,75,185,100,100,100,25,25
"474","Amsterdam_Oost",100,100,100,111,140,98,-2,2
"475","Amsterdam_West",148,148,148,148,148,148,0,0
"476","Amsterdam_Zuid",250,250,250,250,250,250,0,0
"477","Amsterdam_Noord",90,90,90,90,90,90,0,0
"478","Amsterdam_Zuid",180,180,180,180,180,180,0,0
"479","Amsterdam_West",128,128,128,128,128,128,0,0
"480","Amsterdam_Center",59,69,59,69,49,109,50,50
"481","Amsterdam_Center",59,69,59,69,99,89,30,30
"482","Amsterdam_West",95,100,100,100,100,100,5,5
"483","Amsterdam_West",100,100,100,100,100,100,0,0
"484","Amsterdam_Oost",195,195,195,195,195,195,0,0
"485","Amsterdam_Oost",175,175,175,175,175,180,5,5
"486","Amsterdam_Zuid",100,100,99,99,100,99,-1,1
"487","Amsterdam_Oost",57,57,57,57,57,57,0,0
"488","Amsterdam_Nieuw_west",80,80,80,80,80,80,0,0
"489","Amsterdam_Nieuw_west",60,60,60,60,60,60,0,0
"490","Amsterdam_Center",200,200,200,200,200,130,-70,70
"491","Amsterdam_West",120,120,120,120,120,120,0,0
"492","Amsterdam_Center",116,150,116,150,100,100,-16,16
"493","Amsterdam_Oost",250,250,250,250,250,250,0,0
"494","Amsterdam_Zuidoost",41,41,41,41,41,41,0,0
"495","Amsterdam_West",85,105,105,105,129,125,40,40
"496","Amsterdam_Zuid",85,85,85,85,85,85,0,0
"497","Amsterdam_West",202,202,202,202,202,202,0,0
"498","Amsterdam_Zuid",70,70,70,76,71,146,76,76
"499","Amsterdam_West",99,99,99,99,99,99,0,0
"500","Amsterdam_Center",102,102,102,102,102,102,0,0
"501","Amsterdam_Oost",270,270,270,270,270,270,0,0
"502","Amsterdam_West",325,325,325,325,325,325,0,0
"503","Amsterdam_Center",201,201,201,201,201,201,0,0
"504","Amsterdam_Zuid",149,149,149,149,149,149,0,0
"505","Amsterdam_Zuid",102,102,102,102,102,102,0,0
"506","Amsterdam_Zuid",80,80,80,80,80,80,0,0
"507","Amsterdam_Center",100,100,100,100,100,100,0,0
"508","Amsterdam_Zuidoost",46,46,46,46,46,46,0,0
"509","Amsterdam_West",75,75,75,75,75,75,0,0
"510","Amsterdam_Center",100,100,100,100,100,85,-15,15
"511","Amsterdam_Zuid",110,110,110,110,110,110,0,0
"512","Amsterdam_West",300,300,300,300,300,300,0,0
"513","Amsterdam_West",139,139,139,146,139,139,0,0
"514","Amsterdam_Oost",295,295,295,295,295,295,0,0
"515","Amsterdam_Zuid",126,126,126,126,126,126,0,0
"516","Amsterdam_Oost",80,80,80,80,80,80,0,0
"517","Amsterdam_Zuid",120,120,120,120,120,120,0,0
"518","Amsterdam_West",150,150,150,150,150,150,0,0
"519","Amsterdam_West",50,50,50,50,50,50,0,0
"520","Amsterdam_Oost",140,140,140,140,140,140,0,0
"521","Amsterdam_Zuid",228,228,228,228,228,130,-98,98
"522","Amsterdam_Zuid",129,129,129,129,129,129,0,0
"523","Amsterdam_West",125,125,125,125,155,155,30,30
"524","Amsterdam_Center",210,210,210,210,210,210,0,0
"525","Amsterdam_Center",200,200,200,200,200,200,0,0
"526","Amsterdam_Center",263,263,263,263,263,263,0,0
"527","Amsterdam_West",82,82,82,82,82,82,0,0
"528","Amsterdam_Zuid",120,120,120,120,120,120,0,0
"529","Amsterdam_West",126,126,126,126,126,126,0,0
"530","Amsterdam_West",100,100,100,100,100,100,0,0
"531","Amsterdam_Oost",80,80,80,80,80,80,0,0
"532","Amsterdam_Oost",100,100,100,100,100,100,0,0
"533","Amsterdam_Center",80,80,80,80,80,80,0,0
"534","Amsterdam_West",140,140,140,140,140,140,0,0
"535","Amsterdam_West",90,90,90,90,101,90,0,0
"536","Amsterdam_West",86,86,86,86,130,99,13,13
"537","Amsterdam_West",145,145,145,145,145,160,15,15
"538","Amsterdam_Zuid",240.71,241,241,241,241,241,0.289999999999992,0.289999999999992
"539","Amsterdam_Noord",92,86,92,95,86,81,-11,11
"540","Amsterdam_Center",468,468,468,468,468,468,0,0
"541","Amsterdam_Center",149,146,291,210,224,276,127,127
"542","Amsterdam_Center",679,679,679,679,679,679,0,0
"543","Amsterdam_Oost",169,169,169,169,169,169,0,0
"544","Amsterdam_Center",510,510,510,510,510,510,0,0
"545","Amsterdam_Noord",280,280,280,280,280,280,0,0
"546","Amsterdam_Zuid",124,124,124,124,124,124,0,0
"547","Amsterdam_Zuid",26,27,31,28,39,41,15,15
"548","Amsterdam_Zuid",260,260,260,260,260,260,0,0
"549","Amsterdam_West",180,180,180,180,180,180,0,0
"550","Amsterdam_West",119,119,119,119,119,119,0,0
"551","Amsterdam_Oost",90,90,90,90,90,90,0,0
"552","Amsterdam_Center",139,139,139,139,139,139,0,0
"553","Amsterdam_Center",170,170,170,170,170,160,-10,10
"554","Amsterdam_Center",225,225,225,225,225,225,0,0
"555","Amsterdam_Zuid",403,403,399,410,399,399,-4,4
"556","Amsterdam_West",126,126,126,126,126,126,0,0
"557","Amsterdam_Center",250,250,250,250,250,250,0,0
"558","Amsterdam_West",200,200,200,200,200,200,0,0
"559","Amsterdam_West",250,250,250,250,250,250,0,0
"560","Amsterdam_Oost",140,140,140,140,140,140,0,0
"561","Amsterdam_West",101,101,101,105,108,110,9,9
"562","Amsterdam_Center",175,175,175,175,175,175,0,0
"563","Amsterdam_Oost",260,260,260,260,260,260,0,0
"564","Amsterdam_West",79,79,79,79,79,79,0,0
"565","Amsterdam_Zuid",225,225,225,225,225,225,0,0
"566","Amsterdam_Noord",89,89,89,89,89,89,0,0
"567","Amsterdam_West",100,100,100,100,100,100,0,0
"568","Amsterdam_Center",98,98,98,98,98,98,0,0
"569","Amsterdam_Center",89,89,89,89,89,89,0,0
"570","Amsterdam_Oost",125,125,125,125,125,125,0,0
"571","Amsterdam_Noord",71,71,72,72,72,73,2,2
"572","Amsterdam_West",79,79,79,79,79,79,0,0
"573","Amsterdam_Zuid",149,149,149,149,149,149,0,0
"574","Amsterdam_Center",250,250,250,250,250,250,0,0
"575","Amsterdam_Zuid",199,199,199,199,199,199,0,0
"576","Amsterdam_West",231,249,249,246,249,249,18,18
"577","Amsterdam_Center",250,250,250,250,250,250,0,0
"578","Amsterdam_Center",135,135,135,135,135,135,0,0
"579","Amsterdam_West",155,155,155,155,155,165,10,10
"580","Amsterdam_West",500,500,500,500,500,500,0,0
"581","Amsterdam_Center",70,60,72,100,70,78,8,8
"582","Amsterdam_Center",133,90,100,100,110,130,-3,3
"583","Amsterdam_Center",80,70,77,85,110,90,10,10
"584","Amsterdam_Center",75,70,76,85,75,125,50,50
"585","Amsterdam_Center",91,75,80,85,75,90,-1,1
"586","Amsterdam_West",175,175,175,175,175,175,0,0
"587","Amsterdam_West",400,400,400,400,400,400,0,0
"588","Amsterdam_Noord",130,130,130,130,130,130,0,0
"589","Amsterdam_Oost",170,170,170,170,170,170,0,0
"590","Amsterdam_Zuid",150,150,150,150,150,150,0,0
"591","Amsterdam_Oost",64,64,64,64,64,64,0,0
"592","Amsterdam_Noord",59,59,59,59,59,59,0,0
"593","Amsterdam_Oost",150,150,150,150,150,150,0,0
"594","Amsterdam_Center",404,404,404,404,404,404,0,0
"595","Amsterdam_Center",125,125,125,125,125,125,0,0
"596","Amsterdam_West",125,125,125,125,125,125,0,0
"597","Amsterdam_Oost",123,123,123,223,150,150,27,27
"598","Amsterdam_Oost",99,99,99,150,150,150,51,51
"599","Amsterdam_Oost",90,79,66,129,99,100,10,10
"600","Amsterdam_Nieuw_west",95,95,95,95,95,95,0,0
"601","Amsterdam_Center",135,135,135,135,135,135,0,0
"602","Amsterdam_West",295,295,295,295,295,295,0,0
"603","Amsterdam_Noord",75,75,75,75,75,75,0,0
"604","Amsterdam_Zuid",250,250,250,250,250,250,0,0
"605","Amsterdam_Noord",140,140,140,140,140,140,0,0
"606","Amsterdam_West",107,111,111,111,114,111,4,4
"607","Amsterdam_Noord",90,90,90,90,90,90,0,0
"608","Amsterdam_Oost",135,135,135,135,135,135,0,0
"609","Amsterdam_Noord",156,159,159,159,159,159,3,3
"610","Amsterdam_Zuid",110,110,110,110,110,110,0,0
"611","Amsterdam_Zuid",160,160,160,160,160,160,0,0
"612","Amsterdam_West",150,150,150,150,150,150,0,0
"613","Amsterdam_Zuid",257,257,257,257,257,257,0,0
"614","Amsterdam_West",84,84,84,84,84,84,0,0
"615","Amsterdam_Zuid",150,150,150,150,150,150,0,0
"616","Amsterdam_Center",99,99,99,99,99,99,0,0
"617","Amsterdam_Noord",77,77,77,77,77,77,0,0
"618","Amsterdam_West",74,74,74,74,74,74,0,0
"619","Amsterdam_Center",180,180,180,180,180,169,-11,11
"620","Amsterdam_West",130,130,130,130,130,130,0,0
"621","Amsterdam_Oost",55,85,85,76,85,85,30,30
"622","Amsterdam_Zuidoost",165,165,165,165,165,165,0,0
"623","Amsterdam_West",93,93,93,93,83,83,-10,10
"624","Amsterdam_West",119,99,99,99,99,99,-20,20
"625","Amsterdam_Oost",273,273,273,273,273,273,0,0
"626","Amsterdam_West",220,220,220,220,220,220,0,0
"627","Amsterdam_Zuid",99,99,99,99,99,99,0,0
"628","Amsterdam_West",199,199,199,199,199,199,0,0
"629","Amsterdam_Oost",228,199,199,199,199,199,-29,29
"630","Amsterdam_Center",75,88,88,88,71,89,14,14
"631","Amsterdam_West",138,138,138,138,138,138,0,0
"632","Amsterdam_Nieuw_west",200,200,200,200,200,70,-130,130
"633","Amsterdam_West",121,121,121,121,121,121,0,0
"634","Amsterdam_Center",150,150,150,150,150,150,0,0
"635","Amsterdam_Nieuw_west",150,150,150,150,150,150,0,0
"636","Amsterdam_West",95,95,95,95,95,95,0,0
"637","Amsterdam_Oost",110,110,110,110,110,110,0,0
"638","Amsterdam_Center",106,106,106,106,106,106,0,0
"639","Amsterdam_Nieuw_west",100,100,100,100,100,100,0,0
"640","Amsterdam_Center",113,122,122,122,122,122,9,9
"641","Amsterdam_Zuid",149,149,149,149,149,149,0,0
"642","Amsterdam_West",150,150,150,150,150,150,0,0
"643","Amsterdam_West",179,179,179,179,179,179,0,0
"644","Amsterdam_Zuid",123,123,123,123,123,123,0,0
"645","Amsterdam_Zuid",149,149,149,149,149,149,0,0
"646","Amsterdam_Zuid",500,500,500,500,500,500,0,0
"647","Amsterdam_West",58,58,58,58,58,58,0,0
"648","Amsterdam_Center",121,121,121,121,121,121,0,0
"649","Amsterdam_West",129,129,129,129,129,129,0,0
"650","Amsterdam_Zuid",110,110,110,110,110,110,0,0
"651","Amsterdam_Center",69,69,69,69,69,69,0,0
"652","Amsterdam_Zuid",110,110,110,110,110,110,0,0
"653","Amsterdam_Zuid",100,100,100,100,100,100,0,0
"654","Amsterdam_Oost",250,200,200,200,200,200,-50,50
"655","Amsterdam_Oost",80,80,80,80,80,80,0,0
"656","Amsterdam_West",175,175,175,175,175,175,0,0
"657","Amsterdam_Center",155,155,155,155,155,155,0,0
"658","Amsterdam_West",139,139,139,139,139,139,0,0
"659","Amsterdam_Center",99,99,99,99,99,99,0,0
"660","Amsterdam_Zuid",343,343,343,343,343,343,0,0
"661","Amsterdam_West",150,150,150,150,150,150,0,0
"662","Amsterdam_Oost",171,171,171,171,171,171,0,0
"663","Amsterdam_Zuid",89,89,89,89,89,89,0,0
"664","Amsterdam_West",180,180,180,180,180,180,0,0
"665","Amsterdam_West",135,135,135,135,135,135,0,0
"666","Amsterdam_West",149,149,149,149,149,135,-14,14
"667","Amsterdam_Center",89,89,277,270,80,219,130,130
"668","Amsterdam_Oost",80,80,80,80,80,80,0,0
"669","Amsterdam_West",108,108,108,101,108,101,-7,7
"670","Amsterdam_Oost",142,142,142,142,142,142,0,0
"671","Amsterdam_West",134,134,134,134,134,134,0,0
"672","Amsterdam_Center",65,65,65,65,65,65,0,0
"673","Amsterdam_Center",195,145,145,145,145,168,-27,27
"674","Amsterdam_Oost",175,249,256,249,249,190,15,15
"675","Amsterdam_West",325,325,325,325,325,325,0,0
"676","Amsterdam_West",279,279,279,279,279,279,0,0
"677","Amsterdam_Center",124,90,90,120,155,155,31,31
"678","Amsterdam_West",150,150,150,150,150,150,0,0
"679","Amsterdam_Nieuw_west",70,60,60,60,60,60,-10,10
"680","Amsterdam_West",70,70,70,70,70,70,0,0
"681","Amsterdam_Zuid",99,99,99,99,99,99,0,0
"682","Amsterdam_Noord",160,160,160,160,160,160,0,0
"683","Amsterdam_Zuid",285,285,285,285,285,285,0,0
"684","Amsterdam_Oost",191,191,191,191,191,191,0,0
"685","Amsterdam_Oost",75,75,75,75,75,75,0,0
"686","Amsterdam_Zuid",300,199,196,221,261,129,-171,171
"687","Amsterdam_West",103,103,103,103,103,103,0,0
"688","Amsterdam_West",135,135,135,135,135,135,0,0
"689","Amsterdam_Oost",105,105,105,105,105,105,0,0
"690","Amsterdam_Center",72,72,72,72,72,120,48,48
"691","Amsterdam_Zuid",80,80,80,80,80,80,0,0
"692","Amsterdam_Zuid",144,144,144,144,144,144,0,0
"693","Amsterdam_West",154,154,154,154,154,154,0,0
"694","Amsterdam_Center",300,300,300,300,300,300,0,0
"695","Amsterdam_West",99,99,99,99,99,125,26,26
"696","Amsterdam_Oost",80,80,80,80,80,80,0,0
"697","Amsterdam_West",125,125,125,125,125,125,0,0
"698","Amsterdam_West",118,118,118,118,118,118,0,0
"699","Amsterdam_West",35,35,46,50,45,45,10,10
"700","Amsterdam_West",50,50,50,50,89,50,0,0
"701","Amsterdam_Zuid",150,150,161,225,275,275,125,125
"702","Amsterdam_Center",300,300,300,300,300,300,0,0
"703","Amsterdam_Center",153,153,153,153,153,153,0,0
"704","Amsterdam_Oost",65,65,65,65,65,65,0,0
"705","Amsterdam_Center",110,110,110,110,110,110,0,0
"706","Amsterdam_Center",200,200,200,200,200,200,0,0
"707","Amsterdam_West",118,118,118,118,118,118,0,0
"708","Amsterdam_Oost",125,125,125,125,125,125,0,0
"709","Amsterdam_Zuid",70,60,60,60,60,70,0,0
"710","Amsterdam_Zuid",41,41,41,41,41,62,21,21
"711","Amsterdam_Zuid",450,450,450,450,450,450,0,0
"712","Amsterdam_West",120,120,99,77,120,90,-30,30
"713","Amsterdam_West",80,80,80,80,80,80,0,0
"714","Amsterdam_Oost",115,115,115,115,115,115,0,0
"715","Amsterdam_Center",350,350,350,350,350,297,-53,53
"716","Amsterdam_Zuid",319,319,319,319,319,319,0,0
"717","Amsterdam_West",125,125,125,125,125,125,0,0
"718","Amsterdam_Center",130,130,130,130,130,130,0,0
"719","Amsterdam_Oost",499,499,499,499,499,499,0,0
"720","Amsterdam_Zuid",103,103,103,103,103,103,0,0
"721","Amsterdam_West",119,119,119,119,119,119,0,0
"722","Amsterdam_West",155,155,155,155,155,155,0,0
"723","Amsterdam_West",135,135,135,135,135,135,0,0
"724","Amsterdam_Center",100,100,100,100,100,100,0,0
"725","Amsterdam_Zuid",105,105,105,105,105,105,0,0
"726","Amsterdam_Center",70,70,70,70,70,70,0,0
"727","Amsterdam_Center",126,102,102,102,112,115,-11,11
"728","Amsterdam_Zuid",220,220,220,200,200,200,-20,20
"729","Amsterdam_Center",250,250,250,250,250,250,0,0
"730","Amsterdam_Zuid",197,220,220,220,220,220,23,23
"731","Amsterdam_Center",201,201,201,201,201,201,0,0
"732","Amsterdam_West",123,123,123,123,123,123,0,0
"733","Amsterdam_West",140,140,140,140,140,140,0,0
"734","Amsterdam_Zuid",200,200,200,200,200,200,0,0
"735","Amsterdam_Noord",79,79,79,79,79,79,0,0
"736","Amsterdam_Zuid",55,55,55,55,65,65,10,10
"737","Amsterdam_Zuid",299,299,299,299,299,299,0,0
"738","Amsterdam_West",114,114,114,114,114,114,0,0
"739","Amsterdam_Zuid",225,225,225,225,225,225,0,0
"740","Amsterdam_Noord",84,84,84,84,84,84,0,0
"741","Amsterdam_Oost",200,200,200,200,200,200,0,0
"742","Amsterdam_Center",78,78,78,78,78,78,0,0
"743","Amsterdam_Zuid",175,175,175,175,175,175,0,0
"744","Amsterdam_West",125,125,125,125,125,125,0,0
"745","Amsterdam_Zuid",215,215,215,215,215,215,0,0
"746","Amsterdam_Noord",180,180,180,120,120,120,-60,60
"747","Amsterdam_West",149,149,149,149,149,149,0,0
"748","Amsterdam_Nieuw_west",245,245,245,245,245,245,0,0
"749","Amsterdam_Center",215,215,215,215,215,215,0,0
"750","Amsterdam_West",77,77,77,77,77,77,0,0
"751","Amsterdam_Oost",119,119,119,119,119,119,0,0
"752","Amsterdam_West",132,132,132,132,132,132,0,0
"753","Amsterdam_West",154,154,154,154,154,154,0,0
"754","Amsterdam_Center",264,264,264,264,264,337,73,73
"755","Amsterdam_West",120,120,120,140,180,180,60,60
"756","Amsterdam_West",200,200,200,200,200,200,0,0
"757","Amsterdam_West",75,75,75,75,75,75,0,0
"758","Amsterdam_Oost",80,80,80,80,80,80,0,0
"759","Amsterdam_Zuid",250,250,250,250,250,250,0,0
"760","Amsterdam_Zuid",105,105,105,105,105,105,0,0
"761","Amsterdam_Zuid",50,84,84,84,84,84,34,34
"762","Amsterdam_Center",130,130,130,130,130,130,0,0
"763","Amsterdam_West",225,225,225,225,225,225,0,0
"764","Amsterdam_Noord",89,89,89,89,89,89,0,0
"765","Amsterdam_West",125,125,125,125,125,125,0,0
"766","Amsterdam_Noord",120,120,120,120,120,120,0,0
"767","Amsterdam_Zuid",90,90,90,90,90,90,0,0
"768","Amsterdam_Nieuw_west",80,85,98,100,100,100,20,20
"769","Amsterdam_Zuid",125,125,125,125,125,125,0,0
"770","Amsterdam_Nieuw_west",80,65,70,78,95,60,-20,20
"771","Amsterdam_West",55,60,60,60,60,60,5,5
"772","Amsterdam_Center",289,289,289,289,289,289,0,0
"773","Amsterdam_West",120,120,120,120,120,120,0,0
"774","Amsterdam_Oost",186,186,186,186,186,186,0,0
"775","Amsterdam_Zuid",115,115,115,115,115,115,0,0
"776","Amsterdam_Zuid",105,105,105,105,105,105,0,0
"777","Amsterdam_Center",150,150,150,150,150,150,0,0
"778","Amsterdam_Oost",90,90,90,90,90,90,0,0
"779","Amsterdam_Zuid",115,115,115,115,115,115,0,0
"780","Amsterdam_Oost",150,150,150,150,150,150,0,0
"781","Amsterdam_West",450,450,450,450,450,450,0,0
"782","Amsterdam_West",40,40,40,40,40,40,0,0
"783","Amsterdam_Nieuw_west",130,130,130,130,93,93,-37,37
"784","Amsterdam_West",225,225,225,225,225,225,0,0
"785","Amsterdam_West",60,60,60,60,60,60,0,0
"786","Amsterdam_Oost",75,75,75,75,75,75,0,0
"787","Amsterdam_Noord",200,200,200,200,200,200,0,0
"788","Amsterdam_Oost",115,115,115,115,115,115,0,0
"789","Amsterdam_West",110,110,110,110,110,110,0,0
"790","Amsterdam_Noord",44,44,44,44,44,44,0,0
"791","Amsterdam_Oost",61,61,61,61,61,61,0,0
"792","Amsterdam_West",150,120,120,120,120,120,-30,30
"793","Amsterdam_Center",100,100,100,100,100,100,0,0
"794","Amsterdam_Zuid",145,145,145,145,145,145,0,0
"795","Amsterdam_Center",126,126,126,126,126,126,0,0
"796","Amsterdam_Zuid",300,300,300,300,300,300,0,0
"797","Amsterdam_West",160,160,160,160,160,160,0,0
"798","Amsterdam_Zuid",146,98,146,146,146,146,0,0
"799","Amsterdam_Nieuw_west",78,75,75,74,84,69,-9,9
"800","Amsterdam_West",99,99,99,99,99,99,0,0
"801","Amsterdam_West",75,75,75,75,75,75,0,0
"802","Amsterdam_West",117,117,117,117,117,117,0,0
"803","Amsterdam_Oost",136,136,136,136,136,136,0,0
"804","Amsterdam_Zuid",120,120,120,120,120,120,0,0
"805","Amsterdam_West",188,188,188,188,188,188,0,0
"806","Amsterdam_Center",125,100,100,100,130,130,5,5
"807","Amsterdam_Center",99,99,99,99,99,99,0,0
"808","Amsterdam_Oost",175,175,175,175,175,175,0,0
"809","Amsterdam_Zuid",180,400,400,400,400,400,220,220
"810","Amsterdam_West",112,112,112,112,112,112,0,0
"811","Amsterdam_Nieuw_west",126,150,150,150,184,145,19,19
"812","Amsterdam_Center",105,105,105,105,105,105,0,0
"813","Amsterdam_Center",105,105,105,105,105,105,0,0
"814","Amsterdam_West",125,125,125,125,125,125,0,0
"815","Amsterdam_Oost",60,60,60,49,40,45,-15,15
"816","Amsterdam_Oost",95,95,95,95,95,95,0,0
"817","Amsterdam_Center",220,220,220,220,220,220,0,0
"818","Amsterdam_Nieuw_west",169,169,169,169,169,169,0,0
"819","Amsterdam_West",175,175,175,175,175,175,0,0
"820","Amsterdam_West",128,128,128,128,128,128,0,0
"821","Amsterdam_Center",150,150,150,150,150,150,0,0
"822","Amsterdam_Center",115,115,283,283,250,250,135,135
"823","Amsterdam_Zuid",150,150,150,150,150,150,0,0
"824","Amsterdam_Zuid",95,95,95,95,95,95,0,0
"825","Amsterdam_West",200,200,200,200,200,200,0,0
"826","Amsterdam_Zuid",200,200,200,200,221,232,32,32
"827","Amsterdam_Oost",300,300,300,300,300,300,0,0
"828","Amsterdam_Noord",130,130,130,130,130,130,0,0
"829","Amsterdam_Zuid",230,230,230,230,230,230,0,0
"830","Amsterdam_Zuid",150,150,150,150,150,150,0,0
"831","Amsterdam_Center",70,70,70,70,70,70,0,0
"832","Amsterdam_West",160,160,160,160,160,160,0,0
"833","Amsterdam_Center",175,175,175,175,175,175,0,0
"834","Amsterdam_Oost",336,336,336,336,186,269,-67,67
"835","Amsterdam_West",149,149,149,149,149,149,0,0
"836","Amsterdam_Nieuw_west",250,250,250,250,250,250,0,0
"837","Amsterdam_West",59,59,59,59,59,59,0,0
"838","Amsterdam_West",119,119,119,119,119,119,0,0
"839","Amsterdam_Zuid",79,79,79,79,79,79,0,0
"840","Amsterdam_West",150,150,150,150,150,150,0,0
"841","Amsterdam_West",130,130,130,130,130,130,0,0
"842","Amsterdam_Center",93,101,103,100,103,101,8,8
"843","Amsterdam_Zuid",225,225,225,225,225,225,0,0
"844","Amsterdam_Oost",280,275,275,275,275,275,-5,5
"845","Amsterdam_Center",126,126,126,126,126,126,0,0
"846","Amsterdam_Oost",193,193,193,174,174,174,-19,19
"847","Amsterdam_Noord",350,350,350,350,350,350,0,0
"848","Amsterdam_West",99,99,99,99,99,99,0,0
"849","Amsterdam_West",130,130,130,130,130,130,0,0
"850","Amsterdam_Center",129,129,129,129,129,129,0,0
"851","Amsterdam_Oost",80,80,80,80,80,80,0,0
"852","Amsterdam_West",75,75,75,75,75,75,0,0
"853","Amsterdam_Zuid",115,115,115,115,115,115,0,0
"854","Amsterdam_West",49,49,49,49,49,49,0,0
"855","Amsterdam_Zuid",220,220,220,220,220,220,0,0
"856","Amsterdam_Zuid",106,100,100,100,100,100,-6,6
"857","Amsterdam_Zuid",160,160,120,160,160,195,35,35
"858","Amsterdam_Zuid",110,110,110,110,110,110,0,0
"859","Amsterdam_Zuid",100,100,100,100,100,100,0,0
"860","Amsterdam_West",87,87,87,87,87,87,0,0
"861","Amsterdam_West",70,70,70,70,70,70,0,0
"862","Amsterdam_Oost",250,250,250,250,250,250,0,0
"863","Amsterdam_West",120,120,120,120,120,120,0,0
"864","Amsterdam_West",87,87,87,87,87,87,0,0
"865","Amsterdam_Zuid",135,135,135,135,135,135,0,0
"866","Amsterdam_Center",99,99,99,99,99,119,20,20
"867","Amsterdam_Zuid",390,390,390,390,390,390,0,0
"868","Amsterdam_Center",99,99,99,99,99,99,0,0
"869","Amsterdam_Center",71,70,84,109,109,109,38,38
"870","Amsterdam_Oost",85,85,85,85,85,85,0,0
"871","Amsterdam_Noord",636,636,636,557,557,557,-79,79
"872","Amsterdam_Noord",520,520,520,520,520,520,0,0
"873","Amsterdam_Nieuw_west",160,160,160,160,160,160,0,0
"874","Amsterdam_West",70,70,70,70,70,70,0,0
"875","Amsterdam_Oost",75,75,75,75,75,75,0,0
"876","Amsterdam_Center",150,150,150,150,150,150,0,0
"877","Amsterdam_Zuid",76,75,75,85,85,85,9,9
"878","Amsterdam_Zuid",170,170,170,170,170,170,0,0
"879","Amsterdam_Oost",89,89,89,89,89,89,0,0
"880","Amsterdam_Zuid",150,150,150,150,150,150,0,0
"881","Amsterdam_Zuid",200,200,200,200,200,200,0,0
"882","Amsterdam_West",175,175,175,175,175,175,0,0
"883","Amsterdam_West",250,250,250,250,250,250,0,0
"884","Amsterdam_Noord",195,195,195,195,195,195,0,0
"885","Amsterdam_West",185,185,185,185,185,185,0,0
"886","Amsterdam_Zuid",91,107,95,79,83,98,7,7
"887","Amsterdam_Oost",120,120,120,120,120,120,0,0
"888","Amsterdam_Nieuw_west",115,115,115,115,115,115,0,0
"889","Amsterdam_Zuid",115,115,115,115,115,115,0,0
"890","Amsterdam_Oost",99,99,99,99,99,99,0,0
"891","Amsterdam_West",121,121,121,121,121,121,0,0
"892","Amsterdam_Zuid",110,110,110,110,110,110,0,0
"893","Amsterdam_Zuid",65,65,65,65,65,65,0,0
"894","Amsterdam_Zuid",85,85,85,85,85,85,0,0
"895","Amsterdam_Center",200,200,200,200,200,200,0,0
"896","Amsterdam_Noord",150,150,150,150,150,150,0,0
"897","Amsterdam_Zuid",200,200,200,200,100,100,-100,100
"898","Amsterdam_Zuid",116,116,116,116,116,116,0,0
"899","Amsterdam_West",268,268,268,268,268,268,0,0
"900","Amsterdam_Nieuw_west",50,50,50,49,39,50,0,0
"901","Amsterdam_West",220,220,220,220,220,280,60,60
"902","Amsterdam_Noord",550,550,550,443,443,443,-107,107
"903","Amsterdam_West",143,143,143,143,143,143,0,0
"904","Amsterdam_West",325,325,325,325,325,325,0,0
"905","Amsterdam_West",100,100,100,100,100,100,0,0
"906","Amsterdam_Oost",60,60,60,90,67,67,7,7
"907","Amsterdam_Zuid",93,93,93,93,93,93,0,0
"908","Amsterdam_Zuid",314,314,314,314,314,314,0,0
"909","Amsterdam_Noord",160,160,160,160,160,160,0,0
"910","Amsterdam_Zuid",120,120,120,120,120,120,0,0
"911","Amsterdam_Zuid",466,466,466,466,466,466,0,0
"912","Amsterdam_Noord",90,90,90,90,90,89,-1,1
"913","Amsterdam_West",115,115,115,115,115,115,0,0
"914","Amsterdam_West",190,190,190,190,190,190,0,0
"915","Amsterdam_Center",189,189,189,189,189,189,0,0
"916","Amsterdam_Nieuw_west",177,177,177,177,177,177,0,0
"917","Amsterdam_Zuid",2000,2000,2000,2000,2000,2000,0,0
"918","Amsterdam_Zuid",800,800,800,800,800,800,0,0
"919","Amsterdam_Center",100,100,100,100,100,100,0,0
"920","Amsterdam_West",150,150,150,150,150,150,0,0
"921","Amsterdam_Center",175,175,175,175,175,175,0,0
"922","Amsterdam_Zuid",160,160,160,160,160,160,0,0
"923","Amsterdam_Zuid",220,220,220,220,220,220,0,0
"924","Amsterdam_West",150,150,150,150,150,150,0,0
"925","Amsterdam_Zuid",140,140,140,140,140,140,0,0
"926","Amsterdam_West",150,150,150,150,150,150,0,0
"927","Amsterdam_West",109,109,109,109,109,109,0,0
"928","Amsterdam_West",85,85,85,85,85,85,0,0
"929","Amsterdam_West",175,175,175,175,175,175,0,0
"930","Amsterdam_Zuid",175,175,175,175,175,175,0,0
"931","Amsterdam_West",109,109,109,109,109,109,0,0
"932","Amsterdam_West",150,150,150,150,150,150,0,0
"933","Amsterdam_West",125,125,125,125,125,125,0,0
"934","Amsterdam_Oost",295,295,295,295,295,295,0,0
"935","Amsterdam_Zuid",48,52,48,61,68,70,22,22
"936","Amsterdam_Oost",108,108,108,108,108,108,0,0
"937","Amsterdam_West",185,185,185,185,185,185,0,0
"938","Amsterdam_Oost",145,145,145,145,175,145,0,0
"939","Amsterdam_West",300,300,300,300,300,300,0,0
"940","Amsterdam_West",600,600,600,600,600,600,0,0
"941","Amsterdam_Oost",99,99,99,99,99,99,0,0
"942","Amsterdam_Noord",130,130,130,130,130,130,0,0
"943","Amsterdam_Zuid",179,179,179,179,179,179,0,0
"944","Amsterdam_West",120,120,120,120,120,120,0,0
"945","Amsterdam_Zuid",180,180,180,180,180,180,0,0
"946","Amsterdam_Oost",160,160,160,160,160,160,0,0
"947","Amsterdam_Zuid",110,110,110,110,110,110,0,0
"948","Amsterdam_Zuid",150,150,150,150,150,150,0,0
"949","Amsterdam_Zuid",329,329,329,329,329,329,0,0
"950","Amsterdam_Center",115,115,115,115,115,115,0,0
"951","Amsterdam_Oost",70,70,70,70,70,70,0,0
"952","Amsterdam_Zuid",175,175,175,175,175,175,0,0
"953","Amsterdam_Center",230,230,230,230,230,230,0,0
"954","Amsterdam_Zuid",150,150,150,150,150,150,0,0
"955","Amsterdam_Center",238,238,238,238,238,238,0,0
"956","Amsterdam_Oost",500,500,500,500,500,500,0,0
"957","Amsterdam_Zuid",500,500,500,500,500,125,-375,375
"958","Amsterdam_Zuid",112,112,112,112,112,112,0,0
"959","Amsterdam_West",175,175,175,175,175,175,0,0
"960","Amsterdam_Nieuw_west",97,97,97,97,97,97,0,0
"961","Amsterdam_West",120,120,120,120,120,120,0,0
"962","Amsterdam_Oost",80,80,80,80,80,80,0,0
"963","Amsterdam_Oost",85,85,85,85,85,85,0,0
"964","Amsterdam_Center",366,522,522,522,522,522,156,156
"965","Amsterdam_West",210,210,210,210,210,210,0,0
"966","Amsterdam_Noord",150,150,150,150,150,150,0,0
"967","Amsterdam_West",75,75,75,75,75,75,0,0
"968","Amsterdam_Center",250,350,250,250,250,250,0,0
"969","Amsterdam_Zuid",250,250,250,250,250,250,0,0
"970","Amsterdam_Noord",99,99,99,99,99,99,0,0
"971","Amsterdam_West",95,95,95,95,95,95,0,0
"972","Amsterdam_Center",300,300,300,300,300,300,0,0
"973","Amsterdam_West",130,130,130,130,130,130,0,0
"974","Amsterdam_Oost",80,80,80,80,80,80,0,0
"975","Amsterdam_Zuid",120,120,120,120,120,120,0,0
"976","Amsterdam_West",115,115,115,115,115,115,0,0
"977","Amsterdam_Oost",282,282,282,282,282,282,0,0
"978","Amsterdam_West",250,250,250,250,250,250,0,0
"979","Amsterdam_Center",500,500,500,500,500,500,0,0
"980","Amsterdam_Center",150,150,150,150,150,150,0,0
"981","Amsterdam_Nieuw_west",130,130,130,130,130,130,0,0
"982","Amsterdam_West",139,139,139,139,139,139,0,0
"983","Amsterdam_West",115,115,115,115,115,115,0,0
"984","Amsterdam_Center",109,109,109,109,109,109,0,0
"985","Amsterdam_West",99,99,99,99,99,99,0,0
"986","Amsterdam_Noord",109,109,109,109,109,109,0,0
"987","Amsterdam_Oost",139,139,139,139,139,139,0,0
"988","Amsterdam_Center",99,99,99,99,99,99,0,0
"989","Amsterdam_Center",89,89,89,89,159,89,0,0
"990","Amsterdam_Zuid",228,214,214,214,214,214,-14,14
"991","Amsterdam_Center",85,75,79,82,99,99,14,14
"992","Amsterdam_Oost",100,100,100,100,100,100,0,0
"993","Amsterdam_Noord",110,110,110,110,110,110,0,0
"994","Amsterdam_West",389,389,389,389,389,389,0,0
"995","Amsterdam_West",130,130,130,130,130,130,0,0
"996","Amsterdam_Oost",114,114,114,114,114,114,0,0
"997","Amsterdam_Noord",95,95,95,95,95,95,0,0
"998","Amsterdam_Oost",90,90,90,90,90,90,0,0
"999","Amsterdam_West",156,139,139,139,152,139,-17,17
"1000","Amsterdam_West",180,180,180,180,180,180,0,0
"1001","Amsterdam_Center",157,157,157,157,157,157,0,0
"1002","Amsterdam_Center",90,107,109,96,103,111,21,21
"1003","Amsterdam_West",120,120,120,120,120,120,0,0
"1004","Amsterdam_Center",185,185,185,185,185,185,0,0
"1005","Amsterdam_Oost",200,200,200,200,200,200,0,0
"1006","Amsterdam_Center",50,70,80,80,80,80,30,30
"1007","Amsterdam_Center",99,99,99,99,119,89,-10,10
"1008","Amsterdam_Noord",125,125,125,125,125,125,0,0
"1009","Amsterdam_West",300,300,300,300,300,300,0,0
"1010","Amsterdam_West",129,129,129,129,129,129,0,0
"1011","Amsterdam_West",95,95,95,95,95,95,0,0
"1012","Amsterdam_Zuid",93,93,93,82,82,93,0,0
"1013","Amsterdam_Oost",73,73,73,73,73,73,0,0
"1014","Amsterdam_Zuid",120,120,120,120,120,120,0,0
"1015","Amsterdam_Zuid",79,79,79,79,79,79,0,0
"1016","Amsterdam_Zuid",109,109,109,109,109,109,0,0
"1017","Amsterdam_Oost",67,69,91,67,61,66,-1,1
"1018","Amsterdam_Zuid",195,195,195,195,195,195,0,0
"1019","Amsterdam_Zuid",188,188,188,188,188,188,0,0
"1020","Amsterdam_West",249,249,249,249,249,249,0,0
"1021","Amsterdam_West",60,55,55,55,55,60,0,0
"1022","Amsterdam_Noord",75,75,75,75,75,90,15,15
"1023","Amsterdam_West",140,140,140,140,140,140,0,0
"1024","Amsterdam_Center",143,143,143,143,143,143,0,0
"1025","Amsterdam_Zuid",120,120,120,120,120,120,0,0
"1026","Amsterdam_West",104,104,104,104,104,104,0,0
"1027","Amsterdam_Oost",400,400,400,400,400,400,0,0
"1028","Amsterdam_West",82,82,82,82,82,82,0,0
"1029","Amsterdam_Noord",120,120,120,120,120,120,0,0
"1030","Amsterdam_Nieuw_west",100,100,100,100,100,80,-20,20
"1031","Amsterdam_Zuid",95,95,95,95,95,95,0,0
"1032","Amsterdam_Center",350,350,350,350,350,350,0,0
"1033","Amsterdam_Noord",110,110,110,110,110,110,0,0
"1034","Amsterdam_West",99,99,99,99,99,99,0,0
"1035","Amsterdam_Zuid",213,213,213,213,213,213,0,0
"1036","Amsterdam_West",119,119,119,119,119,119,0,0
"1037","Amsterdam_Zuid",290,290,290,290,290,234,-56,56
"1038","Amsterdam_West",68,68,68,68,68,68,0,0
"1039","Amsterdam_Zuid",201,175,175,175,175,175,-26,26
"1040","Amsterdam_Center",230,230,230,230,230,230,0,0
"1041","Amsterdam_West",130,130,130,130,130,130,0,0
"1042","Amsterdam_Zuid",110,110,110,110,110,110,0,0
"1043","Amsterdam_Center",78,76,76,76,63,63,-15,15
"1044","Amsterdam_Oost",65,65,65,65,65,65,0,0
"1045","Amsterdam_Center",193,193,193,193,193,193,0,0
"1046","Amsterdam_Oost",69,69,69,69,69,69,0,0
"1047","Amsterdam_Center",136,136,136,136,136,136,0,0
"1048","Amsterdam_Zuidoost",75,85,75,75,85,85,10,10
"1049","Amsterdam_Oost",200,200,200,200,200,235,35,35
"1050","Amsterdam_Zuidoost",75,98,78,75,75,85,10,10
"1051","Amsterdam_Center",200,200,100,200,200,200,0,0
"1052","Amsterdam_Zuidoost",85,98,75,75,75,75,-10,10
"1053","Amsterdam_Zuidoost",85,98,75,75,75,75,-10,10
"1054","Amsterdam_West",125,86,125,125,96,125,0,0
"1055","Amsterdam_Zuid",136,136,136,136,136,136,0,0
"1056","Amsterdam_Zuid",145,145,145,145,145,119,-26,26
"1057","Amsterdam_Center",405,405,405,405,405,405,0,0
"1058","Amsterdam_Zuid",75,75,75,75,75,75,0,0
"1059","Amsterdam_Noord",199,199,199,199,199,199,0,0
"1060","Amsterdam_Noord",145,145,145,145,145,145,0,0
"1061","Amsterdam_West",153,150,150,146,160,150,-3,3
"1062","Amsterdam_Nieuw_west",98,95,95,95,95,95,-3,3
"1063","Amsterdam_Center",120,120,120,120,120,120,0,0
"1064","Amsterdam_Zuid",65,65,65,65,65,65,0,0
"1065","Amsterdam_West",155,155,155,155,155,155,0,0
"1066","Amsterdam_Oost",120,120,120,120,120,120,0,0
"1067","Amsterdam_West",275,275,275,275,275,275,0,0
"1068","Amsterdam_Oost",100,100,100,100,100,100,0,0
"1069","Amsterdam_Zuid",215,215,215,215,215,215,0,0
"1070","Amsterdam_Noord",195,240,240,360,360,361,166,166
"1071","Amsterdam_Center",125,125,125,125,125,125,0,0
"1072","Amsterdam_West",259,259,259,259,259,259,0,0
"1073","Amsterdam_Oost",115,115,115,115,115,115,0,0
"1074","Amsterdam_Center",100,100,100,100,100,100,0,0
"1075","Amsterdam_Zuid",170,170,170,170,170,170,0,0
"1076","Amsterdam_Noord",109,109,109,109,109,109,0,0
"1077","Amsterdam_Zuid",105,105,105,105,105,105,0,0
"1078","Amsterdam_Oost",189,189,189,189,189,189,0,0
"1079","Amsterdam_Noord",160,160,160,160,160,160,0,0
"1080","Amsterdam_Oost",199,199,199,199,199,199,0,0
"1081","Amsterdam_Zuid",225,225,225,225,517,570,345,345
"1082","Amsterdam_Center",214,214,214,214,214,214,0,0
"1083","Amsterdam_West",450,450,450,450,450,450,0,0
"1084","Amsterdam_West",270,270,270,270,270,270,0,0
"1085","Amsterdam_West",85,85,85,85,85,85,0,0
"1086","Amsterdam_Zuid",54,54,54,54,54,54,0,0
"1087","Amsterdam_Nieuw_west",119,119,119,119,119,119,0,0
"1088","Amsterdam_Nieuw_west",35,34,34,25,34,34,-1,1
"1089","Amsterdam_Center",83,87,99,77,68,72,-11,11
"1090","Amsterdam_Nieuw_west",28,25,27,25,35,35,7,7
"1091","Amsterdam_Center",120,120,120,120,120,120,0,0
"1092","Amsterdam_Zuid",200,200,200,200,175,175,-25,25
"1093","Amsterdam_West",120,120,120,120,120,120,0,0
"1094","Amsterdam_Center",135,159,150,150,150,165,30,30
"1095","Amsterdam_Center",99,99,99,99,99,99,0,0
"1096","Amsterdam_Oost",150,150,150,150,150,150,0,0
"1097","Amsterdam_West",215,215,215,215,215,215,0,0
"1098","Amsterdam_West",110,110,110,110,110,110,0,0
"1099","Amsterdam_Oost",180,180,180,180,135,135,-45,45
"1100","Amsterdam_Oost",185,185,185,185,185,185,0,0
"1101","Amsterdam_West",250,250,250,250,200,200,-50,50
"1102","Amsterdam_Center",149,149,149,149,149,149,0,0
"1103","Amsterdam_Oost",196,196,196,196,196,196,0,0
"1104","Amsterdam_West",219,219,219,219,219,219,0,0
"1105","Amsterdam_Noord",140,140,140,140,140,140,0,0
"1106","Amsterdam_West",159,159,159,159,159,159,0,0
"1107","Amsterdam_Center",88,84,85,84,84,85,-3,3
"1108","Amsterdam_West",110,110,110,110,110,110,0,0
"1109","Amsterdam_Noord",190,190,190,190,190,190,0,0
"1110","Amsterdam_Zuid",115,115,115,115,115,115,0,0
"1111","Amsterdam_Center",209,209,209,209,209,209,0,0
"1112","Amsterdam_Zuid",125,125,125,125,125,125,0,0
"1113","Amsterdam_West",50,50,50,54,54,54,4,4
"1114","Amsterdam_Zuid",230,230,230,230,230,230,0,0
"1115","Amsterdam_Zuid",189,189,189,189,189,189,0,0
"1116","Amsterdam_Center",40,40,40,40,40,40,0,0
"1117","Amsterdam_Center",240,240,240,240,240,240,0,0
"1118","Amsterdam_West",99,99,99,99,99,99,0,0
"1119","Amsterdam_Center",286,286,286,286,286,286,0,0
"1120","Amsterdam_Center",150,150,150,150,150,150,0,0
"1121","Amsterdam_Center",210,210,210,210,210,210,0,0
"1122","Amsterdam_Zuid",150,150,150,150,200,200,50,50
"1123","Amsterdam_Oost",74,99,54,54,71,71,-3,3
"1124","Amsterdam_Zuid",111,111,111,111,111,111,0,0
"1125","Amsterdam_Noord",87,87,87,87,87,87,0,0
"1126","Amsterdam_West",139,139,139,139,139,139,0,0
"1127","Amsterdam_Center",140,140,140,140,140,140,0,0
"1128","Amsterdam_Center",500,500,500,500,500,500,0,0
"1129","Amsterdam_Center",74,74,74,74,74,74,0,0
"1130","Amsterdam_West",200,200,200,200,200,200,0,0
"1131","Amsterdam_West",51,50,50,52,51,55,4,4
"1132","Amsterdam_Center",108,108,108,108,108,108,0,0
"1133","Amsterdam_West",55,54,54,56,55,59,4,4
"1134","Amsterdam_West",70,70,70,70,70,70,0,0
"1135","Amsterdam_Oost",125,125,125,125,125,125,0,0
"1136","Amsterdam_Center",180,180,180,180,180,180,0,0
"1137","Amsterdam_Oost",85,85,85,85,85,85,0,0
"1138","Amsterdam_Nieuw_west",120,120,120,120,120,120,0,0
"1139","Amsterdam_West",125,125,125,125,125,125,0,0
"1140","Amsterdam_Oost",120,120,120,120,120,120,0,0
"1141","Amsterdam_Oost",155,155,155,155,155,155,0,0
"1142","Amsterdam_Noord",218,173,150,150,150,150,-68,68
"1143","Amsterdam_Center",260,260,260,260,260,275,15,15
"1144","Amsterdam_Center",200,200,200,200,200,200,0,0
"1145","Amsterdam_Noord",190,190,190,190,190,190,0,0
"1146","Amsterdam_Zuid",200,200,200,200,200,200,0,0
"1147","Amsterdam_Zuid",139,139,139,139,139,139,0,0
"1148","Amsterdam_West",200,200,200,200,200,200,0,0
"1149","Amsterdam_Oost",160,160,160,160,160,160,0,0
"1150","Amsterdam_Oost",85,85,85,85,85,85,0,0
"1151","Amsterdam_Zuid",220,220,220,220,220,220,0,0
"1152","Amsterdam_Zuid",60,60,60,60,60,60,0,0
"1153","Amsterdam_Zuid",130,130,130,130,130,130,0,0
"1154","Amsterdam_West",110,110,110,110,110,110,0,0
"1155","Amsterdam_Zuid",150,150,150,150,150,150,0,0
"1156","Amsterdam_Zuid",70,70,70,70,70,70,0,0
"1157","Amsterdam_West",80,80,80,80,80,80,0,0
"1158","Amsterdam_West",124,124,124,124,124,124,0,0
"1159","Amsterdam_Zuidoost",270,270,270,270,270,270,0,0
"1160","Amsterdam_Zuid",159,159,159,159,159,159,0,0
"1161","Amsterdam_West",150,150,150,150,150,150,0,0
"1162","Amsterdam_West",95,95,95,95,95,95,0,0
"1163","Amsterdam_Zuidoost",65,65,65,65,65,65,0,0
"1164","Amsterdam_West",290,290,290,290,290,290,0,0
"1165","Amsterdam_Zuid",95,95,95,95,95,95,0,0
"1166","Amsterdam_Center",190,190,190,190,190,190,0,0
"1167","Amsterdam_Zuid",80,80,80,80,80,80,0,0
"1168","Amsterdam_West",99,99,99,99,99,99,0,0
"1169","Amsterdam_Zuid",158,158,158,158,158,158,0,0
"1170","Amsterdam_Zuid",106,106,106,106,106,101,-5,5
"1171","Amsterdam_Center",250,250,250,250,250,250,0,0
"1172","Amsterdam_West",230,230,230,230,230,230,0,0
"1173","Amsterdam_West",109,109,109,109,109,109,0,0
"1174","Amsterdam_Center",205,205,205,205,205,205,0,0
"1175","Amsterdam_Oost",119,119,119,119,119,119,0,0
"1176","Amsterdam_West",45,45,45,45,45,45,0,0
"1177","Amsterdam_Oost",160,160,160,160,160,160,0,0
"1178","Amsterdam_Oost",125,125,125,125,125,125,0,0
"1179","Amsterdam_Zuid",140,140,140,140,140,140,0,0
"1180","Amsterdam_Oost",104,104,104,104,104,104,0,0
"1181","Amsterdam_Center",239,239,239,239,239,239,0,0
"1182","Amsterdam_Oost",176,176,176,176,176,176,0,0
"1183","Amsterdam_Zuid",115,115,115,115,115,115,0,0
"1184","Amsterdam_West",72,68,72,73,74,81,9,9
"1185","Amsterdam_West",53,52,52,54,53,57,4,4
"1186","Amsterdam_West",51,50,50,52,51,55,4,4
"1187","Amsterdam_West",63,60,63,65,65,72,9,9
"1188","Amsterdam_West",55,54,54,56,55,59,4,4
"1189","Amsterdam_Oost",99,99,99,99,99,99,0,0
"1190","Amsterdam_Center",504,504,504,504,504,504,0,0
"1191","Amsterdam_West",119,119,119,119,119,119,0,0
"1192","Amsterdam_Zuid",85,81,85,85,85,85,0,0
"1193","Amsterdam_West",99,99,99,99,99,99,0,0
"1194","Amsterdam_Zuid",75,75,75,75,75,75,0,0
"1195","Amsterdam_Oost",180,180,180,180,180,180,0,0
"1196","Amsterdam_Zuid",195,195,195,195,195,195,0,0
"1197","Amsterdam_Zuid",120,120,120,120,120,120,0,0
"1198","Amsterdam_Zuid",135,135,135,135,135,135,0,0
"1199","Amsterdam_Zuid",130,130,130,130,130,130,0,0
"1200","Amsterdam_Oost",175,175,175,175,175,175,0,0
"1201","Amsterdam_Zuid",135,135,135,135,135,135,0,0
"1202","Amsterdam_West",140,140,140,140,140,140,0,0
"1203","Amsterdam_Center",195,195,195,195,195,195,0,0
"1204","Amsterdam_Oost",125,125,125,125,125,125,0,0
"1205","Amsterdam_West",115,115,115,115,115,115,0,0
"1206","Amsterdam_West",80,80,80,80,80,80,0,0
"1207","Amsterdam_Noord",85,85,89,89,89,89,4,4
"1208","Amsterdam_Oost",125,125,125,125,125,146,21,21
"1209","Amsterdam_West",234,187,179,245,308,372,138,138
"1210","Amsterdam_West",100,100,100,100,100,100,0,0
"1211","Amsterdam_Zuid",200,200,200,250,250,250,50,50
"1212","Amsterdam_Zuid",185,185,185,185,185,185,0,0
"1213","Amsterdam_West",100,100,100,100,100,100,0,0
"1214","Amsterdam_Noord",175,175,175,175,175,175,0,0
"1215","Amsterdam_Oost",99,99,99,99,99,99,0,0
"1216","Amsterdam_West",175,175,175,175,175,175,0,0
"1217","Amsterdam_West",80,80,80,80,80,82,2,2
"1218","Amsterdam_Zuid",109,109,109,109,109,109,0,0
"1219","Amsterdam_Noord",150,150,150,150,150,150,0,0
"1220","Amsterdam_West",132,132,132,132,132,132,0,0
"1221","Amsterdam_Zuid",150,150,150,150,150,150,0,0
"1222","Amsterdam_Oost",159,159,159,159,159,159,0,0
"1223","Amsterdam_Oost",146,146,146,146,146,146,0,0
"1224","Amsterdam_West",115,115,115,115,115,115,0,0
"1225","Amsterdam_West",100,100,100,100,100,100,0,0
"1226","Amsterdam_Center",140,140,140,140,140,140,0,0
"1227","Amsterdam_Zuid",164,164,99,100,120,164,0,0
"1228","Amsterdam_Oost",120,120,120,140,140,120,0,0
"1229","Amsterdam_Center",99,99,99,99,146,146,47,47
"1230","Amsterdam_Center",170,170,170,170,170,170,0,0
"1231","Amsterdam_Oost",224,224,224,224,224,224,0,0
"1232","Amsterdam_Zuid",50,50,50,50,50,50,0,0
"1233","Amsterdam_Center",90,110,110,110,110,110,20,20
"1234","Amsterdam_Oost",135,135,135,135,135,135,0,0
"1235","Amsterdam_Zuid",120,120,120,120,120,120,0,0
"1236","Amsterdam_Center",91,150,150,175,175,175,84,84
"1237","Amsterdam_Oost",136,136,136,136,136,136,0,0
"1238","Amsterdam_Center",115,85,85,85,85,85,-30,30
"1239","Amsterdam_Noord",85,85,85,85,85,85,0,0
"1240","Amsterdam_West",53,52,52,54,53,57,4,4
"1241","Amsterdam_Nieuw_west",125,125,125,125,125,125,0,0
"1242","Amsterdam_Oost",106,106,106,106,106,106,0,0
"1243","Amsterdam_West",200,200,200,200,200,200,0,0
"1244","Amsterdam_West",200,200,200,200,200,200,0,0
"1245","Amsterdam_Zuid",150,150,150,150,150,150,0,0
"1246","Amsterdam_Center",180,180,180,180,180,180,0,0
"1247","Amsterdam_Zuid",150,150,150,150,150,150,0,0
"1248","Amsterdam_Nieuw_west",150,150,150,150,150,150,0,0
"1249","Amsterdam_Oost",129,129,129,129,129,129,0,0
"1250","Amsterdam_Center",95,95,95,95,95,100,5,5
"1251","Amsterdam_Center",120,120,120,120,120,120,0,0
"1252","Amsterdam_Zuid",280,280,280,280,280,280,0,0
"1253","Amsterdam_Noord",87,87,87,87,87,87,0,0
"1254","Amsterdam_Zuid",125,125,125,125,125,125,0,0
"1255","Amsterdam_Zuid",125,125,125,125,120,120,-5,5
"1256","Amsterdam_Center",132,132,132,132,132,132,0,0
"1257","Amsterdam_Zuid",275,275,275,275,275,275,0,0
"1258","Amsterdam_Oost",225,225,225,225,225,225,0,0
"1259","Amsterdam_West",175,175,175,175,175,175,0,0
"1260","Amsterdam_West",85,85,85,85,85,85,0,0
"1261","Amsterdam_Zuid",106,106,106,106,106,106,0,0
"1262","Amsterdam_West",136,136,136,136,136,136,0,0
"1263","Amsterdam_Oost",64,64,64,64,64,64,0,0
"1264","Amsterdam_Zuid",100,106,106,106,106,106,6,6
"1265","Amsterdam_Oost",140,140,140,140,140,140,0,0
"1266","Amsterdam_Zuid",250,250,250,250,250,250,0,0
"1267","Amsterdam_Center",318,325,325,325,325,325,7,7
"1268","Amsterdam_West",175,175,175,175,175,175,0,0
"1269","Amsterdam_Center",149,149,149,149,149,149,0,0
"1270","Amsterdam_Noord",116,116,116,116,116,116,0,0
"1271","Amsterdam_Oost",189,189,189,189,189,189,0,0
"1272","Amsterdam_West",162,162,162,162,162,162,0,0
"1273","Amsterdam_West",250,250,250,250,250,250,0,0
"1274","Amsterdam_Zuid",130,130,130,130,130,130,0,0
"1275","Amsterdam_West",120,120,120,120,120,120,0,0
"1276","Amsterdam_Oost",110,110,110,110,110,110,0,0
"1277","Amsterdam_Zuid",180,180,180,180,180,180,0,0
"1278","Amsterdam_Zuid",150,150,150,150,150,150,0,0
"1279","Amsterdam_Zuidoost",90,90,90,90,90,90,0,0
"1280","Amsterdam_Zuid",110,110,110,110,110,110,0,0
"1281","Amsterdam_Nieuw_west",127,127,127,127,127,239,112,112
"1282","Amsterdam_Zuid",90,90,90,90,90,90,0,0
"1283","Amsterdam_Zuid",464,464,464,464,464,464,0,0
"1284","Amsterdam_Center",100,100,100,100,100,100,0,0
"1285","Amsterdam_Zuid",120,120,120,120,120,120,0,0
"1286","Amsterdam_Zuid",109,109,109,109,109,109,0,0
"1287","Amsterdam_West",130,130,130,130,130,130,0,0
"1288","Amsterdam_Zuid",104,104,104,104,104,104,0,0
"1289","Amsterdam_Zuid",569,569,569,569,569,569,0,0
"1290","Amsterdam_Nieuw_west",60,60,60,60,60,60,0,0
"1291","Amsterdam_Center",221,221,221,221,221,221,0,0
"1292","Amsterdam_West",80,80,80,80,80,80,0,0
"1293","Amsterdam_West",125,125,129,129,129,129,4,4
"1294","Amsterdam_Zuid",95,95,95,95,95,95,0,0
"1295","Amsterdam_Center",220,220,220,220,220,119,-101,101
"1296","Amsterdam_West",90,100,100,100,100,100,10,10
"1297","Amsterdam_Oost",158,158,158,158,158,158,0,0
"1298","Amsterdam_West",160,160,160,160,160,160,0,0
"1299","Amsterdam_Oost",80,80,80,80,80,80,0,0
"1300","Amsterdam_Zuid",90,90,90,90,90,90,0,0
"1301","Amsterdam_West",166,166,166,166,166,166,0,0
"1302","Amsterdam_West",120,120,120,120,120,120,0,0
"1303","Amsterdam_Nieuw_west",275,275,275,275,275,275,0,0
"1304","Amsterdam_West",130,130,130,130,130,130,0,0
"1305","Amsterdam_Noord",140,140,140,140,140,140,0,0
"1306","Amsterdam_Nieuw_west",200,200,200,200,200,200,0,0
"1307","Amsterdam_Oost",99,99,99,99,99,99,0,0
"1308","Amsterdam_Oost",80,80,80,80,80,80,0,0
"1309","Amsterdam_Zuid",138,109,109,109,174,174,36,36
"1310","Amsterdam_Center",125,125,125,125,125,125,0,0
"1311","Amsterdam_Center",200,200,200,200,200,200,0,0
"1312","Amsterdam_Zuid",85,85,85,85,85,85,0,0
"1313","Amsterdam_Zuid",345,345,345,345,345,345,0,0
"1314","Amsterdam_Zuid",220,220,220,220,220,220,0,0
"1315","Amsterdam_Noord",99,99,99,99,99,94,-5,5
"1316","Amsterdam_Zuid",70,70,70,70,70,70,0,0
"1317","Amsterdam_West",85,85,85,85,85,85,0,0
"1318","Amsterdam_Nieuw_west",65,65,65,65,65,65,0,0
"1319","Amsterdam_Oost",80,80,80,80,80,80,0,0
"1320","Amsterdam_Zuid",285,285,285,285,285,285,0,0
"1321","Amsterdam_Oost",175,175,175,175,175,175,0,0
"1322","Amsterdam_West",200,200,200,200,200,200,0,0
"1323","Amsterdam_West",250,250,250,250,250,250,0,0
"1324","Amsterdam_Oost",110,110,110,110,110,110,0,0
"1325","Amsterdam_West",133,133,133,133,133,133,0,0
"1326","Amsterdam_West",130,130,130,150,150,150,20,20
"1327","Amsterdam_West",145,145,145,145,145,145,0,0
"1328","Amsterdam_Center",100,100,100,100,100,100,0,0
"1329","Amsterdam_West",123,123,123,123,123,123,0,0
"1330","Amsterdam_Center",164,164,164,164,164,164,0,0
"1331","Amsterdam_Zuid",265,265,295,295,295,335,70,70
"1332","Amsterdam_Center",90,90,90,90,90,90,0,0
"1333","Amsterdam_Noord",125,125,125,125,125,125,0,0
"1334","Amsterdam_Nieuw_west",140,140,140,140,140,140,0,0
"1335","Amsterdam_Center",795,795,795,795,795,795,0,0
"1336","Amsterdam_West",250,250,250,250,250,250,0,0
"1337","Amsterdam_Zuid",200,200,200,200,200,200,0,0
"1338","Amsterdam_Zuid",99,99,99,99,99,99,0,0
"1339","Amsterdam_West",75,75,75,75,75,75,0,0
"1340","Amsterdam_Zuid",81,81,81,81,81,81,0,0
"1341","Amsterdam_Noord",31,40,42,37,38,39,8,8
"1342","Amsterdam_Center",100,100,100,100,100,100,0,0
"1343","Amsterdam_Zuid",125,125,125,125,125,125,0,0
"1344","Amsterdam_West",122,122,122,137,137,137,15,15
"1345","Amsterdam_West",97,97,97,97,97,97,0,0
"1346","Amsterdam_Zuid",110,110,110,110,110,110,0,0
"1347","Amsterdam_Center",210,210,210,210,210,210,0,0
"1348","Amsterdam_West",75,75,75,75,75,75,0,0
"1349","Amsterdam_Zuid",150,150,150,150,150,150,0,0
"1350","Amsterdam_Center",70,70,70,70,70,70,0,0
"1351","Amsterdam_West",150,150,150,150,150,150,0,0
"1352","Amsterdam_West",65,65,65,65,65,65,0,0
"1353","Amsterdam_Center",200,200,200,200,200,200,0,0
"1354","Amsterdam_Center",80,80,80,80,80,80,0,0
"1355","Amsterdam_Center",133,133,133,133,133,133,0,0
"1356","Amsterdam_Center",219,219,219,219,219,219,0,0
"1357","Amsterdam_Center",149,149,149,149,149,149,0,0
"1358","Amsterdam_West",323,323,323,323,323,323,0,0
"1359","Amsterdam_Zuid",69,69,69,69,69,69,0,0
"1360","Amsterdam_Zuid",175,175,175,175,175,175,0,0
"1361","Amsterdam_Oost",104,104,104,104,104,104,0,0
"1362","Amsterdam_Zuid",100,100,100,100,100,100,0,0
"1363","Amsterdam_West",110,110,110,110,110,110,0,0
"1364","Amsterdam_Center",90,90,90,90,90,90,0,0
"1365","Amsterdam_Noord",200,200,200,200,200,200,0,0
"1366","Amsterdam_West",143,150,150,150,150,150,7,7
"1367","Amsterdam_Zuid",93,93,93,93,93,86,-7,7
"1368","Amsterdam_Zuid",120,120,120,120,120,122,2,2
"1369","Amsterdam_Zuid",90,90,90,90,90,90,0,0
"1370","Amsterdam_Center",115,115,115,115,115,115,0,0
"1371","Amsterdam_Oost",95,95,95,95,95,95,0,0
"1372","Amsterdam_Center",236,236,236,236,236,236,0,0
"1373","Amsterdam_West",145,145,145,145,145,145,0,0
"1374","Amsterdam_Oost",160,160,160,160,160,160,0,0
"1375","Amsterdam_West",160,160,160,160,160,160,0,0
"1376","Amsterdam_West",95,95,95,95,95,95,0,0
"1377","Amsterdam_Center",105,105,105,105,105,105,0,0
"1378","Amsterdam_Center",130,130,130,130,130,130,0,0
"1379","Amsterdam_Noord",175,175,175,175,175,175,0,0
"1380","Amsterdam_Oost",105,105,105,105,105,105,0,0
"1381","Amsterdam_Zuid",99,99,99,99,99,99,0,0
"1382","Amsterdam_West",106,106,106,106,106,106,0,0
"1383","Amsterdam_Oost",117,117,117,117,117,117,0,0
"1384","Amsterdam_West",130,130,130,130,130,130,0,0
"1385","Amsterdam_Zuid",250,250,250,250,300,300,50,50
"1386","Amsterdam_Oost",150,150,150,150,150,150,0,0
"1387","Amsterdam_West",135,135,135,135,135,135,0,0
"1388","Amsterdam_West",95,95,95,95,95,95,0,0
"1389","Amsterdam_Center",84,84,84,84,84,84,0,0
"1390","Amsterdam_Oost",150,150,150,150,150,150,0,0
"1391","Amsterdam_Zuid",175,175,175,175,175,175,0,0
"1392","Amsterdam_West",120,120,120,120,120,120,0,0
"1393","Amsterdam_Noord",150,150,150,150,150,150,0,0
"1394","Amsterdam_Oost",150,150,150,150,150,150,0,0
"1395","Amsterdam_Center",145,145,145,145,145,145,0,0
"1396","Amsterdam_Zuid",90,90,90,90,90,90,0,0
"1397","Amsterdam_West",245,245,245,245,245,245,0,0
"1398","Amsterdam_Zuid",91,91,91,91,91,91,0,0
"1399","Amsterdam_Zuid",135,135,135,135,135,135,0,0
"1400","Amsterdam_West",115,115,115,115,115,115,0,0
"1401","Amsterdam_Oost",160,160,160,160,160,160,0,0
"1402","Amsterdam_Nieuw_west",89,89,89,89,89,89,0,0
"1403","Amsterdam_Oost",85,85,85,85,85,85,0,0
"1404","Amsterdam_Zuid",64,64,64,64,64,64,0,0
"1405","Amsterdam_West",55,55,55,55,55,56,1,1
"1406","Amsterdam_West",126,126,126,126,126,80,-46,46
"1407","Amsterdam_Oost",214,214,214,214,214,214,0,0
"1408","Amsterdam_West",70,70,70,70,70,70,0,0
"1409","Amsterdam_Zuid",90,90,90,90,90,90,0,0
"1410","Amsterdam_Center",175,175,175,175,175,175,0,0
"1411","Amsterdam_West",135,300,276,300,300,300,165,165
"1412","Amsterdam_Center",350,250,250,250,250,250,-100,100
"1413","Amsterdam_Oost",169,169,169,129,119,119,-50,50
"1414","Amsterdam_Zuid",200,200,200,200,200,200,0,0
"1415","Amsterdam_Oost",30,49,49,49,49,49,19,19
"1416","Amsterdam_Center",150,150,150,150,150,150,0,0
"1417","Amsterdam_West",70,70,70,70,70,70,0,0
"1418","Amsterdam_Center",114,114,114,114,114,114,0,0
"1419","Amsterdam_Center",50,50,50,50,50,50,0,0
"1420","Amsterdam_Center",161,161,161,161,161,161,0,0
"1421","Amsterdam_West",89,90,90,90,90,90,1,1
"1422","Amsterdam_Oost",92,92,92,92,92,92,0,0
"1423","Amsterdam_Noord",115,115,115,115,115,115,0,0
"1424","Amsterdam_Oost",99,99,99,99,99,99,0,0
"1425","Amsterdam_Zuidoost",50,50,50,50,50,50,0,0
"1426","Amsterdam_West",142,142,142,142,142,142,0,0
"1427","Amsterdam_Zuid",102,102,102,102,102,102,0,0
"1428","Amsterdam_Oost",105,128,128,130,115,121,16,16
"1429","Amsterdam_Nieuw_west",65,65,65,65,65,105,40,40
"1430","Amsterdam_West",60,60,60,60,60,60,0,0
"1431","Amsterdam_West",135,135,135,135,135,135,0,0
"1432","Amsterdam_Noord",485,250,250,250,250,250,-235,235
"1433","Amsterdam_West",125,125,125,125,125,125,0,0
"1434","Amsterdam_Center",119,119,119,119,119,119,0,0
"1435","Amsterdam_West",150,150,150,150,150,150,0,0
"1436","Amsterdam_Center",125,125,125,125,125,125,0,0
"1437","Amsterdam_Center",135,135,135,135,135,135,0,0
"1438","Amsterdam_West",140,140,140,140,140,140,0,0
"1439","Amsterdam_Noord",117,117,117,117,117,117,0,0
"1440","Amsterdam_West",200,186,186,186,186,186,-14,14
"1441","Amsterdam_West",214,214,214,214,214,214,0,0
"1442","Amsterdam_Nieuw_west",71,71,71,71,71,71,0,0
"1443","Amsterdam_Zuid",55,85,85,85,113,70,15,15
"1444","Amsterdam_Noord",85,85,85,85,85,85,0,0
"1445","Amsterdam_Oost",139,139,139,139,139,139,0,0
"1446","Amsterdam_West",200,200,200,200,200,200,0,0
"1447","Amsterdam_Oost",110,110,110,110,110,110,0,0
"1448","Amsterdam_Center",225,225,225,225,225,225,0,0
"1449","Amsterdam_West",35,35,35,35,35,35,0,0
"1450","Amsterdam_West",95,95,95,95,95,95,0,0
"1451","Amsterdam_West",95,95,95,95,95,95,0,0
"1452","Amsterdam_Noord",80,80,80,80,80,80,0,0
"1453","Amsterdam_Zuid",125,125,125,125,125,125,0,0
"1454","Amsterdam_Center",235,235,235,235,235,235,0,0
"1455","Amsterdam_West",65,65,65,65,65,65,0,0
"1456","Amsterdam_Center",125,125,125,125,125,125,0,0
"1457","Amsterdam_Zuid",150,150,150,150,150,150,0,0
"1458","Amsterdam_West",125,125,125,125,125,125,0,0
"1459","Amsterdam_West",106,106,106,106,106,106,0,0
"1460","Amsterdam_Center",150,150,150,150,150,150,0,0
"1461","Amsterdam_Zuid",100,100,100,100,100,100,0,0
"1462","Amsterdam_West",295,295,295,295,295,295,0,0
"1463","Amsterdam_West",42,42,42,42,42,42,0,0
"1464","Amsterdam_Oost",189,189,189,189,189,189,0,0
"1465","Amsterdam_West",90,90,90,90,90,90,0,0
"1466","Amsterdam_Oost",86,86,86,86,86,86,0,0
"1467","Amsterdam_West",185,155,154,165,299,381,196,196
"1468","Amsterdam_Zuid",149,149,149,149,149,149,0,0
"1469","Amsterdam_Center",95,95,95,95,95,95,0,0
"1470","Amsterdam_Zuid",140,140,140,140,140,140,0,0
"1471","Amsterdam_West",119,119,119,119,119,119,0,0
"1472","Amsterdam_West",214,217,223,227,225,227,13,13
"1473","Amsterdam_Noord",210,210,210,210,210,210,0,0
"1474","Amsterdam_Zuid",107,107,107,107,107,107,0,0
"1475","Amsterdam_West",136,136,136,136,136,136,0,0
"1476","Amsterdam_West",174,174,174,174,174,174,0,0
"1477","Amsterdam_West",120,120,120,120,120,120,0,0
"1478","Amsterdam_Oost",125,125,125,125,125,125,0,0
"1479","Amsterdam_Zuid",130,130,130,130,130,130,0,0
"1480","Amsterdam_Zuid",120,120,120,120,120,120,0,0
"1481","Amsterdam_Zuid",60,60,60,60,60,60,0,0
"1482","Amsterdam_West",118,118,118,118,118,118,0,0
"1483","Amsterdam_West",65,65,65,65,65,65,0,0
"1484","Amsterdam_Center",73,73,73,73,73,73,0,0
"1485","Amsterdam_Oost",200,200,200,200,200,200,0,0
"1486","Amsterdam_Zuid",400,400,400,400,400,400,0,0
"1487","Amsterdam_Zuid",250,250,250,250,250,250,0,0
"1488","Amsterdam_Center",95,89,88,95,99,115,20,20
"1489","Amsterdam_Center",299,299,299,299,299,299,0,0
"1490","Amsterdam_Nieuw_west",140,140,140,140,140,140,0,0
"1491","Amsterdam_Zuid",102,102,102,102,102,102,0,0
"1492","Amsterdam_West",225,225,225,225,225,225,0,0
"1493","Amsterdam_Noord",145,145,145,145,145,145,0,0
"1494","Amsterdam_Center",150,150,150,150,150,150,0,0
"1495","Amsterdam_Zuid",112,112,112,112,124,124,12,12
"1496","Amsterdam_Zuid",150,150,150,150,150,150,0,0
"1497","Amsterdam_Center",124,124,124,124,124,124,0,0
"1498","Amsterdam_Noord",69,69,69,69,69,69,0,0
"1499","Amsterdam_West",131,131,131,131,131,131,0,0
"1500","Amsterdam_Oost",80,80,80,80,80,80,0,0
"1501","Amsterdam_Center",137,137,137,137,137,137,0,0
"1502","Amsterdam_West",120,138,138,138,138,138,18,18
"1503","Amsterdam_West",120,120,120,120,120,120,0,0
"1504","Amsterdam_Zuid",130,130,130,130,130,130,0,0
"1505","Amsterdam_Zuid",90,90,90,90,90,90,0,0
"1506","Amsterdam_Center",199,199,199,199,199,199,0,0
"1507","Amsterdam_Center",343,319,319,319,339,299,-44,44
"1508","Amsterdam_West",170,200,200,200,200,200,30,30
"1509","Amsterdam_Center",175,175,175,175,175,175,0,0
"1510","Amsterdam_Center",157,200,200,200,200,200,43,43
"1511","Amsterdam_Zuid",140,140,140,140,140,140,0,0
"1512","Amsterdam_Zuid",135,135,135,135,135,135,0,0
"1513","Amsterdam_West",112,112,101,101,101,101,-11,11
"1514","Amsterdam_Center",225,225,225,225,225,225,0,0
"1515","Amsterdam_Oost",95,95,95,95,95,95,0,0
"1516","Amsterdam_West",170,170,170,170,170,170,0,0
"1517","Amsterdam_Oost",150,150,150,150,150,150,0,0
"1518","Amsterdam_West",120,120,120,120,120,120,0,0
"1519","Amsterdam_West",1000,1000,1000,1000,1000,1000,0,0
"1520","Amsterdam_Oost",90,90,90,90,90,90,0,0
"1521","Amsterdam_Zuid",275,275,275,275,275,275,0,0
"1522","Amsterdam_West",70,70,70,70,70,70,0,0
"1523","Amsterdam_Oost",105,105,105,105,105,105,0,0
"1524","Amsterdam_West",91,91,91,91,91,91,0,0
"1525","Amsterdam_Oost",75,76,78,83,83,83,8,8
"1526","Amsterdam_Center",80,96,96,121,136,144,64,64
"1527","Amsterdam_West",65,65,65,65,65,67,2,2
"1528","Amsterdam_West",160,160,160,160,160,160,0,0
"1529","Amsterdam_West",120,120,120,120,120,120,0,0
"1530","Amsterdam_Oost",85,85,85,85,85,85,0,0
"1531","Amsterdam_West",284,232,232,232,232,232,-52,52
"1532","Amsterdam_Zuid",214,214,214,214,214,214,0,0
"1533","Amsterdam_West",93,93,93,93,93,93,0,0
"1534","Amsterdam_Zuid",175,175,175,175,175,175,0,0
"1535","Amsterdam_Zuid",190,190,190,190,190,190,0,0
"1536","Amsterdam_West",125,125,125,125,125,125,0,0
"1537","Amsterdam_West",103,103,103,103,103,103,0,0
"1538","Amsterdam_Oost",150,150,150,150,150,150,0,0
"1539","Amsterdam_West",145,145,145,145,145,145,0,0
"1540","Amsterdam_West",283,224,222,250,175,175,-108,108
"1541","Amsterdam_West",94,94,94,94,94,94,0,0
"1542","Amsterdam_West",59,59,59,59,59,58,-1,1
"1543","Amsterdam_West",395,395,395,395,395,395,0,0
"1544","Amsterdam_Oost",142,142,142,142,142,142,0,0
"1545","Amsterdam_Zuid",190,190,190,190,190,190,0,0
"1546","Amsterdam_Oost",65,55,55,55,55,55,-10,10
"1547","Amsterdam_Zuid",150,150,150,150,150,150,0,0
"1548","Amsterdam_West",279,279,279,279,279,279,0,0
"1549","Amsterdam_Zuid",150,150,150,150,150,150,0,0
"1550","Amsterdam_Zuid",130,130,130,130,130,130,0,0
"1551","Amsterdam_Center",250,250,250,250,250,250,0,0
"1552","Amsterdam_Zuid",185,185,185,185,185,185,0,0
"1553","Amsterdam_West",100,100,100,100,100,100,0,0
"1554","Amsterdam_Oost",149,149,149,149,149,149,0,0
"1555","Amsterdam_Center",99,99,48,99,99,99,0,0
"1556","Amsterdam_Noord",90,90,90,90,90,90,0,0
"1557","Amsterdam_Noord",143,143,143,143,143,143,0,0
"1558","Amsterdam_Oost",130,130,130,130,130,130,0,0
"1559","Amsterdam_Center",250,250,250,250,250,250,0,0
"1560","Amsterdam_West",105,105,105,105,105,105,0,0
"1561","Amsterdam_West",140,140,140,140,140,140,0,0
"1562","Amsterdam_Oost",90,90,90,90,90,90,0,0
"1563","Amsterdam_Center",419,295,375,414,518,421,2,2
"1564","Amsterdam_Zuid",233,250,250,250,250,250,17,17
"1565","Amsterdam_West",250,250,250,250,250,250,0,0
"1566","Amsterdam_Nieuw_west",93,93,93,93,93,93,0,0
"1567","Amsterdam_Oost",67,73,73,73,73,73,6,6
"1568","Amsterdam_West",90,90,90,90,90,90,0,0
"1569","Amsterdam_Oost",99,99,99,99,99,99,0,0
"1570","Amsterdam_Zuid",97,97,97,97,97,117,20,20
"1571","Amsterdam_West",150,150,150,150,150,150,0,0
"1572","Amsterdam_Oost",120,120,120,120,120,120,0,0
"1573","Amsterdam_Oost",130,130,130,130,130,130,0,0
"1574","Amsterdam_West",139,139,139,139,139,139,0,0
"1575","Amsterdam_Oost",90,90,90,90,90,90,0,0
"1576","Amsterdam_Noord",125,125,125,125,125,125,0,0
"1577","Amsterdam_Center",196,196,196,196,196,196,0,0
"1578","Amsterdam_Center",250,250,250,250,250,250,0,0
"1579","Amsterdam_West",222,222,222,222,215,222,0,0
"1580","Amsterdam_West",239,239,239,239,239,239,0,0
"1581","Amsterdam_Zuid",100,100,100,100,100,100,0,0
"1582","Amsterdam_Oost",150,150,150,150,150,150,0,0
"1583","Amsterdam_Zuid",160,160,160,160,160,160,0,0
"1584","Amsterdam_West",120,120,120,120,120,120,0,0
"1585","Amsterdam_Center",325,325,325,325,325,295,-30,30
"1586","Amsterdam_Center",266,266,266,266,222,199,-67,67
"1587","Amsterdam_Zuid",164,164,164,164,164,164,0,0
"1588","Amsterdam_Zuid",130,130,130,130,130,130,0,0
"1589","Amsterdam_Zuid",90,90,90,90,90,90,0,0
"1590","Amsterdam_West",150,150,150,150,150,150,0,0
"1591","Amsterdam_West",150,150,150,150,150,150,0,0
"1592","Amsterdam_Center",146,146,146,146,146,146,0,0
"1593","Amsterdam_Zuid",120,120,120,120,120,120,0,0
"1594","Amsterdam_Center",200,200,200,200,286,286,86,86
"1595","Amsterdam_Center",450,450,450,450,450,450,0,0
"1596","Amsterdam_Zuid",207,207,207,207,207,207,0,0
"1597","Amsterdam_Oost",439,395,295,295,295,295,-144,144
"1598","Amsterdam_Center",169,97,127,139,105,105,-64,64
"1599","Amsterdam_West",95,95,95,95,95,95,0,0
"1600","Amsterdam_Zuid",513,513,513,513,513,513,0,0
"1601","Amsterdam_Zuid",380,380,380,380,380,380,0,0
"1602","Amsterdam_Center",175,165,165,185,225,240,65,65
"1603","Amsterdam_Oost",199,199,199,199,199,199,0,0
"1604","Amsterdam_West",150,150,150,150,150,150,0,0
"1605","Amsterdam_Zuid",159,159,159,159,159,159,0,0
"1606","Amsterdam_Zuid",109,109,109,109,109,109,0,0
"1607","Amsterdam_Oost",169,169,169,169,169,169,0,0
"1608","Amsterdam_Center",124,124,124,124,124,124,0,0
"1609","Amsterdam_Center",120,120,81,80,100,89,-31,31
"1610","Amsterdam_West",150,150,150,150,150,150,0,0
"1611","Amsterdam_Zuid",350,350,350,350,350,350,0,0
"1612","Amsterdam_West",125,80,80,80,85,85,-40,40
"1613","Amsterdam_Center",88,88,88,83,80,80,-8,8
"1614","Amsterdam_Zuid",110,110,110,110,110,110,0,0
"1615","Amsterdam_Center",84,86,139,69,92,78,-6,6
"1616","Amsterdam_West",106,106,106,106,106,106,0,0
"1617","Amsterdam_Oost",100,100,100,100,100,100,0,0
"1618","Amsterdam_Oost",100,100,100,100,100,100,0,0
"1619","Amsterdam_Zuid",120,120,120,120,120,120,0,0
"1620","Amsterdam_West",60,60,60,60,60,61,1,1
"1621","Amsterdam_Center",414,414,414,414,414,414,0,0
"1622","Amsterdam_West",120,120,120,120,120,120,0,0
"1623","Amsterdam_Oost",179,179,179,179,179,179,0,0
"1624","Amsterdam_Zuid",239,239,239,239,239,239,0,0
"1625","Amsterdam_Zuid",145,145,145,145,145,145,0,0
"1626","Amsterdam_Center",114,140,141,143,143,143,29,29
"1627","Amsterdam_Zuid",95,95,95,95,95,95,0,0
"1628","Amsterdam_Zuid",119,119,119,119,119,119,0,0
"1629","Amsterdam_Zuid",150,150,150,150,150,150,0,0
"1630","Amsterdam_Center",115,115,115,115,115,115,0,0
"1631","Amsterdam_West",105,105,105,105,105,105,0,0
"1632","Amsterdam_Center",350,327,327,327,327,327,-23,23
"1633","Amsterdam_Center",99,99,99,99,99,99,0,0
"1634","Amsterdam_Zuid",120,120,120,120,120,120,0,0
"1635","Amsterdam_Center",189,189,189,189,189,189,0,0
"1636","Amsterdam_Zuid",450,450,450,450,450,450,0,0
"1637","Amsterdam_Center",99,90,90,175,175,175,76,76
"1638","Amsterdam_Zuid",131,131,131,131,131,131,0,0
"1639","Amsterdam_Zuid",75,75,75,75,75,75,0,0
"1640","Amsterdam_Center",169,169,169,169,169,169,0,0
"1641","Amsterdam_Zuid",153,119,153,153,153,153,0,0
"1642","Amsterdam_Zuid",189,189,189,189,189,189,0,0
"1643","Amsterdam_West",100,150,150,150,150,150,50,50
"1644","Amsterdam_Center",240,226,226,226,214,220,-20,20
"1645","Amsterdam_Oost",80,80,80,80,80,80,0,0
"1646","Amsterdam_Noord",100,100,100,100,100,100,0,0
"1647","Amsterdam_Zuid",87,84,101,91,128,137,50,50
"1648","Amsterdam_Center",130,130,130,130,130,130,0,0
"1649","Amsterdam_West",247,247,247,247,247,247,0,0
"1650","Amsterdam_Zuid",49,39,62,87,88,100,51,51
"1651","Amsterdam_West",51,51,51,51,51,51,0,0
"1652","Amsterdam_West",112,112,112,112,112,112,0,0
"1653","Amsterdam_Center",157,157,157,157,157,157,0,0
"1654","Amsterdam_West",105,105,105,105,105,105,0,0
"1655","Amsterdam_Zuid",199,199,199,199,199,199,0,0
"1656","Amsterdam_West",145,145,145,145,145,145,0,0
"1657","Amsterdam_West",140,140,140,140,109,109,-31,31
"1658","Amsterdam_Center",214,214,182,157,157,182,-32,32
"1659","Amsterdam_Nieuw_west",95,95,95,95,95,95,0,0
"1660","Amsterdam_West",113,113,113,113,113,113,0,0
"1661","Amsterdam_Oost",128,128,128,128,128,128,0,0
"1662","Amsterdam_Zuid",45,47,54,57,71,80,35,35
"1663","Amsterdam_West",150,150,150,150,150,150,0,0
"1664","Amsterdam_West",108,108,108,108,108,108,0,0
"1665","Amsterdam_West",140,140,140,140,140,140,0,0
"1666","Amsterdam_Center",150,150,150,150,150,150,0,0
"1667","Amsterdam_Oost",99,99,99,99,99,99,0,0
"1668","Amsterdam_Center",328,328,328,328,328,328,0,0
"1669","Amsterdam_West",130,130,130,130,130,130,0,0
"1670","Amsterdam_West",99,99,99,99,99,99,0,0
"1671","Amsterdam_West",125,125,125,125,125,125,0,0
"1672","Amsterdam_Oost",51,50,50,50,50,50,-1,1
"1673","Amsterdam_Oost",131,131,131,131,131,131,0,0
"1674","Amsterdam_Oost",65,65,70,81,81,86,21,21
"1675","Amsterdam_Center",155,155,155,155,155,155,0,0
"1676","Amsterdam_Center",175,140,154,140,146,146,-29,29
"1677","Amsterdam_Oost",128,128,128,128,128,128,0,0
"1678","Amsterdam_Zuid",130,130,130,130,130,130,0,0
"1679","Amsterdam_West",90,90,90,90,90,90,0,0
"1680","Amsterdam_Center",125,125,125,125,125,125,0,0
"1681","Amsterdam_West",127,145,145,145,145,145,18,18
"1682","Amsterdam_West",150,150,150,150,150,150,0,0
"1683","Amsterdam_Zuid",159,159,159,159,159,159,0,0
"1684","Amsterdam_Oost",104,104,104,104,104,104,0,0
"1685","Amsterdam_Center",150,150,150,150,150,150,0,0
"1686","Amsterdam_Center",62,62,89,89,89,119,57,57
"1687","Amsterdam_West",180,180,180,180,180,180,0,0
"1688","Amsterdam_Center",175,175,175,175,175,175,0,0
"1689","Amsterdam_Center",289,289,289,289,289,289,0,0
"1690","Amsterdam_Nieuw_west",140,140,140,140,140,140,0,0
"1691","Amsterdam_Zuid",140,140,140,140,140,151,11,11
"1692","Amsterdam_West",85,100,100,100,100,100,15,15
"1693","Amsterdam_West",100,100,100,100,100,100,0,0
"1694","Amsterdam_Zuid",199,199,199,199,199,199,0,0
"1695","Amsterdam_West",105,105,105,105,105,105,0,0
"1696","Amsterdam_Zuid",425,425,425,414,425,425,0,0
"1697","Amsterdam_West",90,92,96,99,99,99,9,9
"1698","Amsterdam_Zuid",200,200,200,200,200,200,0,0
"1699","Amsterdam_West",141,141,141,141,141,141,0,0
"1700","Amsterdam_Noord",175,175,175,175,175,175,0,0
"1701","Amsterdam_Zuid",160,160,160,160,168,168,8,8
"1702","Amsterdam_Zuid",200,200,200,200,200,200,0,0
"1703","Amsterdam_Zuid",34,43,49,35,32,40,6,6
"1704","Amsterdam_West",100,99,99,99,99,75,-25,25
"1705","Amsterdam_Center",95,95,95,95,95,95,0,0
"1706","Amsterdam_West",79,79,79,79,79,79,0,0
"1707","Amsterdam_Oost",325,500,500,500,500,500,175,175
"1708","Amsterdam_Zuid",199,199,199,199,199,199,0,0
"1709","Amsterdam_Zuid",214,214,214,214,214,214,0,0
"1710","Amsterdam_West",120,120,120,120,120,120,0,0
"1711","Amsterdam_Zuid",350,219,219,219,219,219,-131,131
"1712","Amsterdam_Zuid",150,150,150,150,150,150,0,0
"1713","Amsterdam_Center",80,75,86,90,117,105,25,25
"1714","Amsterdam_Center",329,329,329,329,329,329,0,0
"1715","Amsterdam_Oost",105,105,105,105,105,105,0,0
"1716","Amsterdam_Zuid",200,171,180,200,144,139,-61,61
"1717","Amsterdam_Nieuw_west",169,169,169,169,169,169,0,0
"1718","Amsterdam_Oost",120,120,120,120,120,120,0,0
"1719","Amsterdam_Zuid",175,175,175,175,175,175,0,0
"1720","Amsterdam_Zuid",59,59,59,59,59,59,0,0
"1721","Amsterdam_West",100,100,100,100,100,100,0,0
"1722","Amsterdam_Oost",97,97,97,97,97,97,0,0
"1723","Amsterdam_West",160,160,160,160,160,160,0,0
"1724","Amsterdam_Center",169,169,169,169,169,169,0,0
"1725","Amsterdam_Oost",99,99,99,99,99,99,0,0
"1726","Amsterdam_Zuid",119,119,119,119,119,119,0,0
"1727","Amsterdam_Noord",44,43,42,45,50,49,5,5
"1728","Amsterdam_Zuid",58,67,67,67,67,67,9,9
"1729","Amsterdam_Center",225,225,225,225,225,225,0,0
"1730","Amsterdam_Noord",62,62,62,62,62,62,0,0
"1731","Amsterdam_Center",96,96,96,96,96,96,0,0
"1732","Amsterdam_Center",229,229,229,229,229,229,0,0
"1733","Amsterdam_Zuid",106,106,106,106,106,106,0,0
"1734","Amsterdam_West",75,75,75,75,75,75,0,0
"1735","Amsterdam_Zuid",400,400,400,400,400,400,0,0
"1736","Amsterdam_West",110,110,110,110,110,110,0,0
"1737","Amsterdam_Zuid",200,200,200,200,200,200,0,0
"1738","Amsterdam_Center",122,122,122,122,122,122,0,0
"1739","Amsterdam_Oost",95,95,95,95,95,95,0,0
"1740","Amsterdam_Center",250,250,250,250,250,250,0,0
"1741","Amsterdam_Oost",129,129,129,129,129,129,0,0
"1742","Amsterdam_Oost",125,125,125,125,125,125,0,0
"1743","Amsterdam_West",170,170,170,170,170,170,0,0
"1744","Amsterdam_West",78,78,78,78,78,78,0,0
"1745","Amsterdam_Oost",127,127,127,127,127,127,0,0
"1746","Amsterdam_Oost",115,115,115,98,70,70,-45,45
"1747","Amsterdam_West",100,150,100,150,150,150,50,50
"1748","Amsterdam_Zuid",179,179,179,179,179,179,0,0
"1749","Amsterdam_West",89,89,89,89,89,89,0,0
"1750","Amsterdam_Center",90,90,90,90,90,90,0,0
"1751","Amsterdam_West",179,179,179,179,179,179,0,0
"1752","Amsterdam_West",130,130,130,130,130,130,0,0
"1753","Amsterdam_West",125,125,125,125,125,125,0,0
"1754","Amsterdam_Oost",136,136,136,136,136,136,0,0
"1755","Amsterdam_West",120,120,120,120,120,120,0,0
"1756","Amsterdam_Center",290,290,290,290,290,290,0,0
"1757","Amsterdam_West",110,110,110,110,110,110,0,0
"1758","Amsterdam_West",100,100,100,100,100,100,0,0
"1759","Amsterdam_Zuid",195,195,195,195,195,195,0,0
"1760","Amsterdam_Noord",129,129,129,129,129,129,0,0
"1761","Amsterdam_West",200,200,200,200,200,200,0,0
"1762","Amsterdam_Zuid",79,79,79,79,79,79,0,0
"1763","Amsterdam_Zuid",138,138,138,138,138,138,0,0
"1764","Amsterdam_West",155,155,155,155,155,155,0,0
"1765","Amsterdam_Center",200,200,200,200,200,200,0,0
"1766","Amsterdam_Nieuw_west",200,200,110,200,200,200,0,0
"1767","Amsterdam_West",150,150,150,150,150,150,0,0
"1768","Amsterdam_Zuid",175,175,175,175,175,175,0,0
"1769","Amsterdam_Oost",150,150,150,150,150,150,0,0
"1770","Amsterdam_West",89,89,89,89,89,89,0,0
"1771","Amsterdam_West",100,100,100,100,100,100,0,0
"1772","Amsterdam_Noord",511,493,493,493,493,493,-18,18
"1773","Amsterdam_West",300,300,300,300,300,300,0,0
"1774","Amsterdam_West",75,75,75,75,75,75,0,0
"1775","Amsterdam_Nieuw_west",109,109,109,109,109,109,0,0
"1776","Amsterdam_West",70,70,70,70,70,70,0,0
"1777","Amsterdam_Oost",240,240,240,240,240,240,0,0
"1778","Amsterdam_Zuid",90,90,90,90,90,90,0,0
"1779","Amsterdam_West",179,179,179,179,179,179,0,0
"1780","Amsterdam_West",300,300,300,300,300,300,0,0
"1781","Amsterdam_Oost",500,500,500,500,500,500,0,0
"1782","Amsterdam_Oost",30,30,30,30,30,30,0,0
"1783","Amsterdam_Zuid",200,200,200,200,200,200,0,0
"1784","Amsterdam_Zuid",145,145,145,145,145,145,0,0
"1785","Amsterdam_West",115,115,115,115,115,115,0,0
"1786","Amsterdam_West",150,150,150,150,150,150,0,0
"1787","Amsterdam_West",120,120,120,120,120,120,0,0
"1788","Amsterdam_Zuidoost",65,65,65,65,65,65,0,0
"1789","Amsterdam_West",145,145,145,145,145,145,0,0
"1790","Amsterdam_Oost",69,69,69,69,69,69,0,0
"1791","Amsterdam_West",150,150,150,150,150,150,0,0
"1792","Amsterdam_West",86,86,86,86,86,86,0,0
"1793","Amsterdam_West",120,120,120,120,120,120,0,0
"1794","Amsterdam_Zuidoost",85,85,85,85,85,85,0,0
"1795","Amsterdam_Center",200,200,200,200,200,200,0,0
"1796","Amsterdam_Oost",150,150,150,150,150,150,0,0
"1797","Amsterdam_West",100,100,100,100,100,100,0,0
"1798","Amsterdam_Zuid",281,286,286,286,286,232,-49,49
"1799","Amsterdam_Oost",210,210,280,280,280,280,70,70
"1800","Amsterdam_West",100,100,100,100,100,100,0,0
"1801","Amsterdam_Zuidoost",90,90,90,90,90,90,0,0
"1802","Amsterdam_Zuid",130,130,130,130,130,130,0,0
"1803","Amsterdam_West",84,84,84,84,84,84,0,0
"1804","Amsterdam_Oost",120,120,120,120,120,120,0,0
"1805","Amsterdam_West",117,117,117,117,117,117,0,0
"1806","Amsterdam_Oost",105,105,105,105,105,105,0,0
"1807","Amsterdam_Center",130,147,126,211,211,221,91,91
"1808","Amsterdam_West",170,170,170,170,170,170,0,0
"1809","Amsterdam_Zuid",70,70,70,70,70,70,0,0
"1810","Amsterdam_Zuid",210,210,210,210,210,210,0,0
"1811","Amsterdam_Oost",103,103,103,103,103,103,0,0
"1812","Amsterdam_Zuid",135,135,135,135,135,135,0,0
"1813","Amsterdam_West",98,98,98,98,98,98,0,0
"1814","Amsterdam_West",125,125,125,125,125,125,0,0
"1815","Amsterdam_Zuid",300,300,300,300,300,300,0,0
"1816","Amsterdam_Oost",225,225,225,225,225,225,0,0
"1817","Amsterdam_Zuid",120,120,120,120,120,120,0,0
"1818","Amsterdam_West",275,275,275,275,275,275,0,0
"1819","Amsterdam_Zuid",125,125,125,125,125,125,0,0
"1820","Amsterdam_Zuid",49,49,49,49,49,49,0,0
"1821","Amsterdam_West",128,128,128,128,128,128,0,0
"1822","Amsterdam_Oost",120,120,120,120,120,120,0,0
"1823","Amsterdam_Zuidoost",250,250,250,250,250,250,0,0
"1824","Amsterdam_West",58,65,65,39,39,40,-18,18
"1825","Amsterdam_Zuid",100,100,100,100,90,90,-10,10
"1826","Amsterdam_Center",300,300,300,300,300,300,0,0
"1827","Amsterdam_West",145,145,145,145,145,145,0,0
"1828","Amsterdam_West",90,90,90,90,90,90,0,0
"1829","Amsterdam_Zuid",100,100,100,100,100,100,0,0
"1830","Amsterdam_West",105,105,105,105,105,105,0,0
"1831","Amsterdam_Zuid",175,175,175,175,175,175,0,0
"1832","Amsterdam_Center",173,173,173,173,173,173,0,0
"1833","Amsterdam_Center",350,350,350,350,350,350,0,0
"1834","Amsterdam_Zuid",206,206,206,206,206,206,0,0
"1835","Amsterdam_Oost",80,80,80,80,80,81,1,1
"1836","Amsterdam_Zuid",88,98,78,78,78,78,-10,10
"1837","Amsterdam_West",199,199,199,199,199,199,0,0
"1838","Amsterdam_Zuid",89,89,89,89,89,89,0,0
"1839","Amsterdam_Zuid",130,130,130,130,130,130,0,0
"1840","Amsterdam_Center",202,202,202,202,202,164,-38,38
"1841","Amsterdam_Zuid",182,182,182,182,182,182,0,0
"1842","Amsterdam_Center",139,139,139,139,139,139,0,0
"1843","Amsterdam_Center",295,295,295,295,295,295,0,0
"1844","Amsterdam_Zuid",145,145,145,145,145,145,0,0
"1845","Amsterdam_Center",130,130,130,130,130,130,0,0
"1846","Amsterdam_West",68,68,68,68,68,68,0,0
"1847","Amsterdam_Noord",150,150,150,150,150,150,0,0
"1848","Amsterdam_Oost",77,77,77,77,77,77,0,0
"1849","Amsterdam_West",729,729,729,729,729,729,0,0
"1850","Amsterdam_Zuid",164,164,164,164,164,164,0,0
"1851","Amsterdam_Zuid",320,320,320,320,320,320,0,0
"1852","Amsterdam_Nieuw_west",100,100,100,100,100,100,0,0
"1853","Amsterdam_West",120,120,120,120,120,120,0,0
"1854","Amsterdam_Oost",110,110,110,110,110,110,0,0
"1855","Amsterdam_Noord",180,180,180,180,180,180,0,0
"1856","Amsterdam_Center",30,61,22,20,23,35,5,5
"1857","Amsterdam_Oost",31,61,96,56,87,87,56,56
"1858","Amsterdam_West",125,125,125,125,125,125,0,0
"1859","Amsterdam_Oost",95,95,95,95,95,95,0,0
"1860","Amsterdam_West",120,120,120,120,120,110,-10,10
"1861","Amsterdam_Center",174,174,174,174,174,174,0,0
"1862","Amsterdam_Zuid",125,125,125,125,125,125,0,0
"1863","Amsterdam_Center",125,125,125,125,125,125,0,0
"1864","Amsterdam_Zuid",185,185,185,185,185,185,0,0
"1865","Amsterdam_Oost",68,68,68,68,68,68,0,0
"1866","Amsterdam_Oost",88,88,88,88,88,88,0,0
"1867","Amsterdam_West",121,121,121,121,121,121,0,0
"1868","Amsterdam_West",71,71,71,71,71,71,0,0
"1869","Amsterdam_Zuid",130,130,130,130,130,130,0,0
"1870","Amsterdam_Noord",98,98,98,98,98,98,0,0
"1871","Amsterdam_Zuid",110,125,129,135,135,199,89,89
"1872","Amsterdam_West",100,100,100,100,100,100,0,0
"1873","Amsterdam_Nieuw_west",36,36,36,36,36,36,0,0
"1874","Amsterdam_West",140,140,140,140,140,140,0,0
"1875","Amsterdam_Zuid",100,100,100,100,100,100,0,0
"1876","Amsterdam_West",100,100,100,100,100,100,0,0
"1877","Amsterdam_Oost",180,180,180,180,180,180,0,0
"1878","Amsterdam_Oost",100,100,100,100,100,100,0,0
"1879","Amsterdam_West",99,99,99,99,99,99,0,0
"1880","Amsterdam_Oost",150,150,150,150,150,150,0,0
"1881","Amsterdam_West",350,350,350,350,350,350,0,0
"1882","Amsterdam_Noord",90,90,90,90,90,90,0,0
"1883","Amsterdam_Center",150,150,150,150,150,150,0,0
"1884","Amsterdam_Center",120,120,120,120,120,120,0,0
"1885","Amsterdam_Noord",149,149,149,149,149,149,0,0
"1886","Amsterdam_Zuid",124,124,124,124,124,124,0,0
"1887","Amsterdam_Center",60,49,63,64,65,90,30,30
"1888","Amsterdam_West",165,165,165,165,165,165,0,0
"1889","Amsterdam_Nieuw_west",120,120,120,120,120,120,0,0
"1890","Amsterdam_Center",146,135,135,135,152,165,19,19
"1891","Amsterdam_Nieuw_west",65,65,65,65,65,65,0,0
"1892","Amsterdam_Center",126,126,126,126,126,126,0,0
"1893","Amsterdam_Center",180,180,180,180,180,180,0,0
"1894","Amsterdam_Oost",66,66,66,66,66,66,0,0
"1895","Amsterdam_West",125,125,125,125,125,125,0,0
"1896","Amsterdam_Center",200,200,200,200,200,200,0,0
"1897","Amsterdam_West",95,95,95,95,95,95,0,0
"1898","Amsterdam_Center",45,73,22,24,26,39,-6,6
"1899","Amsterdam_Zuid",157,157,157,157,157,157,0,0
"1900","Amsterdam_Oost",143,143,143,143,143,143,0,0
"1901","Amsterdam_West",142,142,142,142,142,142,0,0
"1902","Amsterdam_Zuid",185,185,185,185,185,185,0,0
"1903","Amsterdam_Oost",175,175,175,175,175,175,0,0
"1904","Amsterdam_Noord",40,40,40,40,40,40,0,0
"1905","Amsterdam_West",248,248,248,248,248,248,0,0
"1906","Amsterdam_Center",65,52,63,56,69,69,4,4
"1907","Amsterdam_Center",115,115,115,115,115,115,0,0
"1908","Amsterdam_Center",158,158,158,158,158,158,0,0
"1909","Amsterdam_Center",28,36,25,28,36,38,10,10
"1910","Amsterdam_West",120,120,120,120,120,120,0,0
"1911","Amsterdam_Oost",100,100,100,100,100,100,0,0
"1912","Amsterdam_West",137,137,137,137,137,137,0,0
"1913","Amsterdam_Zuid",79,79,79,79,79,79,0,0
"1914","Amsterdam_Oost",62,62,62,62,62,62,0,0
"1915","Amsterdam_Oost",75,75,75,75,75,75,0,0
"1916","Amsterdam_Zuid",119,119,119,119,119,125,6,6
"1917","Amsterdam_West",99,99,99,99,99,99,0,0
"1918","Amsterdam_West",140,140,140,140,140,140,0,0
"1919","Amsterdam_West",95,95,95,95,95,95,0,0
"1920","Amsterdam_Center",180,180,180,180,180,180,0,0
"1921","Amsterdam_West",250,250,138,138,138,138,-112,112
"1922","Amsterdam_Zuid",60,60,60,60,60,60,0,0
"1923","Amsterdam_Nieuw_west",250,250,250,250,250,250,0,0
"1924","Amsterdam_West",116,116,116,116,116,116,0,0
"1925","Amsterdam_Center",169,250,250,250,250,250,81,81
"1926","Amsterdam_Zuid",150,150,150,150,150,150,0,0
"1927","Amsterdam_West",200,200,200,200,200,200,0,0
"1928","Amsterdam_Zuid",275,275,275,275,275,275,0,0
"1929","Amsterdam_Zuid",80,80,80,80,80,80,0,0
"1930","Amsterdam_West",150,150,150,150,150,150,0,0
"1931","Amsterdam_Zuid",75,95,90,99,99,99,24,24
"1932","Amsterdam_Zuid",140,140,140,140,140,140,0,0
"1933","Amsterdam_West",93,93,93,93,93,93,0,0
"1934","Amsterdam_Zuid",130,130,130,130,130,130,0,0
"1935","Amsterdam_Center",125,125,125,125,125,125,0,0
"1936","Amsterdam_West",200,200,200,200,200,200,0,0
"1937","Amsterdam_Oost",150,150,150,150,150,150,0,0
"1938","Amsterdam_West",132,132,132,132,132,132,0,0
"1939","Amsterdam_Center",100,100,100,100,100,100,0,0
"1940","Amsterdam_Noord",68,68,68,68,68,68,0,0
"1941","Amsterdam_Center",140,140,140,140,140,140,0,0
"1942","Amsterdam_Center",250,250,250,250,250,250,0,0
"1943","Amsterdam_Nieuw_west",200,200,200,200,200,200,0,0
"1944","Amsterdam_Center",300,300,300,300,300,300,0,0
"1945","Amsterdam_Center",190,190,190,190,190,190,0,0
"1946","Amsterdam_Nieuw_west",41,49,75,75,95,95,54,54
"1947","Amsterdam_Oost",164,164,164,164,164,164,0,0
"1948","Amsterdam_Oost",139,139,139,139,139,139,0,0
"1949","Amsterdam_West",225,225,225,225,225,225,0,0
"1950","Amsterdam_Center",160,160,160,160,160,160,0,0
"1951","Amsterdam_West",105,105,105,105,105,105,0,0
"1952","Amsterdam_Zuid",175,175,175,175,175,175,0,0
"1953","Amsterdam_West",70,70,70,70,70,70,0,0
"1954","Amsterdam_West",125,125,125,125,125,125,0,0
"1955","Amsterdam_Center",200,200,200,200,200,200,0,0
"1956","Amsterdam_Center",180,180,180,180,180,180,0,0
"1957","Amsterdam_Oost",100,100,100,100,100,100,0,0
"1958","Amsterdam_West",125,125,125,125,125,125,0,0
"1959","Amsterdam_Oost",76,76,76,76,76,76,0,0
"1960","Amsterdam_Oost",223,223,223,223,150,223,0,0
"1961","Amsterdam_West",67,120,81,120,120,120,53,53
"1962","Amsterdam_West",100,100,100,100,100,100,0,0
"1963","Amsterdam_Zuid",120,120,120,120,120,120,0,0
"1964","Amsterdam_West",85,85,85,85,85,85,0,0
"1965","Amsterdam_West",108,108,108,108,108,108,0,0
"1966","Amsterdam_Nieuw_west",49,49,49,49,49,49,0,0
"1967","Amsterdam_Zuid",155,155,155,155,155,155,0,0
"1968","Amsterdam_West",85,85,85,85,85,85,0,0
"1969","Amsterdam_Center",175,175,175,175,175,175,0,0
"1970","Amsterdam_Oost",76,76,76,76,76,76,0,0
"1971","Amsterdam_West",150,150,150,150,150,150,0,0
"1972","Amsterdam_West",170,170,170,170,170,170,0,0
"1973","Amsterdam_West",150,150,150,150,150,150,0,0
"1974","Amsterdam_Oost",400,400,400,400,400,400,0,0
"1975","Amsterdam_Oost",249,249,249,249,249,249,0,0
"1976","Amsterdam_Center",145,145,145,145,145,145,0,0
"1977","Amsterdam_Zuid",350,350,350,350,350,350,0,0
"1978","Amsterdam_Zuid",189,189,189,189,189,189,0,0
"1979","Amsterdam_West",120,120,120,120,120,120,0,0
"1980","Amsterdam_Zuid",99,99,99,99,99,99,0,0
"1981","Amsterdam_West",89,89,89,89,89,89,0,0
"1982","Amsterdam_West",200,200,200,200,200,200,0,0
"1983","Amsterdam_West",40,40,40,40,40,40,0,0
"1984","Amsterdam_Oost",80,80,80,80,80,80,0,0
"1985","Amsterdam_Oost",93,93,93,93,93,93,0,0
"1986","Amsterdam_Nieuw_west",74,74,74,74,74,74,0,0
"1987","Amsterdam_Center",109,109,109,109,109,109,0,0
"1988","Amsterdam_Noord",43,53,48,48,51,48,5,5
"1989","Amsterdam_Oost",235,235,235,235,235,235,0,0
"1990","Amsterdam_West",130,130,130,130,130,130,0,0
"1991","Amsterdam_Center",156,156,156,156,156,156,0,0
"1992","Amsterdam_Zuid",100,100,100,100,100,100,0,0
"1993","Amsterdam_Noord",300,300,300,300,300,300,0,0
"1994","Amsterdam_West",189,189,189,189,189,189,0,0
"1995","Amsterdam_West",86,86,86,86,86,86,0,0
"1996","Amsterdam_Noord",123,123,123,123,123,123,0,0
"1997","Amsterdam_Zuid",117,117,117,117,117,117,0,0
"1998","Amsterdam_Noord",175,175,175,175,175,175,0,0
"1999","Amsterdam_West",343,343,343,343,343,343,0,0
"2000","Amsterdam_West",100,100,100,100,100,100,0,0
"2001","Amsterdam_Center",89,89,89,89,89,89,0,0
"2002","Amsterdam_West",114,114,114,114,114,114,0,0
"2003","Amsterdam_West",200,200,200,200,200,200,0,0
"2004","Amsterdam_West",260,179,179,202,238,87,-173,173
"2005","Amsterdam_Oost",90,90,90,90,90,90,0,0
"2006","Amsterdam_Oost",60,60,60,60,60,60,0,0
"2007","Amsterdam_West",400,400,400,400,400,400,0,0
"2008","Amsterdam_Center",90,90,90,90,90,90,0,0
"2009","Amsterdam_Nieuw_west",41,49,75,75,95,95,54,54
"2010","Amsterdam_Center",135,135,135,135,135,135,0,0
"2011","Amsterdam_West",110,110,110,110,110,110,0,0
"2012","Amsterdam_Oost",185,185,185,185,185,185,0,0
"2013","Amsterdam_West",79,79,79,79,79,79,0,0
"2014","Amsterdam_West",199,199,199,199,199,199,0,0
"2015","Amsterdam_Noord",99,99,99,99,99,99,0,0
"2016","Amsterdam_West",87,87,87,87,87,87,0,0
"2017","Amsterdam_West",175,175,175,175,175,175,0,0
"2018","Amsterdam_West",175,175,175,175,175,175,0,0
"2019","Amsterdam_Center",105,105,105,105,105,105,0,0
"2020","Amsterdam_Oost",130,130,130,130,130,130,0,0
"2021","Amsterdam_West",130,130,130,130,130,130,0,0
"2022","Amsterdam_Center",150,151,167,160,80,109,-41,41
"2023","Amsterdam_Oost",67,67,67,67,69,69,2,2
"2024","Amsterdam_West",250,250,250,250,250,250,0,0
"2025","Amsterdam_Noord",130,130,130,130,130,130,0,0
"2026","Amsterdam_West",115,115,115,115,115,115,0,0
"2027","Amsterdam_Oost",200,200,200,200,200,200,0,0
"2028","Amsterdam_Oost",167,167,167,167,167,167,0,0
"2029","Amsterdam_Oost",165,165,165,165,165,165,0,0
"2030","Amsterdam_West",75,75,75,75,75,75,0,0
"2031","Amsterdam_Zuid",89,89,89,89,89,89,0,0
"2032","Amsterdam_West",99,99,79,79,79,79,-20,20
"2033","Amsterdam_West",160,160,160,160,160,160,0,0
"2034","Amsterdam_West",125,125,125,125,125,125,0,0
"2035","Amsterdam_Zuid",200,200,200,200,200,200,0,0
"2036","Amsterdam_Zuid",130,130,130,130,130,130,0,0
"2037","Amsterdam_West",950,950,950,950,950,950,0,0
"2038","Amsterdam_Center",280,280,280,280,280,280,0,0
"2039","Amsterdam_Center",131,131,131,131,131,131,0,0
"2040","Amsterdam_Zuid",150,150,150,150,150,150,0,0
"2041","Amsterdam_West",150,150,150,150,150,150,0,0
"2042","Amsterdam_Noord",200,200,200,200,200,200,0,0
"2043","Amsterdam_Zuid",180,180,180,180,180,180,0,0
"2044","Amsterdam_Noord",129,146,129,129,129,129,0,0
"2045","Amsterdam_West",169,169,169,169,169,169,0,0
"2046","Amsterdam_Center",160,196,278,214,120,138,-22,22
"2047","Amsterdam_Center",152,187,265,203,114,134,-18,18
"2048","Amsterdam_West",130,130,130,130,130,130,0,0
"2049","Amsterdam_Oost",250,250,250,250,250,185,-65,65
"2050","Amsterdam_West",100,90,90,90,90,90,-10,10
"2051","Amsterdam_Center",120,120,120,120,120,120,0,0
"2052","Amsterdam_West",180,180,180,180,180,180,0,0
"2053","Amsterdam_Zuid",124,124,124,124,124,124,0,0
"2054","Amsterdam_Center",119,119,119,119,119,119,0,0
"2055","Amsterdam_West",150,150,150,150,150,150,0,0
"2056","Amsterdam_Nieuw_west",75,75,75,75,75,75,0,0
"2057","Amsterdam_West",90,90,90,90,90,90,0,0
"2058","Amsterdam_Oost",220,220,220,220,220,220,0,0
"2059","Amsterdam_Zuid",110,110,110,110,110,110,0,0
"2060","Amsterdam_Nieuw_west",50,50,50,50,50,50,0,0
"2061","Amsterdam_Oost",320,320,320,320,320,320,0,0
"2062","Amsterdam_West",140,140,140,140,140,140,0,0
"2063","Amsterdam_Center",181,180,120,150,150,211,30,30
"2064","Amsterdam_Oost",120,120,120,120,105,120,0,0
"2065","Amsterdam_West",150,150,150,150,150,150,0,0
"2066","Amsterdam_Center",75,75,75,75,75,75,0,0
"2067","Amsterdam_Oost",149,149,149,149,149,149,0,0
"2068","Amsterdam_Nieuw_west",200,200,200,200,200,200,0,0
"2069","Amsterdam_Zuid",78,78,79,79,80,78,0,0
"2070","Amsterdam_Oost",125,125,125,125,125,125,0,0
"2071","Amsterdam_West",160,160,160,160,160,160,0,0
"2072","Amsterdam_Zuid",110,110,110,110,110,110,0,0
"2073","Amsterdam_Oost",259,259,259,259,259,259,0,0
"2074","Amsterdam_West",80,80,80,80,80,95,15,15
"2075","Amsterdam_Center",160,160,160,160,160,160,0,0
"2076","Amsterdam_Oost",125,125,125,125,125,125,0,0
"2077","Amsterdam_West",140,140,140,140,140,140,0,0
"2078","Amsterdam_Nieuw_west",40,40,40,40,40,40,0,0
"2079","Amsterdam_Zuid",99,99,99,99,99,99,0,0
"2080","Amsterdam_Zuidoost",50,50,50,50,50,50,0,0
"2081","Amsterdam_Zuid",115,115,115,115,115,115,0,0
"2082","Amsterdam_West",120,120,120,120,120,120,0,0
"2083","Amsterdam_Zuid",74,74,74,74,74,74,0,0
"2084","Amsterdam_Noord",95,95,95,95,95,95,0,0
"2085","Amsterdam_West",103,103,103,103,103,103,0,0
"2086","Amsterdam_West",250,250,250,250,250,250,0,0
"2087","Amsterdam_Zuid",90,90,90,90,90,90,0,0
"2088","Amsterdam_West",200,200,200,200,200,200,0,0
"2089","Amsterdam_West",110,175,175,175,115,175,65,65
"2090","Amsterdam_West",130,130,130,130,130,130,0,0
"2091","Amsterdam_Center",132,132,132,132,132,132,0,0
"2092","Amsterdam_Zuid",120,120,120,120,120,120,0,0
"2093","Amsterdam_Zuid",300,300,300,300,300,300,0,0
"2094","Amsterdam_West",95,95,95,95,95,95,0,0
"2095","Amsterdam_Zuid",80,80,80,80,80,80,0,0
"2096","Amsterdam_Zuidoost",48,48,48,48,48,48,0,0
"2097","Amsterdam_Nieuw_west",375,375,375,375,375,375,0,0
"2098","Amsterdam_Center",100,100,100,100,127,117,17,17
"2099","Amsterdam_Zuid",180,180,180,180,180,180,0,0
"2100","Amsterdam_Oost",169,169,169,169,169,169,0,0
"2101","Amsterdam_Zuid",155,155,155,155,155,155,0,0
"2102","Amsterdam_Oost",100,100,100,100,100,100,0,0
"2103","Amsterdam_West",120,120,120,120,120,120,0,0
"2104","Amsterdam_West",120,120,120,120,120,120,0,0
"2105","Amsterdam_Center",475,475,475,475,475,507,32,32
"2106","Amsterdam_West",180,180,180,180,180,180,0,0
"2107","Amsterdam_Oost",350,350,350,350,350,350,0,0
"2108","Amsterdam_Oost",151,151,151,151,151,151,0,0
"2109","Amsterdam_Noord",130,130,130,130,130,130,0,0
"2110","Amsterdam_Noord",104,104,104,104,104,104,0,0
"2111","Amsterdam_West",89,89,89,89,89,89,0,0
"2112","Amsterdam_West",120,120,120,120,120,120,0,0
"2113","Amsterdam_Center",150,150,150,150,150,150,0,0
"2114","Amsterdam_Zuid",295,295,295,282,263,304,9,9
"2115","Amsterdam_Center",79,79,79,79,79,79,0,0
"2116","Amsterdam_Zuid",275,275,275,275,275,275,0,0
"2117","Amsterdam_West",300,300,300,300,300,300,0,0
"2118","Amsterdam_Zuid",119,119,119,119,119,119,0,0
"2119","Amsterdam_Oost",110,100,100,75,65,50,-60,60
"2120","Amsterdam_Center",198,195,195,500,300,440,242,242
"2121","Amsterdam_West",100,100,100,100,100,100,0,0
"2122","Amsterdam_Oost",225,225,225,225,225,225,0,0
"2123","Amsterdam_Nieuw_west",80,80,80,80,80,80,0,0
"2124","Amsterdam_Zuid",175,175,175,175,175,175,0,0
"2125","Amsterdam_Center",151,151,151,151,151,151,0,0
"2126","Amsterdam_West",189,189,189,189,189,189,0,0
"2127","Amsterdam_Zuid",100,99,99,114,114,114,14,14
"2128","Amsterdam_Zuid",395,395,395,395,395,395,0,0
"2129","Amsterdam_Zuid",85,85,85,85,85,85,0,0
"2130","Amsterdam_West",110,110,110,100,110,110,0,0
"2131","Amsterdam_West",109,109,109,109,109,109,0,0
"2132","Amsterdam_Zuidoost",30,30,30,30,30,30,0,0
"2133","Amsterdam_Center",145,145,145,145,145,145,0,0
"2134","Amsterdam_West",499,499,499,499,699,699,200,200
"2135","Amsterdam_Center",250,250,250,250,250,250,0,0
"2136","Amsterdam_Oost",150,150,150,150,150,130,-20,20
"2137","Amsterdam_Zuidoost",170,170,170,170,170,170,0,0
"2138","Amsterdam_Noord",123,123,123,123,123,123,0,0
"2139","Amsterdam_Oost",135,135,135,135,135,135,0,0
"2140","Amsterdam_Oost",102,102,102,102,102,102,0,0
"2141","Amsterdam_West",129,125,125,125,125,134,5,5
"2142","Amsterdam_Zuid",125,125,125,125,125,125,0,0
"2143","Amsterdam_Nieuw_west",40,40,40,40,40,40,0,0
"2144","Amsterdam_Center",165,164,165,166,168,164,-1,1
"2145","Amsterdam_Oost",65,65,65,65,65,65,0,0
"2146","Amsterdam_West",139,139,139,139,139,139,0,0
"2147","Amsterdam_Oost",120,120,120,120,120,120,0,0
"2148","Amsterdam_Noord",49,49,49,49,49,49,0,0
"2149","Amsterdam_West",85,85,85,85,85,85,0,0
"2150","Amsterdam_West",59,105,105,105,105,124,65,65
"2151","Amsterdam_West",220,220,220,220,220,220,0,0
"2152","Amsterdam_Zuid",206,206,206,206,206,206,0,0
"2153","Amsterdam_Zuid",420,420,420,420,420,420,0,0
"2154","Amsterdam_Zuid",92,92,92,92,92,92,0,0
"2155","Amsterdam_Zuid",209,209,209,209,209,209,0,0
"2156","Amsterdam_Center",295,295,295,295,295,295,0,0
"2157","Amsterdam_Zuid",131,131,131,131,131,131,0,0
"2158","Amsterdam_Center",149,149,149,149,149,149,0,0
"2159","Amsterdam_Oost",175,175,175,175,175,175,0,0
"2160","Amsterdam_West",100,100,100,100,100,100,0,0
"2161","Amsterdam_West",175,175,175,175,185,175,0,0
"2162","Amsterdam_West",1119,1119,1119,1119,1119,1119,0,0
"2163","Amsterdam_Center",219,219,219,219,219,219,0,0
"2164","Amsterdam_Center",74,53,56,57,58,104,30,30
"2165","Amsterdam_Center",120,120,120,120,120,120,0,0
"2166","Amsterdam_Oost",150,150,150,150,150,150,0,0
"2167","Amsterdam_West",125,125,125,125,125,125,0,0
"2168","Amsterdam_Oost",86,86,86,75,65,75,-11,11
"2169","Amsterdam_Center",140,140,140,140,140,140,0,0
"2170","Amsterdam_Zuid",128,128,128,128,128,128,0,0
"2171","Amsterdam_Zuid",150,150,150,150,150,150,0,0
"2172","Amsterdam_West",87,87,87,87,87,87,0,0
"2173","Amsterdam_Zuid",299,299,299,299,299,299,0,0
"2174","Amsterdam_Noord",150,150,150,150,150,150,0,0
"2175","Amsterdam_Zuid",130,130,130,130,130,130,0,0
"2176","Amsterdam_Oost",145,145,145,145,145,145,0,0
"2177","Amsterdam_Zuid",99,99,99,99,99,99,0,0
"2178","Amsterdam_West",160,160,160,160,160,190,30,30
"2179","Amsterdam_Oost",195,195,195,195,195,195,0,0
"2180","Amsterdam_West",116,116,116,116,116,116,0,0
"2181","Amsterdam_Center",180,180,180,180,180,180,0,0
"2182","Amsterdam_West",479,475,475,475,475,475,-4,4
"2183","Amsterdam_West",225,225,225,225,225,225,0,0
"2184","Amsterdam_West",65,65,65,65,65,65,0,0
"2185","Amsterdam_Oost",499,499,499,499,499,499,0,0
"2186","Amsterdam_Center",175,175,175,175,175,175,0,0
"2187","Amsterdam_Center",299,299,299,299,299,299,0,0
"2188","Amsterdam_Center",200,200,200,200,200,200,0,0
"2189","Amsterdam_West",140,140,140,140,140,140,0,0
"2190","Amsterdam_Oost",99,99,99,99,99,99,0,0
"2191","Amsterdam_West",186,186,186,186,186,186,0,0
"2192","Amsterdam_West",70,70,70,70,70,70,0,0
"2193","Amsterdam_Zuid",37,37,37,37,37,37,0,0
"2194","Amsterdam_West",129,129,129,129,129,129,0,0
"2195","Amsterdam_Noord",70,70,70,70,70,70,0,0
"2196","Amsterdam_Oost",90,90,90,90,90,90,0,0
"2197","Amsterdam_Zuid",220,220,220,220,220,220,0,0
"2198","Amsterdam_Oost",160,160,160,160,160,160,0,0
"2199","Amsterdam_Center",40,40,40,40,45,58,18,18
"2200","Amsterdam_Center",76,77,77,75,75,75,-1,1
"2201","Amsterdam_West",225,225,225,225,225,225,0,0
"2202","Amsterdam_Noord",125,125,125,125,125,150,25,25
"2203","Amsterdam_Oost",120,97,120,80,110,90,-30,30
"2204","Amsterdam_Noord",75,75,75,75,75,75,0,0
"2205","Amsterdam_Center",40,40,40,40,40,40,0,0
"2206","Amsterdam_Zuid",60,60,60,60,60,60,0,0
"2207","Amsterdam_West",147,147,147,147,147,147,0,0
"2208","Amsterdam_Center",88,88,88,83,80,80,-8,8
"2209","Amsterdam_Oost",99,99,99,99,99,99,0,0
"2210","Amsterdam_West",153,153,153,153,153,153,0,0
"2211","Amsterdam_West",90,90,90,90,90,90,0,0
"2212","Amsterdam_Zuid",130,130,130,130,130,185,55,55
"2213","Amsterdam_Center",100,100,100,100,100,100,0,0
"2214","Amsterdam_Oost",135,135,135,135,135,135,0,0
"2215","Amsterdam_Oost",300,300,300,300,300,300,0,0
"2216","Amsterdam_West",85,85,85,85,85,85,0,0
"2217","Amsterdam_West",145,145,145,145,145,145,0,0
"2218","Amsterdam_Zuid",185,185,185,185,185,185,0,0
"2219","Amsterdam_West",110,110,110,110,110,110,0,0
"2220","Amsterdam_Zuid",120,120,120,120,120,120,0,0
"2221","Amsterdam_Nieuw_west",150,150,150,150,150,150,0,0
"2222","Amsterdam_West",130,130,130,130,130,130,0,0
"2223","Amsterdam_West",140,140,140,140,140,140,0,0
"2224","Amsterdam_Center",185,185,185,185,185,185,0,0
"2225","Amsterdam_Zuid",105,105,105,105,105,105,0,0
"2226","Amsterdam_West",82,82,82,82,82,82,0,0
"2227","Amsterdam_Center",200,200,200,200,200,200,0,0
"2228","Amsterdam_West",60,60,60,90,90,90,30,30
"2229","Amsterdam_West",48,48,48,48,48,48,0,0
"2230","Amsterdam_West",92,92,92,92,92,92,0,0
"2231","Amsterdam_West",150,150,150,150,150,150,0,0
"2232","Amsterdam_Oost",99,99,99,99,99,99,0,0
"2233","Amsterdam_Center",160,160,160,160,160,160,0,0
"2234","Amsterdam_Zuid",120,120,120,120,120,120,0,0
"2235","Amsterdam_West",100,100,100,100,100,100,0,0
"2236","Amsterdam_Center",120,110,110,110,110,110,-10,10
"2237","Amsterdam_Zuid",95,95,95,95,95,95,0,0
"2238","Amsterdam_Zuid",150,150,150,150,150,150,0,0
"2239","Amsterdam_Oost",99,99,99,99,99,99,0,0
"2240","Amsterdam_Center",85,85,114,114,114,119,34,34
"2241","Amsterdam_Oost",76,86,86,86,98,81,5,5
"2242","Amsterdam_West",233,233,233,233,233,233,0,0
"2243","Amsterdam_Zuid",206,206,206,206,206,206,0,0
"2244","Amsterdam_Oost",125,125,125,125,125,125,0,0
"2245","Amsterdam_Zuid",160,160,160,160,160,160,0,0
"2246","Amsterdam_Oost",130,130,130,130,130,130,0,0
"2247","Amsterdam_Oost",100,100,100,100,100,100,0,0
"2248","Amsterdam_West",260,160,161,181,215,145,-115,115
"2249","Amsterdam_Zuid",150,150,150,150,150,150,0,0
"2250","Amsterdam_Center",130,130,130,130,130,130,0,0
"2251","Amsterdam_Zuid",200,292,292,292,289,292,92,92
"2252","Amsterdam_Center",133,133,133,133,133,133,0,0
"2253","Amsterdam_Oost",260,260,260,260,260,260,0,0
"2254","Amsterdam_West",136,136,136,136,136,136,0,0
"2255","Amsterdam_West",69,69,69,69,69,69,0,0
"2256","Amsterdam_Center",150,150,150,150,150,150,0,0
"2257","Amsterdam_Noord",75,75,75,75,75,75,0,0
"2258","Amsterdam_Zuid",84,84,84,84,84,84,0,0
"2259","Amsterdam_West",108,108,108,108,108,108,0,0
"2260","Amsterdam_Oost",95,95,95,95,95,95,0,0
"2261","Amsterdam_Center",250,250,250,250,250,250,0,0
"2262","Amsterdam_Center",149,149,149,149,149,149,0,0
"2263","Amsterdam_West",115,115,115,115,115,115,0,0
"2264","Amsterdam_West",123,140,100,90,90,90,-33,33
"2265","Amsterdam_Center",180,180,180,180,180,180,0,0
"2266","Amsterdam_Noord",100,100,100,100,100,100,0,0
"2267","Amsterdam_Oost",75,75,75,75,75,75,0,0
"2268","Amsterdam_Oost",70,70,70,70,70,70,0,0
"2269","Amsterdam_Zuidoost",65,65,65,65,65,65,0,0
"2270","Amsterdam_West",135,135,135,135,135,170,35,35
"2271","Amsterdam_Zuid",125,125,125,125,125,125,0,0
"2272","Amsterdam_Center",457,457,457,457,400,457,0,0
"2273","Amsterdam_Oost",115,115,115,115,115,115,0,0
"2274","Amsterdam_Zuid",149,149,149,149,149,149,0,0
"2275","Amsterdam_Nieuw_west",85,85,85,85,85,85,0,0
"2276","Amsterdam_West",145,145,145,145,145,145,0,0
"2277","Amsterdam_Noord",82,82,82,82,82,82,0,0
"2278","Amsterdam_West",90,90,90,90,90,90,0,0
"2279","Amsterdam_Oost",220,220,220,220,220,220,0,0
"2280","Amsterdam_Zuid",175,175,175,175,199,199,24,24
"2281","Amsterdam_West",120,120,120,120,120,120,0,0
"2282","Amsterdam_Center",139,139,139,139,139,139,0,0
"2283","Amsterdam_Center",170,170,170,170,170,170,0,0
"2284","Amsterdam_West",80,80,80,80,80,80,0,0
"2285","Amsterdam_West",98,98,98,98,98,98,0,0
"2286","Amsterdam_Oost",100,100,100,100,100,100,0,0
"2287","Amsterdam_West",140,140,140,140,140,140,0,0
"2288","Amsterdam_Oost",71,71,71,71,71,71,0,0
"2289","Amsterdam_Oost",180,180,180,180,180,180,0,0
"2290","Amsterdam_West",186,186,186,186,186,186,0,0
"2291","Amsterdam_Zuid",90,90,90,90,90,90,0,0
"2292","Amsterdam_West",128,128,128,128,128,128,0,0
"2293","Amsterdam_Zuid",160,160,160,160,160,160,0,0
"2294","Amsterdam_West",136,136,136,136,136,136,0,0
"2295","Amsterdam_West",266,245,245,245,245,245,-21,21
"2296","Amsterdam_Center",99,99,99,99,99,99,0,0
"2297","Amsterdam_Center",160,160,160,160,160,160,0,0
"2298","Amsterdam_Noord",150,150,150,150,150,150,0,0
"2299","Amsterdam_Zuidoost",80,80,80,80,80,80,0,0
"2300","Amsterdam_Center",30,30,30,30,30,30,0,0
"2301","Amsterdam_Center",60,85,85,85,85,85,25,25
"2302","Amsterdam_Center",60,60,60,60,60,60,0,0
"2303","Amsterdam_West",220,220,220,220,155,155,-65,65
"2304","Amsterdam_Zuid",75,75,75,75,75,75,0,0
"2305","Amsterdam_West",80,80,80,80,80,80,0,0
"2306","Amsterdam_West",120,120,120,120,120,120,0,0
"2307","Amsterdam_West",99,99,99,99,99,99,0,0
"2308","Amsterdam_Nieuw_west",118,118,118,118,118,118,0,0
"2309","Amsterdam_Oost",130,130,130,130,130,130,0,0
"2310","Amsterdam_West",104,104,104,104,104,104,0,0
"2311","Amsterdam_Center",95,96,102,103,149,117,22,22
"2312","Amsterdam_Zuid",121,124,139,139,139,114,-7,7
"2313","Amsterdam_Center",175,175,175,175,175,175,0,0
"2314","Amsterdam_Zuid",71,71,71,71,71,71,0,0
"2315","Amsterdam_West",100,100,100,100,100,100,0,0
"2316","Amsterdam_West",195,195,195,195,195,195,0,0
"2317","Amsterdam_West",245,245,245,245,245,245,0,0
"2318","Amsterdam_West",75,75,75,75,75,75,0,0
"2319","Amsterdam_Zuid",119,119,119,119,119,119,0,0
"2320","Amsterdam_West",106,106,106,106,106,106,0,0
"2321","Amsterdam_Oost",75,75,75,75,75,75,0,0
"2322","Amsterdam_West",135,135,135,135,135,135,0,0
"2323","Amsterdam_Center",75,75,75,75,75,75,0,0
"2324","Amsterdam_Center",65,65,130,130,130,130,65,65
"2325","Amsterdam_Zuid",250,250,250,250,250,250,0,0
"2326","Amsterdam_Zuid",128,115,95,115,77,87,-41,41
"2327","Amsterdam_West",92,92,92,92,92,92,0,0
"2328","Amsterdam_Oost",250,250,250,250,250,250,0,0
"2329","Amsterdam_West",50,50,50,50,50,50,0,0
"2330","Amsterdam_Zuid",120,120,120,120,120,120,0,0
"2331","Amsterdam_Noord",125,125,125,125,125,125,0,0
"2332","Amsterdam_Center",230,230,230,230,230,230,0,0
"2333","Amsterdam_Oost",120,120,120,120,120,120,0,0
"2334","Amsterdam_West",125,125,125,125,125,125,0,0
"2335","Amsterdam_West",150,150,150,150,150,150,0,0
"2336","Amsterdam_Zuid",91,91,91,91,91,91,0,0
"2337","Amsterdam_Zuid",95,95,95,95,95,95,0,0
"2338","Amsterdam_Zuid",120,120,120,120,120,120,0,0
"2339","Amsterdam_West",101,103,102,102,102,102,1,1
"2340","Amsterdam_Oost",86,86,86,86,86,86,0,0
"2341","Amsterdam_Oost",48,48,48,48,48,48,0,0
"2342","Amsterdam_Oost",249,249,249,249,249,249,0,0
"2343","Amsterdam_Oost",81,81,81,81,81,81,0,0
"2344","Amsterdam_West",180,180,180,180,180,180,0,0
"2345","Amsterdam_West",107,107,107,107,107,107,0,0
"2346","Amsterdam_Zuid",150,150,150,150,150,150,0,0
"2347","Amsterdam_Center",79,79,79,79,79,79,0,0
"2348","Amsterdam_Center",79,79,79,79,79,79,0,0
"2349","Amsterdam_West",125,125,125,125,125,125,0,0
"2350","Amsterdam_West",125,125,125,125,125,125,0,0
"2351","Amsterdam_Center",150,150,150,150,150,150,0,0
"2352","Amsterdam_West",135,135,135,135,135,135,0,0
"2353","Amsterdam_West",56,56,56,56,56,56,0,0
"2354","Amsterdam_Oost",106,100,100,100,100,100,-6,6
"2355","Amsterdam_Center",175,175,175,175,175,175,0,0
"2356","Amsterdam_Zuidoost",2000,2000,2000,2000,2000,2000,0,0
"2357","Amsterdam_Zuid",180,180,180,180,180,180,0,0
"2358","Amsterdam_Zuid",120,120,120,120,120,120,0,0
"2359","Amsterdam_West",86,96,111,111,111,111,25,25
"2360","Amsterdam_Zuid",120,120,120,120,120,120,0,0
"2361","Amsterdam_West",119,119,119,119,119,119,0,0
"2362","Amsterdam_West",110,110,110,110,110,110,0,0
"2363","Amsterdam_Zuid",150,150,150,150,150,150,0,0
"2364","Amsterdam_West",100,100,100,100,100,100,0,0
"2365","Amsterdam_Nieuw_west",125,125,125,125,125,125,0,0
"2366","Amsterdam_West",325,325,325,325,325,325,0,0
"2367","Amsterdam_West",96,96,96,96,96,96,0,0
"2368","Amsterdam_Oost",320,320,320,320,320,320,0,0
"2369","Amsterdam_Zuid",356,360,360,360,360,360,4,4
"2370","Amsterdam_West",119,119,119,119,119,119,0,0
"2371","Amsterdam_Nieuw_west",100,100,100,100,100,100,0,0
"2372","Amsterdam_West",225,225,225,225,225,225,0,0
"2373","Amsterdam_West",100,100,100,100,100,100,0,0
"2374","Amsterdam_Oost",82,79,82,97,92,141,59,59
"2375","Amsterdam_Oost",200,200,200,200,200,200,0,0
"2376","Amsterdam_West",256,399,363,363,363,363,107,107
"2377","Amsterdam_Oost",121,121,121,121,121,121,0,0
"2378","Amsterdam_West",80,80,80,80,80,80,0,0
"2379","Amsterdam_West",125,125,125,125,125,125,0,0
"2380","Amsterdam_Zuid",120,120,120,120,120,120,0,0
"2381","Amsterdam_Oost",125,125,125,125,125,125,0,0
"2382","Amsterdam_Zuid",116,116,116,116,116,116,0,0
"2383","Amsterdam_Center",90,90,90,90,90,90,0,0
"2384","Amsterdam_Zuidoost",50,50,50,50,50,50,0,0
"2385","Amsterdam_Zuid",84,84,84,84,84,84,0,0
"2386","Amsterdam_Zuidoost",55,55,55,55,55,55,0,0
"2387","Amsterdam_Zuid",299,299,299,299,299,299,0,0
"2388","Amsterdam_West",130,130,130,130,130,130,0,0
"2389","Amsterdam_Zuid",96,96,96,96,96,96,0,0
"2390","Amsterdam_Center",128,128,128,128,128,128,0,0
"2391","Amsterdam_West",113,113,113,113,113,113,0,0
"2392","Amsterdam_Center",100,100,100,100,100,100,0,0
"2393","Amsterdam_West",35,32,45,80,80,80,45,45
"2394","Amsterdam_West",120,120,120,120,120,120,0,0
"2395","Amsterdam_Oost",125,125,125,125,125,125,0,0
"2396","Amsterdam_Zuid",85,90,86,86,93,103,18,18
"2397","Amsterdam_Zuid",85,90,86,86,93,101,16,16
"2398","Amsterdam_West",85,85,85,85,85,85,0,0
"2399","Amsterdam_West",250,250,250,250,250,250,0,0
"2400","Amsterdam_Oost",300,300,300,300,300,300,0,0
"2401","Amsterdam_Zuid",119,119,119,119,119,119,0,0
"2402","Amsterdam_Oost",120,120,120,120,120,120,0,0
"2403","Amsterdam_West",125,125,125,125,125,125,0,0
"2404","Amsterdam_West",90,90,90,90,90,90,0,0
"2405","Amsterdam_Center",165,165,165,165,165,165,0,0
"2406","Amsterdam_West",100,100,100,100,100,100,0,0
"2407","Amsterdam_Zuidoost",50,50,50,50,50,50,0,0
"2408","Amsterdam_Oost",180,180,180,180,180,180,0,0
"2409","Amsterdam_Zuid",300,300,300,300,300,300,0,0
"2410","Amsterdam_West",182,182,182,182,182,182,0,0
"2411","Amsterdam_Oost",113,113,113,113,113,113,0,0
"2412","Amsterdam_Center",150,150,150,150,150,150,0,0
"2413","Amsterdam_West",149,149,149,149,149,149,0,0
"2414","Amsterdam_Oost",225,225,225,225,225,225,0,0
"2415","Amsterdam_Zuid",98,98,98,98,98,98,0,0
"2416","Amsterdam_Oost",225,225,225,225,225,225,0,0
"2417","Amsterdam_West",99,99,99,99,99,99,0,0
"2418","Amsterdam_Oost",209,209,209,209,209,209,0,0
"2419","Amsterdam_Oost",90,90,90,90,90,90,0,0
"2420","Amsterdam_Oost",134,134,134,134,134,134,0,0
"2421","Amsterdam_West",130,150,150,150,150,150,20,20
"2422","Amsterdam_West",99,99,99,99,99,99,0,0
"2423","Amsterdam_West",121,121,121,121,121,121,0,0
"2424","Amsterdam_Zuid",110,110,110,110,110,110,0,0
"2425","Amsterdam_Center",200,200,200,200,200,200,0,0
"2426","Amsterdam_Nieuw_west",51,51,51,51,51,51,0,0
"2427","Amsterdam_West",115,115,115,115,115,115,0,0
"2428","Amsterdam_Nieuw_west",89,89,89,70,89,89,0,0
"2429","Amsterdam_Zuid",175,175,175,175,175,175,0,0
"2430","Amsterdam_Noord",95,95,95,95,95,95,0,0
"2431","Amsterdam_West",100,100,100,100,100,100,0,0
"2432","Amsterdam_West",250,250,250,250,250,250,0,0
"2433","Amsterdam_Center",300,300,300,300,300,300,0,0
"2434","Amsterdam_Zuid",150,150,150,150,150,150,0,0
"2435","Amsterdam_Noord",92,92,92,92,92,92,0,0
"2436","Amsterdam_Zuid",110,110,110,110,110,110,0,0
"2437","Amsterdam_Noord",75,75,75,75,75,75,0,0
"2438","Amsterdam_West",250,225,225,225,225,225,-25,25
"2439","Amsterdam_Oost",135,135,135,135,135,135,0,0
"2440","Amsterdam_West",100,100,100,100,100,100,0,0
"2441","Amsterdam_Zuid",108,108,108,108,102,108,0,0
"2442","Amsterdam_Noord",195,195,195,195,195,195,0,0
"2443","Amsterdam_West",200,200,200,200,200,200,0,0
"2444","Amsterdam_Center",128,128,128,128,128,128,0,0
"2445","Amsterdam_Oost",150,150,150,150,150,150,0,0
"2446","Amsterdam_Center",200,200,200,200,200,200,0,0
"2447","Amsterdam_Oost",120,120,120,120,120,120,0,0
"2448","Amsterdam_Oost",200,200,200,200,200,200,0,0
"2449","Amsterdam_West",100,100,100,100,100,100,0,0
"2450","Amsterdam_Zuid",129,129,129,129,129,129,0,0
"2451","Amsterdam_West",149,149,149,149,149,149,0,0
"2452","Amsterdam_Center",125,125,125,125,125,125,0,0
"2453","Amsterdam_Oost",75,75,75,75,75,75,0,0
"2454","Amsterdam_West",113,113,113,113,113,113,0,0
"2455","Amsterdam_Zuid",119,119,119,119,119,119,0,0
"2456","Amsterdam_Center",250,250,250,250,250,250,0,0
"2457","Amsterdam_Nieuw_west",75,75,75,75,75,75,0,0
"2458","Amsterdam_West",149,149,149,149,149,149,0,0
"2459","Amsterdam_Zuid",225,225,225,225,225,225,0,0
"2460","Amsterdam_West",120,120,120,120,120,120,0,0
"2461","Amsterdam_West",145,145,145,145,145,145,0,0
"2462","Amsterdam_West",170,170,170,170,170,170,0,0
"2463","Amsterdam_West",149,149,149,149,149,149,0,0
"2464","Amsterdam_Center",106,102,110,112,119,114,8,8
"2465","Amsterdam_West",90,90,90,90,90,90,0,0
"2466","Amsterdam_West",185,185,185,185,185,185,0,0
"2467","Amsterdam_West",125,125,125,125,125,125,0,0
"2468","Amsterdam_Noord",250,250,250,250,250,250,0,0
"2469","Amsterdam_Center",105,105,105,105,105,105,0,0
"2470","Amsterdam_West",119,119,119,119,119,119,0,0
"2471","Amsterdam_Noord",60,60,60,60,60,60,0,0
"2472","Amsterdam_Center",145,145,145,145,145,145,0,0
"2473","Amsterdam_Center",163,163,163,163,163,163,0,0
"2474","Amsterdam_Noord",183,183,183,183,183,183,0,0
"2475","Amsterdam_Center",79,79,79,79,79,79,0,0
"2476","Amsterdam_Oost",64,79,79,79,59,59,-5,5
"2477","Amsterdam_Zuid",180,180,180,180,180,180,0,0
"2478","Amsterdam_West",177,177,177,177,177,177,0,0
"2479","Amsterdam_West",100,100,100,100,100,100,0,0
"2480","Amsterdam_Oost",86,86,86,86,86,86,0,0
"2481","Amsterdam_Zuid",149,149,149,149,149,149,0,0
"2482","Amsterdam_Zuid",400,400,314,200,200,200,-200,200
"2483","Amsterdam_Oost",119,140,140,140,140,140,21,21
"2484","Amsterdam_West",231,231,231,231,231,231,0,0
"2485","Amsterdam_Oost",185,185,185,185,185,185,0,0
"2486","Amsterdam_West",150,150,150,150,150,150,0,0
"2487","Amsterdam_Noord",150,150,150,150,150,150,0,0
"2488","Amsterdam_Noord",75,75,75,75,75,75,0,0
"2489","Amsterdam_West",90,90,90,90,90,90,0,0
"2490","Amsterdam_Zuid",105,105,105,105,105,105,0,0
"2491","Amsterdam_Center",60,60,60,60,60,60,0,0
"2492","Amsterdam_West",140,140,140,140,140,140,0,0
"2493","Amsterdam_West",105,105,105,105,105,105,0,0
"2494","Amsterdam_Zuid",246,246,246,246,246,246,0,0
"2495","Amsterdam_Oost",125,125,125,125,125,125,0,0
"2496","Amsterdam_West",119,119,119,119,119,119,0,0
"2497","Amsterdam_Center",169,169,169,169,169,169,0,0
"2498","Amsterdam_West",150,150,150,150,150,150,0,0
"2499","Amsterdam_West",95,95,95,95,120,120,25,25
"2500","Amsterdam_Center",179,179,179,179,179,179,0,0
"2501","Amsterdam_Center",100,100,100,100,100,100,0,0
"2502","Amsterdam_Nieuw_west",81,81,81,81,81,81,0,0
"2503","Amsterdam_Oost",75,75,75,75,75,75,0,0
"2504","Amsterdam_West",138,138,138,138,138,138,0,0
"2505","Amsterdam_West",210,210,210,210,210,210,0,0
"2506","Amsterdam_Center",132,132,132,132,132,132,0,0
"2507","Amsterdam_Center",300,300,300,300,300,300,0,0
"2508","Amsterdam_Zuid",83,83,83,83,83,83,0,0
"2509","Amsterdam_Center",90,90,90,90,90,90,0,0
"2510","Amsterdam_West",200,200,200,200,200,200,0,0
"2511","Amsterdam_Oost",160,160,160,160,160,160,0,0
"2512","Amsterdam_West",128,128,128,128,128,128,0,0
"2513","Amsterdam_Center",150,150,150,150,150,150,0,0
"2514","Amsterdam_West",245,245,245,245,245,245,0,0
"2515","Amsterdam_Oost",135,135,135,135,135,135,0,0
"2516","Amsterdam_Noord",135,135,135,135,135,135,0,0
"2517","Amsterdam_Center",195,195,195,195,195,195,0,0
"2518","Amsterdam_Noord",60,60,60,60,60,60,0,0
"2519","Amsterdam_West",99,99,99,99,99,99,0,0
"2520","Amsterdam_Center",581,581,581,581,581,581,0,0
"2521","Amsterdam_West",200,200,200,200,200,200,0,0
"2522","Amsterdam_Zuid",265,265,265,265,265,265,0,0
"2523","Amsterdam_Noord",75,75,75,75,75,75,0,0
"2524","Amsterdam_Oost",85,85,85,85,85,85,0,0
"2525","Amsterdam_Center",300,300,300,300,300,300,0,0
"2526","Amsterdam_Oost",130,130,130,130,130,130,0,0
"2527","Amsterdam_Oost",120,120,120,120,120,120,0,0
"2528","Amsterdam_Oost",139,139,139,139,139,139,0,0
"2529","Amsterdam_West",1150,1150,1150,1150,1150,1150,0,0
"2530","Amsterdam_Center",230,230,230,230,230,230,0,0
"2531","Amsterdam_West",115,115,115,115,115,116,1,1
"2532","Amsterdam_West",194,194,194,194,194,194,0,0
"2533","Amsterdam_West",90,90,90,90,90,90,0,0
"2534","Amsterdam_Oost",99,99,99,99,99,99,0,0
"2535","Amsterdam_Nieuw_west",77,77,77,77,77,77,0,0
"2536","Amsterdam_West",275,275,275,275,275,275,0,0
"2537","Amsterdam_Noord",120,120,120,120,120,120,0,0
"2538","Amsterdam_West",175,175,175,175,175,175,0,0
"2539","Amsterdam_West",495,495,495,495,445,445,-50,50
"2540","Amsterdam_West",133,133,133,133,133,133,0,0
"2541","Amsterdam_West",145,145,145,145,145,145,0,0
"2542","Amsterdam_Oost",195,195,195,195,195,195,0,0
"2543","Amsterdam_Noord",110,110,110,110,110,110,0,0
"2544","Amsterdam_West",125,125,125,125,125,125,0,0
"2545","Amsterdam_Zuid",67,75,101,159,115,105,38,38
"2546","Amsterdam_Zuid",200,200,200,200,200,200,0,0
"2547","Amsterdam_Zuid",135,210,210,210,210,176,41,41
"2548","Amsterdam_West",110,110,110,110,110,110,0,0
"2549","Amsterdam_Zuid",400,400,400,400,400,400,0,0
"2550","Amsterdam_Center",105,105,105,105,105,105,0,0
"2551","Amsterdam_Center",210,210,210,210,210,210,0,0
"2552","Amsterdam_Zuid",225,225,225,225,225,225,0,0
"2553","Amsterdam_Noord",380,357,357,357,357,357,-23,23
"2554","Amsterdam_Zuid",250,250,250,250,250,250,0,0
"2555","Amsterdam_Zuid",95,95,95,95,95,95,0,0
"2556","Amsterdam_Center",97,97,97,97,97,97,0,0
"2557","Amsterdam_Center",295,295,295,295,295,295,0,0
"2558","Amsterdam_Oost",266,266,266,266,266,266,0,0
"2559","Amsterdam_Center",120,120,120,120,120,120,0,0
"2560","Amsterdam_Oost",100,100,100,100,100,100,0,0
"2561","Amsterdam_Center",160,160,160,160,160,160,0,0
"2562","Amsterdam_West",180,180,180,180,180,180,0,0
"2563","Amsterdam_Oost",155,155,155,155,155,155,0,0
"2564","Amsterdam_Zuid",110,110,110,110,110,110,0,0
"2565","Amsterdam_Zuid",292,292,292,292,292,292,0,0
"2566","Amsterdam_West",175,175,175,175,175,100,-75,75
"2567","Amsterdam_Nieuw_west",50,50,50,50,50,50,0,0
"2568","Amsterdam_Zuid",68,68,68,68,68,68,0,0
"2569","Amsterdam_Center",125,125,125,155,125,125,0,0
"2570","Amsterdam_Oost",159,159,159,159,159,159,0,0
"2571","Amsterdam_West",148,148,148,148,148,148,0,0
"2572","Amsterdam_Center",79,79,79,79,79,79,0,0
"2573","Amsterdam_West",100,100,100,100,100,100,0,0
"2574","Amsterdam_Zuid",95,95,95,95,95,95,0,0
"2575","Amsterdam_Zuid",140,140,140,140,140,140,0,0
"2576","Amsterdam_West",320,320,320,320,320,320,0,0
"2577","Amsterdam_Center",85,85,85,85,85,85,0,0
"2578","Amsterdam_West",85,85,85,85,85,85,0,0
"2579","Amsterdam_Oost",120,120,120,120,120,120,0,0
"2580","Amsterdam_Center",210,210,210,210,210,210,0,0
"2581","Amsterdam_West",120,120,120,120,120,120,0,0
"2582","Amsterdam_West",92,92,92,92,92,92,0,0
"2583","Amsterdam_West",92,92,92,92,92,92,0,0
"2584","Amsterdam_Noord",75,75,75,75,75,75,0,0
"2585","Amsterdam_West",92,92,92,92,92,92,0,0
"2586","Amsterdam_West",74,74,74,74,74,74,0,0
"2587","Amsterdam_Oost",165,165,165,165,165,165,0,0
"2588","Amsterdam_Oost",390,285,285,285,390,300,-90,90
"2589","Amsterdam_Oost",50,50,50,50,50,50,0,0
"2590","Amsterdam_Center",165,165,165,165,165,165,0,0
"2591","Amsterdam_Oost",169,169,169,169,169,169,0,0
"2592","Amsterdam_Noord",45,45,45,45,45,45,0,0
"2593","Amsterdam_West",157,157,157,157,157,157,0,0
"2594","Amsterdam_Oost",130,130,130,130,130,130,0,0
"2595","Amsterdam_Nieuw_west",52,52,52,52,52,52,0,0
"2596","Amsterdam_Noord",89,89,120,120,119,113,24,24
"2597","Amsterdam_Oost",92,92,92,92,92,92,0,0
"2598","Amsterdam_Oost",400,400,400,400,400,400,0,0
"2599","Amsterdam_Center",65,65,65,65,65,65,0,0
"2600","Amsterdam_Oost",175,175,175,175,175,175,0,0
"2601","Amsterdam_Center",48,48,48,48,48,48,0,0
"2602","Amsterdam_West",92,92,92,92,92,92,0,0
"2603","Amsterdam_Zuid",105,105,105,105,105,105,0,0
"2604","Amsterdam_Zuid",122,122,122,122,122,122,0,0
"2605","Amsterdam_Center",175,175,175,175,175,175,0,0
"2606","Amsterdam_Oost",50,50,50,50,50,50,0,0
"2607","Amsterdam_Zuid",135,135,135,135,135,135,0,0
"2608","Amsterdam_Oost",200,200,200,200,200,200,0,0
"2609","Amsterdam_Noord",95,95,95,95,95,95,0,0
"2610","Amsterdam_Center",200,200,200,200,200,200,0,0
"2611","Amsterdam_West",140,140,140,140,140,140,0,0
"2612","Amsterdam_Zuid",245,245,245,245,245,245,0,0
"2613","Amsterdam_West",120,120,120,120,120,120,0,0
"2614","Amsterdam_Zuid",161,161,161,161,161,161,0,0
"2615","Amsterdam_Zuid",150,150,150,150,150,150,0,0
"2616","Amsterdam_Oost",445,445,445,445,445,445,0,0
"2617","Amsterdam_Center",70,100,100,100,95,95,25,25
"2618","Amsterdam_Center",95,95,95,95,95,95,0,0
"2619","Amsterdam_West",100,100,100,100,100,100,0,0
"2620","Amsterdam_West",115,115,115,115,115,115,0,0
"2621","Amsterdam_Center",149,149,149,149,149,149,0,0
"2622","Amsterdam_Oost",220,220,220,220,220,220,0,0
"2623","Amsterdam_Zuid",100,100,100,100,100,100,0,0
"2624","Amsterdam_Oost",139,139,139,139,139,139,0,0
"2625","Amsterdam_Noord",82,82,82,82,82,82,0,0
"2626","Amsterdam_Noord",120,120,120,120,120,120,0,0
"2627","Amsterdam_Oost",190,190,190,190,190,190,0,0
"2628","Amsterdam_West",280,280,280,280,280,280,0,0
"2629","Amsterdam_Oost",175,175,175,175,175,175,0,0
"2630","Amsterdam_Oost",195,195,195,195,195,195,0,0
"2631","Amsterdam_Zuid",50,50,50,50,50,50,0,0
"2632","Amsterdam_Zuid",175,175,175,175,175,175,0,0
"2633","Amsterdam_Center",121,121,121,121,121,121,0,0
"2634","Amsterdam_Center",250,250,250,250,250,250,0,0
"2635","Amsterdam_Zuid",80,80,80,80,80,80,0,0
"2636","Amsterdam_Oost",175,175,175,175,175,175,0,0
"2637","Amsterdam_Center",195,195,282,195,195,195,0,0
"2638","Amsterdam_Oost",185,185,185,185,185,185,0,0
"2639","Amsterdam_Center",165,165,165,165,165,165,0,0
"2640","Amsterdam_West",125,125,125,125,125,125,0,0
"2641","Amsterdam_Zuid",275,275,275,275,275,275,0,0
"2642","Amsterdam_Center",100,100,100,100,100,100,0,0
"2643","Amsterdam_Oost",110,110,110,110,110,110,0,0
"2644","Amsterdam_Zuid",135,135,135,135,135,135,0,0
"2645","Amsterdam_West",147,147,147,147,147,147,0,0
"2646","Amsterdam_Oost",275,275,275,275,275,275,0,0
"2647","Amsterdam_Oost",74,74,74,74,74,74,0,0
"2648","Amsterdam_Zuidoost",46,45,25,25,30,30,-16,16
"2649","Amsterdam_West",92,669,669,669,669,669,577,577
"2650","Amsterdam_Center",65,75,84,95,85,75,10,10
"2651","Amsterdam_Zuid",146,146,146,146,146,146,0,0
"2652","Amsterdam_West",68,68,68,68,68,68,0,0
"2653","Amsterdam_Zuid",140,140,140,158,158,198,58,58
"2654","Amsterdam_Nieuw_west",59,59,59,59,59,59,0,0
"2655","Amsterdam_West",115,115,115,115,115,115,0,0
"2656","Amsterdam_West",90,90,90,90,90,90,0,0
"2657","Amsterdam_Noord",139,139,139,139,139,139,0,0
"2658","Amsterdam_Oost",170,170,170,170,170,170,0,0
"2659","Amsterdam_West",86,86,86,86,86,86,0,0
"2660","Amsterdam_West",129,129,129,129,129,129,0,0
"2661","Amsterdam_Oost",109,109,109,109,109,109,0,0
"2662","Amsterdam_West",78,78,78,78,78,78,0,0
"2663","Amsterdam_Center",129,129,129,129,129,129,0,0
"2664","Amsterdam_West",150,150,150,150,150,150,0,0
"2665","Amsterdam_Zuid",80,80,80,80,80,80,0,0
"2666","Amsterdam_Zuid",161,142,146,154,169,170,9,9
"2667","Amsterdam_West",79,79,79,79,79,79,0,0
"2668","Amsterdam_Center",264,264,264,264,264,264,0,0
"2669","Amsterdam_Noord",200,200,200,200,200,200,0,0
"2670","Amsterdam_West",100,100,100,100,100,100,0,0
"2671","Amsterdam_Center",164,164,164,164,164,164,0,0
"2672","Amsterdam_Oost",100,100,100,100,100,100,0,0
"2673","Amsterdam_Zuid",170,170,170,170,170,170,0,0
"2674","Amsterdam_Zuid",150,150,150,150,150,150,0,0
"2675","Amsterdam_West",112,112,112,112,112,112,0,0
"2676","Amsterdam_Center",200,200,200,200,200,200,0,0
"2677","Amsterdam_West",85,85,85,85,85,250,165,165
"2678","Amsterdam_Zuid",250,250,250,250,250,250,0,0
"2679","Amsterdam_Zuid",295,295,295,295,295,295,0,0
"2680","Amsterdam_Center",175,165,165,165,165,165,-10,10
"2681","Amsterdam_West",62,60,60,60,60,60,-2,2
"2682","Amsterdam_Center",185,185,185,185,185,185,0,0
"2683","Amsterdam_West",34,34,35,36,36,36,2,2
"2684","Amsterdam_Center",140,140,140,140,140,140,0,0
"2685","Amsterdam_West",135,135,135,135,135,135,0,0
"2686","Amsterdam_West",70,70,70,70,70,70,0,0
"2687","Amsterdam_Zuid",125,125,125,125,125,150,25,25
"2688","Amsterdam_Zuid",94,124,109,123,134,152,58,58
"2689","Amsterdam_West",225,225,225,225,225,225,0,0
"2690","Amsterdam_Zuid",5,4,4,4,4,4,-1,1
"2691","Amsterdam_Noord",135,135,135,135,135,135,0,0
"2692","Amsterdam_West",149,149,149,149,149,149,0,0
"2693","Amsterdam_West",95,95,95,95,95,95,0,0
"2694","Amsterdam_West",64,64,64,64,64,64,0,0
"2695","Amsterdam_Zuid",125,125,125,125,125,125,0,0
"2696","Amsterdam_West",249,249,249,249,249,249,0,0
"2697","Amsterdam_Center",140,140,140,140,140,140,0,0
"2698","Amsterdam_West",160,95,95,95,95,95,-65,65
"2699","Amsterdam_West",166,166,166,166,166,166,0,0
"2700","Amsterdam_West",85,85,85,85,85,85,0,0
"2701","Amsterdam_Center",164,164,164,164,164,164,0,0
"2702","Amsterdam_Nieuw_west",140,140,140,140,140,140,0,0
"2703","Amsterdam_Noord",120,120,120,120,120,120,0,0
"2704","Amsterdam_Center",107,107,107,107,107,107,0,0
"2705","Amsterdam_Nieuw_west",120,120,120,120,120,120,0,0
"2706","Amsterdam_Zuid",110,110,110,110,110,110,0,0
"2707","Amsterdam_West",67,71,67,95,100,95,28,28
"2708","Amsterdam_West",340,340,340,340,340,340,0,0
"2709","Amsterdam_Zuid",300,300,300,300,300,300,0,0
"2710","Amsterdam_West",110,110,110,110,110,110,0,0
"2711","Amsterdam_Nieuw_west",300,300,300,300,300,300,0,0
"2712","Amsterdam_Oost",90,90,90,90,90,90,0,0
"2713","Amsterdam_Oost",179,179,179,179,179,179,0,0
"2714","Amsterdam_West",90,90,90,90,90,90,0,0
"2715","Amsterdam_Noord",57,57,57,57,57,57,0,0
"2716","Amsterdam_Noord",283,234,212,247,341,400,117,117
"2717","Amsterdam_Zuid",68,65,65,65,65,65,-3,3
"2718","Amsterdam_Noord",149,149,149,149,149,149,0,0
"2719","Amsterdam_West",121,121,121,121,121,121,0,0
"2720","Amsterdam_Oost",90,90,90,90,90,90,0,0
"2721","Amsterdam_Zuid",279,279,279,279,279,279,0,0
"2722","Amsterdam_Center",140,140,140,140,140,140,0,0
"2723","Amsterdam_Oost",180,180,180,180,180,180,0,0
"2724","Amsterdam_Center",100,100,165,165,134,125,25,25
"2725","Amsterdam_Zuid",245,245,245,245,245,245,0,0
"2726","Amsterdam_West",129,129,129,129,129,129,0,0
"2727","Amsterdam_Noord",175,175,175,175,175,175,0,0
"2728","Amsterdam_Center",265,265,265,265,265,265,0,0
"2729","Amsterdam_Oost",245,245,245,245,245,245,0,0
"2730","Amsterdam_West",629,629,629,629,629,629,0,0
"2731","Amsterdam_Zuid",135,135,135,135,135,135,0,0
"2732","Amsterdam_Noord",73,77,77,77,77,77,4,4
"2733","Amsterdam_Oost",89,89,89,89,89,89,0,0
"2734","Amsterdam_West",140,140,140,140,140,140,0,0
"2735","Amsterdam_West",111,111,111,111,111,111,0,0
"2736","Amsterdam_West",51,51,51,51,51,51,0,0
"2737","Amsterdam_West",200,200,200,200,200,200,0,0
"2738","Amsterdam_Zuid",280,280,280,280,280,280,0,0
"2739","Amsterdam_Oost",119,119,119,119,119,119,0,0
"2740","Amsterdam_Center",210,210,210,210,210,210,0,0
"2741","Amsterdam_Oost",86,86,86,86,86,86,0,0
"2742","Amsterdam_Zuid",325,325,325,325,325,325,0,0
"2743","Amsterdam_Center",160,220,220,250,180,175,15,15
"2744","Amsterdam_Center",106,106,106,106,106,106,0,0
"2745","Amsterdam_West",110,110,110,110,110,110,0,0
"2746","Amsterdam_Oost",100,100,100,100,100,100,0,0
"2747","Amsterdam_Zuid",100,100,100,100,100,100,0,0
"2748","Amsterdam_Zuid",500,500,500,500,500,500,0,0
"2749","Amsterdam_Center",165,165,165,165,165,165,0,0
"2750","Amsterdam_Oost",100,100,120,120,130,110,10,10
"2751","Amsterdam_West",210,210,210,210,210,210,0,0
"2752","Amsterdam_Zuid",499,499,499,499,499,499,0,0
"2753","Amsterdam_Noord",119,119,119,119,119,119,0,0
"2754","Amsterdam_Center",109,109,109,109,109,109,0,0
"2755","Amsterdam_Oost",90,90,90,90,90,90,0,0
"2756","Amsterdam_West",120,120,120,120,120,120,0,0
"2757","Amsterdam_West",89,89,79,79,88,79,-10,10
"2758","Amsterdam_Zuid",120,120,120,120,120,120,0,0
"2759","Amsterdam_Center",132,132,132,132,132,132,0,0
"2760","Amsterdam_West",223,240,240,240,240,240,17,17
"2761","Amsterdam_Center",350,350,350,350,350,350,0,0
"2762","Amsterdam_Center",160,160,160,160,160,160,0,0
"2763","Amsterdam_Center",279,279,279,279,279,279,0,0
"2764","Amsterdam_Center",157,157,157,157,157,157,0,0
"2765","Amsterdam_Zuid",120,120,120,120,82,85,-35,35
"2766","Amsterdam_Zuid",120,120,120,120,120,120,0,0
"2767","Amsterdam_West",175,175,175,175,175,175,0,0
"2768","Amsterdam_West",100,100,100,100,100,100,0,0
"2769","Amsterdam_Zuid",279,279,279,279,279,350,71,71
"2770","Amsterdam_Zuid",85,85,85,85,85,85,0,0
"2771","Amsterdam_Center",250,250,250,250,250,250,0,0
"2772","Amsterdam_Center",130,130,130,130,90,130,0,0
"2773","Amsterdam_West",80,80,80,80,80,80,0,0
"2774","Amsterdam_West",79,79,79,79,79,79,0,0
"2775","Amsterdam_Zuid",105,105,105,105,105,105,0,0
"2776","Amsterdam_Nieuw_west",900,900,900,900,900,900,0,0
"2777","Amsterdam_Zuid",70,70,70,70,70,70,0,0
"2778","Amsterdam_West",110,110,110,110,110,110,0,0
"2779","Amsterdam_West",129,129,129,129,129,129,0,0
"2780","Amsterdam_West",79,78,81,81,86,86,7,7
"2781","Amsterdam_Center",250,250,250,250,250,250,0,0
"2782","Amsterdam_Oost",176,176,176,176,176,176,0,0
"2783","Amsterdam_West",129,129,129,129,129,129,0,0
"2784","Amsterdam_West",450,450,450,450,450,450,0,0
"2785","Amsterdam_Center",135,135,135,135,135,135,0,0
"2786","Amsterdam_Zuid",125,125,125,125,125,125,0,0
"2787","Amsterdam_Zuid",250,250,250,250,286,286,36,36
"2788","Amsterdam_West",161,161,161,161,161,161,0,0
"2789","Amsterdam_West",145,145,145,145,145,145,0,0
"2790","Amsterdam_West",115,115,115,115,115,115,0,0
"2791","Amsterdam_Nieuw_west",250,250,250,250,250,250,0,0
"2792","Amsterdam_Zuid",132,132,132,132,132,132,0,0
"2793","Amsterdam_Noord",109,109,109,109,109,109,0,0
"2794","Amsterdam_Zuid",120,120,120,120,120,120,0,0
"2795","Amsterdam_Center",79,79,79,79,79,79,0,0
"2796","Amsterdam_West",160,160,160,160,160,160,0,0
"2797","Amsterdam_Center",195,195,195,195,195,195,0,0
"2798","Amsterdam_Zuid",123,123,123,123,123,123,0,0
"2799","Amsterdam_Zuid",100,100,100,100,100,100,0,0
"2800","Amsterdam_Zuid",150,150,150,150,150,150,0,0
"2801","Amsterdam_Oost",100,100,100,100,100,100,0,0
"2802","Amsterdam_Zuid",180,180,180,180,180,180,0,0
"2803","Amsterdam_West",85,85,85,85,85,85,0,0
"2804","Amsterdam_Center",130,130,130,130,130,130,0,0
"2805","Amsterdam_Noord",60,60,60,60,60,60,0,0
"2806","Amsterdam_Center",500,500,500,500,500,500,0,0
"2807","Amsterdam_Oost",99,99,99,99,99,99,0,0
"2808","Amsterdam_West",160,160,160,160,160,160,0,0
"2809","Amsterdam_Oost",140,140,140,140,140,140,0,0
"2810","Amsterdam_Zuid",95,95,95,95,95,95,0,0
"2811","Amsterdam_West",300,300,300,300,300,300,0,0
"2812","Amsterdam_Noord",110,110,110,110,110,110,0,0
"2813","Amsterdam_Center",100,90,85,68,75,121,21,21
"2814","Amsterdam_West",75,75,75,75,75,75,0,0
"2815","Amsterdam_Oost",95,95,95,95,95,95,0,0
"2816","Amsterdam_Oost",55,55,55,55,55,55,0,0
"2817","Amsterdam_Oost",64,64,64,64,64,64,0,0
"2818","Amsterdam_West",110,110,110,110,110,110,0,0
"2819","Amsterdam_Oost",181,170,170,170,170,170,-11,11
"2820","Amsterdam_West",69,69,69,69,69,69,0,0
"2821","Amsterdam_Oost",180,180,180,180,180,180,0,0
"2822","Amsterdam_West",190,190,190,190,190,190,0,0
"2823","Amsterdam_Zuid",108,110,113,115,114,115,7,7
"2824","Amsterdam_Zuid",108,110,113,115,114,115,7,7
"2825","Amsterdam_West",225,225,225,225,225,225,0,0
"2826","Amsterdam_Oost",80,80,80,80,80,106,26,26
"2827","Amsterdam_Zuid",149,149,149,149,149,149,0,0
"2828","Amsterdam_Oost",220,220,220,220,220,220,0,0
"2829","Amsterdam_Center",169,169,169,169,169,169,0,0
"2830","Amsterdam_Zuid",75,75,75,75,75,75,0,0
"2831","Amsterdam_Zuid",210,210,210,210,210,210,0,0
"2832","Amsterdam_Noord",115,115,115,115,115,115,0,0
"2833","Amsterdam_West",104,104,104,104,104,104,0,0
"2834","Amsterdam_Center",150,150,150,150,150,150,0,0
"2835","Amsterdam_Oost",73,73,73,73,73,73,0,0
"2836","Amsterdam_Oost",79,79,79,79,79,79,0,0
"2837","Amsterdam_West",151,151,151,151,151,151,0,0
"2838","Amsterdam_West",110,110,110,110,110,110,0,0
"2839","Amsterdam_West",152,152,152,152,152,152,0,0
"2840","Amsterdam_Oost",100,100,100,100,100,100,0,0
"2841","Amsterdam_Noord",78,78,78,78,78,78,0,0
"2842","Amsterdam_West",90,90,90,90,90,90,0,0
"2843","Amsterdam_Zuid",333,333,333,333,333,333,0,0
"2844","Amsterdam_West",175,175,175,175,175,175,0,0
"2845","Amsterdam_Zuid",150,150,150,150,150,150,0,0
"2846","Amsterdam_West",110,110,110,110,110,110,0,0
"2847","Amsterdam_Center",278,278,278,278,278,278,0,0
"2848","Amsterdam_Zuid",180,180,180,180,180,180,0,0
"2849","Amsterdam_Center",399,399,399,249,249,249,-150,150
"2850","Amsterdam_West",75,75,75,81,93,93,18,18
"2851","Amsterdam_Zuid",150,150,150,150,150,150,0,0
"2852","Amsterdam_Center",189,189,189,189,189,189,0,0
"2853","Amsterdam_Zuid",170,170,170,170,170,170,0,0
"2854","Amsterdam_Zuid",90,90,90,90,90,90,0,0
"2855","Amsterdam_West",99,99,99,99,99,99,0,0
"2856","Amsterdam_West",165,165,165,165,165,165,0,0
"2857","Amsterdam_West",190,190,190,190,190,190,0,0
"2858","Amsterdam_Zuid",175,175,175,175,175,175,0,0
"2859","Amsterdam_Noord",100,100,100,100,100,100,0,0
"2860","Amsterdam_Zuid",110,110,110,110,110,110,0,0
"2861","Amsterdam_Zuid",110,110,110,110,110,110,0,0
"2862","Amsterdam_Center",999,999,999,999,229,229,-770,770
"2863","Amsterdam_Zuid",164,164,164,164,164,164,0,0
"2864","Amsterdam_Center",250,250,250,250,250,250,0,0
"2865","Amsterdam_Oost",149,149,149,149,149,149,0,0
"2866","Amsterdam_West",55,55,55,55,55,55,0,0
"2867","Amsterdam_Oost",159,159,159,159,159,159,0,0
"2868","Amsterdam_Noord",48,48,48,48,48,48,0,0
"2869","Amsterdam_Zuid",120,120,120,120,120,120,0,0
"2870","Amsterdam_West",111,111,111,111,111,111,0,0
"2871","Amsterdam_West",150,150,150,150,150,150,0,0
"2872","Amsterdam_Noord",110,110,110,110,110,110,0,0
"2873","Amsterdam_Zuid",50,50,50,50,50,50,0,0
"2874","Amsterdam_West",135,135,135,135,135,135,0,0
"2875","Amsterdam_West",169,169,169,169,169,169,0,0
"2876","Amsterdam_Oost",150,150,150,150,150,150,0,0
"2877","Amsterdam_Zuidoost",50,50,50,50,50,50,0,0
"2878","Amsterdam_Center",550,550,550,550,550,550,0,0
"2879","Amsterdam_Center",250,250,250,250,250,250,0,0
"2880","Amsterdam_Zuid",70,70,70,70,70,70,0,0
"2881","Amsterdam_West",120,120,120,120,120,120,0,0
"2882","Amsterdam_West",120,120,120,120,120,120,0,0
"2883","Amsterdam_Noord",74,74,74,74,74,74,0,0
"2884","Amsterdam_West",179,179,179,179,179,179,0,0
"2885","Amsterdam_Center",110,110,110,110,110,110,0,0
"2886","Amsterdam_Center",350,350,350,300,250,250,-100,100
"2887","Amsterdam_West",95,95,95,95,95,95,0,0
"2888","Amsterdam_Oost",195,195,195,195,195,195,0,0
"2889","Amsterdam_Zuid",110,110,110,110,110,110,0,0
"2890","Amsterdam_West",150,150,150,150,150,150,0,0
"2891","Amsterdam_Zuid",120,120,120,120,120,120,0,0
"2892","Amsterdam_Center",100,100,100,100,100,100,0,0
"2893","Amsterdam_West",225,225,225,225,225,225,0,0
"2894","Amsterdam_Nieuw_west",140,140,140,140,140,140,0,0
"2895","Amsterdam_Center",140,140,140,140,140,140,0,0
"2896","Amsterdam_Zuid",85,85,85,85,85,85,0,0
"2897","Amsterdam_Zuid",190,190,190,190,190,190,0,0
"2898","Amsterdam_Zuid",139,139,139,139,139,139,0,0
"2899","Amsterdam_Oost",62,62,62,62,62,62,0,0
"2900","Amsterdam_Oost",225,225,225,225,225,225,0,0
"2901","Amsterdam_Zuid",100,100,100,100,100,100,0,0
"2902","Amsterdam_Nieuw_west",115,115,115,115,115,115,0,0
"2903","Amsterdam_Zuid",38,37,39,37,44,54,16,16
"2904","Amsterdam_Nieuw_west",79,79,79,79,79,79,0,0
"2905","Amsterdam_Zuid",97,97,97,97,97,97,0,0
"2906","Amsterdam_West",99,99,99,99,99,99,0,0
"2907","Amsterdam_Center",134,134,134,134,134,134,0,0
"2908","Amsterdam_West",70,70,70,70,70,71,1,1
"2909","Amsterdam_Zuid",65,65,65,65,65,65,0,0
"2910","Amsterdam_West",122,122,122,122,122,122,0,0
"2911","Amsterdam_West",109,109,109,109,109,109,0,0
"2912","Amsterdam_West",90,90,90,90,90,90,0,0
"2913","Amsterdam_Zuid",75,75,75,75,75,75,0,0
"2914","Amsterdam_Zuid",100,100,100,100,100,100,0,0
"2915","Amsterdam_Zuid",75,75,75,75,75,75,0,0
"2916","Amsterdam_Oost",79,79,79,79,79,79,0,0
"2917","Amsterdam_West",139,139,139,139,139,139,0,0
"2918","Amsterdam_Center",125,125,125,125,125,125,0,0
"2919","Amsterdam_West",65,65,65,65,65,65,0,0
"2920","Amsterdam_West",100,100,100,100,100,100,0,0
"2921","Amsterdam_Oost",90,90,90,90,90,90,0,0
"2922","Amsterdam_West",88,88,88,88,88,88,0,0
"2923","Amsterdam_Center",81,83,111,81,73,75,-6,6
"2924","Amsterdam_West",159,159,159,159,159,159,0,0
"2925","Amsterdam_West",156,156,156,156,156,156,0,0
"2926","Amsterdam_Center",130,125,125,125,125,125,-5,5
"2927","Amsterdam_West",125,125,125,125,125,125,0,0
"2928","Amsterdam_Center",339,339,339,339,339,339,0,0
"2929","Amsterdam_Center",200,170,150,150,150,150,-50,50
"2930","Amsterdam_Center",331,331,331,331,331,349,18,18
"2931","Amsterdam_Center",100,100,100,100,100,100,0,0
"2932","Amsterdam_Center",550,550,550,550,550,550,0,0
"2933","Amsterdam_Noord",45,45,45,45,45,45,0,0
"2934","Amsterdam_West",70,70,70,70,70,70,0,0
"2935","Amsterdam_Zuid",99,99,99,99,99,99,0,0
"2936","Amsterdam_Zuid",82,82,82,82,82,82,0,0
"2937","Amsterdam_Oost",60,60,60,60,60,60,0,0
"2938","Amsterdam_Zuid",160,160,160,160,160,160,0,0
"2939","Amsterdam_Center",125,125,125,125,125,125,0,0
"2940","Amsterdam_Oost",80,80,80,80,80,80,0,0
"2941","Amsterdam_Noord",150,150,150,150,150,150,0,0
"2942","Amsterdam_West",101,101,101,101,101,101,0,0
"2943","Amsterdam_Zuid",250,250,250,250,250,250,0,0
"2944","Amsterdam_West",179,179,179,179,179,179,0,0
"2945","Amsterdam_West",65,65,65,65,65,65,0,0
"2946","Amsterdam_Zuid",90,90,90,90,90,90,0,0
"2947","Amsterdam_Zuid",190,190,190,190,190,190,0,0
"2948","Amsterdam_West",80,80,80,80,80,80,0,0
"2949","Amsterdam_Zuid",100,100,100,100,100,100,0,0
"2950","Amsterdam_Oost",55,55,55,55,55,55,0,0
"2951","Amsterdam_Zuid",707,707,707,707,707,707,0,0
"2952","Amsterdam_Oost",80,80,80,80,80,80,0,0
"2953","Amsterdam_West",54,54,54,54,54,54,0,0
"2954","Amsterdam_Zuid",43,41,42,40,43,54,11,11
"2955","Amsterdam_Oost",136,136,136,136,136,136,0,0
"2956","Amsterdam_West",175,175,175,175,175,175,0,0
"2957","Amsterdam_Oost",138,138,138,138,138,138,0,0
"2958","Amsterdam_Zuid",83,83,83,83,83,83,0,0
"2959","Amsterdam_Center",149,149,149,149,149,149,0,0
"2960","Amsterdam_Zuid",300,300,300,300,300,300,0,0
"2961","Amsterdam_West",189,189,189,189,189,189,0,0
"2962","Amsterdam_West",160,160,160,160,160,160,0,0
"2963","Amsterdam_West",86,86,86,86,86,86,0,0
"2964","Amsterdam_West",120,120,120,120,120,120,0,0
"2965","Amsterdam_Zuid",92,92,92,92,92,92,0,0
"2966","Amsterdam_Zuid",70,70,70,70,70,70,0,0
"2967","Amsterdam_Zuid",100,100,100,100,100,100,0,0
"2968","Amsterdam_Center",229,229,229,229,166,166,-63,63
"2969","Amsterdam_West",129,129,129,129,129,129,0,0
"2970","Amsterdam_Noord",125,125,125,125,125,125,0,0
"2971","Amsterdam_Noord",139,139,139,139,139,139,0,0
"2972","Amsterdam_Center",120,120,120,120,120,120,0,0
"2973","Amsterdam_Center",210,210,210,210,210,210,0,0
"2974","Amsterdam_West",115,115,115,115,115,115,0,0
"2975","Amsterdam_Oost",99,99,99,99,99,99,0,0
"2976","Amsterdam_Zuid",50,50,50,50,50,50,0,0
"2977","Amsterdam_Zuid",155,155,155,155,155,155,0,0
"2978","Amsterdam_West",350,231,231,231,231,231,-119,119
"2979","Amsterdam_Zuid",300,300,300,300,300,300,0,0
"2980","Amsterdam_Zuid",198,198,198,198,198,198,0,0
"2981","Amsterdam_Oost",99,99,99,99,99,99,0,0
"2982","Amsterdam_Oost",45,45,45,45,45,45,0,0
"2983","Amsterdam_West",225,225,225,225,225,225,0,0
"2984","Amsterdam_Zuid",200,200,200,200,200,200,0,0
"2985","Amsterdam_West",90,90,90,90,90,90,0,0
"2986","Amsterdam_West",63,60,63,65,65,72,9,9
"2987","Amsterdam_West",85,85,85,85,85,85,0,0
"2988","Amsterdam_Center",250,250,250,250,250,250,0,0
"2989","Amsterdam_Center",175,175,175,175,175,175,0,0
"2990","Amsterdam_Nieuw_west",130,130,130,130,130,130,0,0
"2991","Amsterdam_Zuid",155,155,155,155,155,155,0,0
"2992","Amsterdam_West",89,89,89,89,89,89,0,0
"2993","Amsterdam_West",178,153,155,175,175,132,-46,46
"2994","Amsterdam_West",134,134,134,134,134,134,0,0
"2995","Amsterdam_Zuid",195,195,195,195,195,195,0,0
"2996","Amsterdam_West",89,89,89,89,89,89,0,0
"2997","Amsterdam_West",200,200,200,200,200,200,0,0
"2998","Amsterdam_Zuid",100,100,100,100,100,100,0,0
"2999","Amsterdam_Oost",125,125,125,125,125,125,0,0
"3000","Amsterdam_Zuid",125,125,125,125,125,125,0,0
"3001","Amsterdam_West",124,124,124,124,124,124,0,0
"3002","Amsterdam_West",150,150,150,150,150,150,0,0
"3003","Amsterdam_Zuid",125,125,125,125,125,125,0,0
"3004","Amsterdam_West",80,80,80,80,80,80,0,0
"3005","Amsterdam_Oost",45,45,45,45,45,45,0,0
"3006","Amsterdam_West",160,160,160,160,160,173,13,13
"3007","Amsterdam_Zuid",80,80,80,80,80,81,1,1
"3008","Amsterdam_Oost",120,120,120,120,120,120,0,0
"3009","Amsterdam_Center",206,206,206,206,206,206,0,0
"3010","Amsterdam_Zuid",135,135,135,135,135,135,0,0
"3011","Amsterdam_West",121,131,131,131,131,384,263,263
"3012","Amsterdam_West",190,190,190,190,190,190,0,0
"3013","Amsterdam_West",80,80,80,80,80,80,0,0
"3014","Amsterdam_West",95,95,95,95,95,95,0,0
"3015","Amsterdam_Oost",55,55,55,55,55,55,0,0
"3016","Amsterdam_Oost",120,120,120,120,120,120,0,0
"3017","Amsterdam_Zuid",300,300,300,300,300,300,0,0
"3018","Amsterdam_Oost",58,58,58,58,58,58,0,0
"3019","Amsterdam_West",100,100,100,100,150,150,50,50
"3020","Amsterdam_Center",70,70,70,70,70,70,0,0
"3021","Amsterdam_Zuid",135,135,135,135,135,135,0,0
"3022","Amsterdam_Oost",125,125,125,125,125,125,0,0
"3023","Amsterdam_West",100,100,100,100,100,100,0,0
"3024","Amsterdam_Zuid",250,250,250,250,250,250,0,0
"3025","Amsterdam_West",100,100,100,100,100,100,0,0
"3026","Amsterdam_Zuid",89,89,89,89,89,89,0,0
"3027","Amsterdam_Nieuw_west",195,195,195,195,195,195,0,0
"3028","Amsterdam_West",150,150,150,150,150,150,0,0
"3029","Amsterdam_Zuid",250,250,250,250,250,250,0,0
"3030","Amsterdam_West",80,80,80,80,80,80,0,0
"3031","Amsterdam_Zuid",95,95,95,95,95,95,0,0
"3032","Amsterdam_Center",125,125,125,125,125,125,0,0
"3033","Amsterdam_Zuid",335,335,335,335,335,335,0,0
"3034","Amsterdam_Oost",93,93,93,93,93,93,0,0
"3035","Amsterdam_West",129,129,129,129,129,129,0,0
"3036","Amsterdam_Oost",85,85,85,85,85,85,0,0
"3037","Amsterdam_West",27,27,27,27,27,27,0,0
"3038","Amsterdam_Oost",98,93,110,99,83,99,1,1
"3039","Amsterdam_Oost",196,169,216,195,181,237,41,41
"3040","Amsterdam_West",110,110,110,110,110,69,-41,41
"3041","Amsterdam_West",110,110,110,110,110,110,0,0
"3042","Amsterdam_Noord",125,99,99,99,99,129,4,4
"3043","Amsterdam_West",123,123,123,123,123,123,0,0
"3044","Amsterdam_Oost",165,165,165,165,165,165,0,0
"3045","Amsterdam_West",80,80,80,80,80,80,0,0
"3046","Amsterdam_Center",137,137,137,137,112,112,-25,25
"3047","Amsterdam_West",79,79,79,79,79,79,0,0
"3048","Amsterdam_West",63,60,63,65,65,72,9,9
"3049","Amsterdam_Center",135,75,75,75,85,75,-60,60
"3050","Amsterdam_West",140,140,140,140,140,140,0,0
"3051","Amsterdam_Zuid",95,95,95,95,95,95,0,0
"3052","Amsterdam_West",99,99,99,99,99,99,0,0
"3053","Amsterdam_West",196,196,196,196,196,196,0,0
"3054","Amsterdam_West",77,85,85,85,85,85,8,8
"3055","Amsterdam_Oost",330,217,219,247,292,165,-165,165
"3056","Amsterdam_Zuid",130,130,130,130,130,130,0,0
"3057","Amsterdam_Center",86,86,86,86,77,86,0,0
"3058","Amsterdam_Oost",106,106,106,106,106,106,0,0
"3059","Amsterdam_West",165,165,165,165,165,165,0,0
"3060","Amsterdam_Zuid",100,100,100,100,100,100,0,0
"3061","Amsterdam_Center",175,175,175,175,175,175,0,0
"3062","Amsterdam_Zuid",182,182,182,182,182,182,0,0
"3063","Amsterdam_Noord",180,180,180,180,180,180,0,0
"3064","Amsterdam_West",102,102,102,102,102,102,0,0
"3065","Amsterdam_West",350,350,1000,1000,1000,1000,650,650
"3066","Amsterdam_Zuid",125,125,125,125,125,125,0,0
"3067","Amsterdam_Zuid",200,200,200,200,200,200,0,0
"3068","Amsterdam_West",90,90,90,90,90,90,0,0
"3069","Amsterdam_Zuid",125,125,125,125,125,125,0,0
"3070","Amsterdam_Oost",110,110,110,110,110,110,0,0
"3071","Amsterdam_Center",125,125,125,125,125,125,0,0
"3072","Amsterdam_Oost",140,140,140,140,140,140,0,0
"3073","Amsterdam_Noord",115,115,115,115,115,115,0,0
"3074","Amsterdam_Center",125,125,125,125,125,125,0,0
"3075","Amsterdam_West",125,125,125,125,125,125,0,0
"3076","Amsterdam_West",50,50,50,98,50,50,0,0
"3077","Amsterdam_Nieuw_west",200,200,200,200,200,200,0,0
"3078","Amsterdam_Center",75,75,75,75,75,75,0,0
"3079","Amsterdam_West",95,95,95,95,95,95,0,0
"3080","Amsterdam_West",75,75,75,75,75,75,0,0
"3081","Amsterdam_Zuid",140,140,140,140,140,140,0,0
"3082","Amsterdam_West",104,104,104,104,104,104,0,0
"3083","Amsterdam_West",200,200,200,200,200,200,0,0
"3084","Amsterdam_Oost",180,180,180,180,180,180,0,0
"3085","Amsterdam_Oost",130,130,130,130,130,130,0,0
"3086","Amsterdam_Zuid",150,150,150,150,150,150,0,0
"3087","Amsterdam_West",84,84,84,84,84,84,0,0
"3088","Amsterdam_Center",165,165,165,165,165,165,0,0
"3089","Amsterdam_Zuid",110,110,110,110,110,110,0,0
"3090","Amsterdam_Center",127,127,127,127,127,127,0,0
"3091","Amsterdam_Zuid",220,220,220,220,220,220,0,0
"3092","Amsterdam_West",98,98,98,98,98,98,0,0
"3093","Amsterdam_West",180,180,180,180,180,180,0,0
"3094","Amsterdam_Center",69,69,69,69,69,69,0,0
"3095","Amsterdam_Zuid",85,85,85,85,85,85,0,0
"3096","Amsterdam_West",249,249,249,249,249,249,0,0
"3097","Amsterdam_Zuid",70,70,70,70,70,70,0,0
"3098","Amsterdam_Oost",80,80,80,80,80,80,0,0
"3099","Amsterdam_West",42,37,44,44,49,47,5,5
"3100","Amsterdam_Noord",90,75,90,75,75,75,-15,15
"3101","Amsterdam_Center",123,123,123,123,123,123,0,0
"3102","Amsterdam_Zuid",174,174,174,174,174,174,0,0
"3103","Amsterdam_Zuid",180,180,180,180,180,180,0,0
"3104","Amsterdam_Zuid",200,200,200,200,200,200,0,0
"3105","Amsterdam_Zuid",28,28,28,28,28,28,0,0
"3106","Amsterdam_West",49,49,49,49,49,49,0,0
"3107","Amsterdam_West",120,120,120,120,120,120,0,0
"3108","Amsterdam_Zuid",150,150,150,150,150,150,0,0
"3109","Amsterdam_Nieuw_west",70,70,70,70,70,70,0,0
"3110","Amsterdam_Oost",184,200,200,200,200,200,16,16
"3111","Amsterdam_Zuid",207,207,207,207,207,190,-17,17
"3112","Amsterdam_Center",90,90,90,90,90,90,0,0
"3113","Amsterdam_West",90,90,90,90,90,90,0,0
"3114","Amsterdam_Oost",160,160,160,160,160,160,0,0
"3115","Amsterdam_Zuid",110,110,110,110,110,110,0,0
"3116","Amsterdam_West",120,120,120,120,120,120,0,0
"3117","Amsterdam_West",99,99,99,99,99,99,0,0
"3118","Amsterdam_Zuid",40,40,40,40,40,40,0,0
"3119","Amsterdam_West",110,110,110,110,110,110,0,0
"3120","Amsterdam_West",100,100,100,100,100,100,0,0
"3121","Amsterdam_Zuid",99,99,99,99,99,99,0,0
"3122","Amsterdam_West",160,160,160,160,160,160,0,0
"3123","Amsterdam_Zuid",250,250,250,250,250,250,0,0
"3124","Amsterdam_West",120,120,120,120,120,120,0,0
"3125","Amsterdam_Zuid",125,125,125,125,125,125,0,0
"3126","Amsterdam_Oost",55,55,55,55,55,55,0,0
"3127","Amsterdam_West",160,160,160,160,160,143,-17,17
"3128","Amsterdam_West",91,91,91,91,91,91,0,0
"3129","Amsterdam_Center",262,266,274,278,277,279,17,17
"3130","Amsterdam_West",110,110,110,110,110,110,0,0
"3131","Amsterdam_West",114,114,114,114,114,114,0,0
"3132","Amsterdam_Zuid",360,360,360,360,360,360,0,0
"3133","Amsterdam_West",125,125,125,125,125,125,0,0
"3134","Amsterdam_Nieuw_west",60,60,60,60,60,60,0,0
"3135","Amsterdam_Oost",99,99,99,99,99,99,0,0
"3136","Amsterdam_West",160,160,160,160,160,160,0,0
"3137","Amsterdam_Oost",75,75,75,75,75,75,0,0
"3138","Amsterdam_Nieuw_west",314,314,314,314,314,250,-64,64
"3139","Amsterdam_Zuid",170,170,170,170,101,101,-69,69
"3140","Amsterdam_Oost",150,150,150,150,150,150,0,0
"3141","Amsterdam_Zuid",64,64,64,64,64,64,0,0
"3142","Amsterdam_Oost",220,220,220,220,220,220,0,0
"3143","Amsterdam_West",110,110,110,110,110,110,0,0
"3144","Amsterdam_West",60,60,60,60,60,60,0,0
"3145","Amsterdam_Center",295,295,295,295,295,299,4,4
"3146","Amsterdam_West",85,85,85,85,85,120,35,35
"3147","Amsterdam_Oost",351,351,351,351,351,351,0,0
"3148","Amsterdam_Noord",50,50,50,50,50,50,0,0
"3149","Amsterdam_West",145,145,145,145,145,145,0,0
"3150","Amsterdam_Zuid",75,75,75,75,75,75,0,0
"3151","Amsterdam_West",100,100,100,100,100,100,0,0
"3152","Amsterdam_West",115,115,115,115,115,115,0,0
"3153","Amsterdam_West",85,85,85,85,85,85,0,0
"3154","Amsterdam_West",102,102,102,102,102,102,0,0
"3155","Amsterdam_Center",150,150,150,150,150,150,0,0
"3156","Amsterdam_Oost",199,199,199,199,199,199,0,0
"3157","Amsterdam_West",140,140,140,140,140,140,0,0
"3158","Amsterdam_Zuid",500,500,500,500,500,500,0,0
"3159","Amsterdam_Oost",75,75,75,75,75,75,0,0
"3160","Amsterdam_Noord",159,159,159,159,159,159,0,0
"3161","Amsterdam_West",145,145,145,145,145,145,0,0
"3162","Amsterdam_Noord",120,120,120,120,120,120,0,0
"3163","Amsterdam_West",80,80,80,80,80,80,0,0
"3164","Amsterdam_Zuid",229,229,229,229,229,229,0,0
"3165","Amsterdam_West",90,90,90,90,90,90,0,0
"3166","Amsterdam_Center",150,150,150,150,150,150,0,0
"3167","Amsterdam_Zuid",150,150,150,150,150,150,0,0
"3168","Amsterdam_Zuid",170,170,170,160,170,170,0,0
"3169","Amsterdam_Nieuw_west",80,80,80,80,80,80,0,0
"3170","Amsterdam_West",75,75,75,75,75,75,0,0
"3171","Amsterdam_Zuid",65,65,65,65,65,65,0,0
"3172","Amsterdam_Zuid",450,450,450,450,450,450,0,0
"3173","Amsterdam_West",66,66,66,66,66,66,0,0
"3174","Amsterdam_West",70,70,70,70,70,70,0,0
"3175","Amsterdam_Center",175,175,175,175,175,175,0,0
"3176","Amsterdam_Oost",198,198,198,198,198,198,0,0
"3177","Amsterdam_Center",120,120,120,120,120,120,0,0
"3178","Amsterdam_Zuid",69,69,69,69,69,69,0,0
"3179","Amsterdam_Zuid",125,125,125,125,125,125,0,0
"3180","Amsterdam_Zuid",100,100,100,100,100,100,0,0
"3181","Amsterdam_West",115,115,115,115,115,115,0,0
"3182","Amsterdam_West",196,196,196,196,196,196,0,0
"3183","Amsterdam_Zuid",90,90,90,90,90,90,0,0
"3184","Amsterdam_Oost",150,150,150,150,150,150,0,0
"3185","Amsterdam_Zuid",120,120,120,120,120,120,0,0
"3186","Amsterdam_West",199,199,199,199,199,199,0,0
"3187","Amsterdam_Noord",50,50,50,50,50,50,0,0
"3188","Amsterdam_West",140,140,140,140,140,140,0,0
"3189","Amsterdam_West",120,120,120,120,120,120,0,0
"3190","Amsterdam_West",120,120,120,120,114,120,0,0
"3191","Amsterdam_Center",176,176,176,176,176,176,0,0
"3192","Amsterdam_Zuid",299,299,299,299,299,299,0,0
"3193","Amsterdam_Nieuw_west",28,28,28,28,28,28,0,0
"3194","Amsterdam_Center",128,128,128,128,128,128,0,0
"3195","Amsterdam_Oost",78,78,78,78,78,78,0,0
"3196","Amsterdam_Oost",330,211,235,266,314,180,-150,150
"3197","Amsterdam_West",120,120,120,120,120,120,0,0
"3198","Amsterdam_Oost",80,80,80,80,80,80,0,0
"3199","Amsterdam_West",119,119,119,119,119,119,0,0
"3200","Amsterdam_West",99,99,99,99,99,99,0,0
"3201","Amsterdam_West",90,90,90,90,90,90,0,0
"3202","Amsterdam_Zuid",170,170,170,170,170,170,0,0
"3203","Amsterdam_Zuid",314,314,314,314,314,314,0,0
"3204","Amsterdam_Zuid",81,75,75,75,94,93,12,12
"3205","Amsterdam_Zuid",95,95,95,95,95,95,0,0
"3206","Amsterdam_Oost",84,84,84,84,84,84,0,0
"3207","Amsterdam_Zuid",90,90,90,90,90,90,0,0
"3208","Amsterdam_West",100,100,100,100,100,100,0,0
"3209","Amsterdam_West",159,159,159,159,159,159,0,0
"3210","Amsterdam_Nieuw_west",100,100,100,100,100,100,0,0
"3211","Amsterdam_Zuid",90,90,90,90,90,90,0,0
"3212","Amsterdam_West",130,130,130,130,130,130,0,0
"3213","Amsterdam_West",85,85,85,85,85,85,0,0
"3214","Amsterdam_Zuid",110,110,110,110,110,110,0,0
"3215","Amsterdam_Noord",60,60,60,60,60,60,0,0
"3216","Amsterdam_Oost",250,250,250,250,250,250,0,0
"3217","Amsterdam_West",210,133,127,143,169,103,-107,107
"3218","Amsterdam_Zuid",300,300,300,300,300,300,0,0
"3219","Amsterdam_West",91,91,91,91,91,91,0,0
"3220","Amsterdam_Zuid",150,150,150,150,150,150,0,0
"3221","Amsterdam_Zuid",121,121,121,121,121,121,0,0
"3222","Amsterdam_Zuid",175,175,175,175,175,175,0,0
"3223","Amsterdam_West",200,200,200,200,200,200,0,0
"3224","Amsterdam_Oost",100,100,100,100,100,100,0,0
"3225","Amsterdam_Center",140,200,200,200,200,200,60,60
"3226","Amsterdam_Oost",110,110,110,110,110,110,0,0
"3227","Amsterdam_Nieuw_west",65,65,65,65,65,65,0,0
"3228","Amsterdam_West",139,139,139,139,139,139,0,0
"3229","Amsterdam_West",120,120,120,120,120,120,0,0
"3230","Amsterdam_Nieuw_west",200,200,200,200,200,200,0,0
"3231","Amsterdam_West",162,139,139,139,139,139,-23,23
"3232","Amsterdam_Oost",90,90,90,90,90,90,0,0
"3233","Amsterdam_Oost",100,100,100,100,100,100,0,0
"3234","Amsterdam_West",105,105,105,105,105,105,0,0
"3235","Amsterdam_Center",700,361,700,700,714,714,14,14
"3236","Amsterdam_Zuid",110,110,110,110,110,110,0,0
"3237","Amsterdam_Zuid",264,264,264,264,264,264,0,0
"3238","Amsterdam_West",119,119,119,119,119,119,0,0
"3239","Amsterdam_West",115,115,115,115,115,115,0,0
"3240","Amsterdam_Zuidoost",75,75,75,75,75,75,0,0
"3241","Amsterdam_Oost",100,100,100,100,100,100,0,0
"3242","Amsterdam_Oost",89,89,89,89,89,89,0,0
"3243","Amsterdam_West",59,59,59,59,59,59,0,0
"3244","Amsterdam_Center",80,80,80,80,80,80,0,0
"3245","Amsterdam_West",289,289,289,289,289,289,0,0
"3246","Amsterdam_West",180,180,180,180,180,180,0,0
"3247","Amsterdam_Center",464,464,464,464,464,464,0,0
"3248","Amsterdam_Zuid",125,125,125,125,125,125,0,0
"3249","Amsterdam_West",65,68,68,68,68,68,3,3
"3250","Amsterdam_West",85,85,85,85,85,85,0,0
"3251","Amsterdam_Zuid",275,275,275,275,275,275,0,0
"3252","Amsterdam_West",150,150,150,150,150,150,0,0
"3253","Amsterdam_Oost",140,140,140,140,140,140,0,0
"3254","Amsterdam_Center",150,150,150,150,150,150,0,0
"3255","Amsterdam_Oost",120,120,120,120,120,120,0,0
"3256","Amsterdam_Zuid",399,399,399,399,399,399,0,0
"3257","Amsterdam_Zuid",145,145,145,145,145,145,0,0
"3258","Amsterdam_West",125,125,125,125,125,125,0,0
"3259","Amsterdam_Zuid",180,180,180,180,180,180,0,0
"3260","Amsterdam_Oost",85,85,85,85,85,85,0,0
"3261","Amsterdam_Zuid",300,200,200,200,221,186,-114,114
"3262","Amsterdam_Oost",90,90,90,90,90,90,0,0
"3263","Amsterdam_Zuid",270,270,270,270,270,270,0,0
"3264","Amsterdam_Center",100,100,100,100,100,100,0,0
"3265","Amsterdam_Center",164,164,164,164,164,164,0,0
"3266","Amsterdam_West",404,404,404,404,404,411,7,7
"3267","Amsterdam_Oost",84,84,84,84,84,84,0,0
"3268","Amsterdam_Zuid",166,162,162,162,162,162,-4,4
"3269","Amsterdam_Oost",164,164,164,164,164,164,0,0
"3270","Amsterdam_Zuid",130,130,130,130,130,130,0,0
"3271","Amsterdam_Zuid",135,135,135,135,135,135,0,0
"3272","Amsterdam_Zuid",98,98,98,98,98,98,0,0
"3273","Amsterdam_Zuid",90,90,90,90,90,90,0,0
"3274","Amsterdam_Zuid",135,135,135,135,135,135,0,0
"3275","Amsterdam_Zuid",280,280,280,280,280,280,0,0
"3276","Amsterdam_West",134,134,134,134,103,81,-53,53
"3277","Amsterdam_West",170,170,170,170,170,170,0,0
"3278","Amsterdam_Zuid",120,120,120,120,120,140,20,20
"3279","Amsterdam_Nieuw_west",130,130,130,130,130,130,0,0
"3280","Amsterdam_Nieuw_west",119,119,119,119,119,119,0,0
"3281","Amsterdam_Oost",200,200,200,200,200,200,0,0
"3282","Amsterdam_Zuid",125,125,125,125,125,125,0,0
"3283","Amsterdam_Center",213,213,213,213,213,179,-34,34
"3284","Amsterdam_West",145,145,145,145,145,145,0,0
"3285","Amsterdam_Zuid",200,200,200,200,200,200,0,0
"3286","Amsterdam_Zuid",144,144,144,144,144,144,0,0
"3287","Amsterdam_Zuid",99,99,99,99,99,99,0,0
"3288","Amsterdam_West",579,550,550,550,550,550,-29,29
"3289","Amsterdam_West",85,85,85,85,85,85,0,0
"3290","Amsterdam_Oost",97,97,97,97,97,97,0,0
"3291","Amsterdam_Zuid",99,99,99,99,99,99,0,0
"3292","Amsterdam_Noord",58,58,58,58,58,58,0,0
"3293","Amsterdam_West",125,125,125,125,125,125,0,0
"3294","Amsterdam_Noord",339,339,339,339,339,339,0,0
"3295","Amsterdam_West",130,130,133,130,130,130,0,0
"3296","Amsterdam_Oost",100,100,100,100,100,100,0,0
"3297","Amsterdam_Zuid",70,70,70,70,70,70,0,0
"3298","Amsterdam_Center",160,160,160,160,160,160,0,0
"3299","Amsterdam_West",160,160,160,160,160,160,0,0
"3300","Amsterdam_West",68,68,68,68,68,68,0,0
"3301","Amsterdam_Center",78,79,64,78,53,65,-13,13
"3302","Amsterdam_West",85,85,85,85,85,85,0,0
"3303","Amsterdam_Oost",106,106,106,106,106,106,0,0
"3304","Amsterdam_Oost",120,120,120,120,120,120,0,0
"3305","Amsterdam_Zuid",195,195,195,195,195,195,0,0
"3306","Amsterdam_Zuid",179,179,179,179,179,179,0,0
"3307","Amsterdam_Zuid",175,175,175,175,175,175,0,0
"3308","Amsterdam_Zuid",249,249,249,249,249,249,0,0
"3309","Amsterdam_Center",145,145,145,145,145,145,0,0
"3310","Amsterdam_West",150,150,150,150,150,150,0,0
"3311","Amsterdam_Oost",135,135,135,135,135,135,0,0
"3312","Amsterdam_West",63,63,63,63,63,63,0,0
"3313","Amsterdam_Center",125,125,125,125,125,125,0,0
"3314","Amsterdam_Noord",95,95,95,95,95,95,0,0
"3315","Amsterdam_Center",211,233,250,250,193,215,4,4
"3316","Amsterdam_Oost",100,100,100,100,100,100,0,0
"3317","Amsterdam_West",299,299,299,299,299,306,7,7
"3318","Amsterdam_West",200,200,200,200,200,200,0,0
"3319","Amsterdam_Zuid",160,160,160,160,160,160,0,0
"3320","Amsterdam_West",110,110,110,110,110,110,0,0
"3321","Amsterdam_West",121,121,121,121,121,121,0,0
"3322","Amsterdam_Center",175,175,175,175,175,175,0,0
"3323","Amsterdam_West",120,120,120,120,120,120,0,0
"3324","Amsterdam_West",129,129,129,129,129,129,0,0
"3325","Amsterdam_Oost",140,140,140,140,140,140,0,0
"3326","Amsterdam_Zuid",101,101,101,101,101,101,0,0
"3327","Amsterdam_Zuid",110,110,110,110,110,110,0,0
"3328","Amsterdam_West",180,180,180,180,180,180,0,0
"3329","Amsterdam_West",89,89,89,89,89,89,0,0
"3330","Amsterdam_West",70,70,70,70,70,70,0,0
"3331","Amsterdam_Center",400,400,400,400,400,400,0,0
"3332","Amsterdam_West",120,120,120,120,120,120,0,0
"3333","Amsterdam_Center",146,149,149,149,149,149,3,3
"3334","Amsterdam_West",120,120,120,120,120,120,0,0
"3335","Amsterdam_Zuid",210,210,210,210,210,210,0,0
"3336","Amsterdam_West",90,90,90,90,90,90,0,0
"3337","Amsterdam_Center",550,550,550,550,550,550,0,0
"3338","Amsterdam_West",140,140,140,140,140,140,0,0
"3339","Amsterdam_West",70,70,70,70,70,70,0,0
"3340","Amsterdam_Center",150,150,150,150,150,150,0,0
"3341","Amsterdam_Oost",95,95,95,95,95,95,0,0
"3342","Amsterdam_West",109,109,109,109,109,109,0,0
"3343","Amsterdam_West",135,135,135,135,135,135,0,0
"3344","Amsterdam_Zuid",75,75,75,75,75,75,0,0
"3345","Amsterdam_Noord",50,50,50,50,50,50,0,0
"3346","Amsterdam_Zuid",109,109,109,109,109,109,0,0
"3347","Amsterdam_Oost",100,100,100,100,100,100,0,0
"3348","Amsterdam_Zuid",120,120,120,120,120,120,0,0
"3349","Amsterdam_Zuid",200,200,200,200,200,200,0,0
"3350","Amsterdam_Oost",60,60,60,60,69,60,0,0
"3351","Amsterdam_West",160,160,160,160,160,160,0,0
"3352","Amsterdam_Oost",100,100,100,100,100,100,0,0
"3353","Amsterdam_Center",250,250,250,250,250,250,0,0
"3354","Amsterdam_West",130,130,130,130,130,130,0,0
"3355","Amsterdam_Zuid",150,150,150,150,150,150,0,0
"3356","Amsterdam_Center",250,250,250,250,250,250,0,0
"3357","Amsterdam_West",95,95,95,95,95,95,0,0
"3358","Amsterdam_West",250,250,250,250,250,325,75,75
"3359","Amsterdam_Center",90,90,90,90,90,90,0,0
"3360","Amsterdam_West",90,90,90,90,90,90,0,0
"3361","Amsterdam_Center",125,125,125,125,125,125,0,0
"3362","Amsterdam_Zuid",220,220,220,220,220,220,0,0
"3363","Amsterdam_Center",186,186,186,186,186,186,0,0
"3364","Amsterdam_West",240,240,240,240,240,240,0,0
"3365","Amsterdam_West",79,79,79,79,79,79,0,0
"3366","Amsterdam_Center",75,75,75,75,75,75,0,0
"3367","Amsterdam_Zuid",139,139,139,139,139,139,0,0
"3368","Amsterdam_West",139,139,139,139,139,139,0,0
"3369","Amsterdam_West",169,169,169,169,169,169,0,0
"3370","Amsterdam_West",120,120,120,120,120,120,0,0
"3371","Amsterdam_West",125,125,125,125,125,125,0,0
"3372","Amsterdam_Zuid",69,69,69,69,69,77,8,8
"3373","Amsterdam_West",90,90,90,90,90,90,0,0
"3374","Amsterdam_Zuid",157,157,157,157,157,157,0,0
"3375","Amsterdam_Oost",100,100,100,100,100,100,0,0
"3376","Amsterdam_West",125,125,125,125,125,125,0,0
"3377","Amsterdam_West",125,125,125,125,125,125,0,0
"3378","Amsterdam_Zuid",100,100,100,100,100,100,0,0
"3379","Amsterdam_Oost",75,75,75,75,75,75,0,0
"3380","Amsterdam_Zuid",106,106,106,106,106,106,0,0
"3381","Amsterdam_Noord",225,350,353,353,353,353,128,128
"3382","Amsterdam_Oost",350,350,350,350,350,350,0,0
"3383","Amsterdam_Nieuw_west",185,185,185,185,185,185,0,0
"3384","Amsterdam_Zuid",139,139,139,139,139,139,0,0
"3385","Amsterdam_West",90,90,90,90,90,90,0,0
"3386","Amsterdam_Oost",95,95,95,95,95,95,0,0
"3387","Amsterdam_Oost",62,60,60,60,60,60,-2,2
"3388","Amsterdam_Oost",240,240,240,240,240,240,0,0
"3389","Amsterdam_West",85,85,85,85,85,85,0,0
"3390","Amsterdam_Zuid",129,129,129,129,129,129,0,0
"3391","Amsterdam_West",95,95,95,95,95,95,0,0
"3392","Amsterdam_West",90,90,90,90,90,90,0,0
"3393","Amsterdam_Center",450,450,457,418,421,479,29,29
"3394","Amsterdam_Center",357,371,564,393,400,469,112,112
"3395","Amsterdam_West",249,249,249,249,249,249,0,0
"3396","Amsterdam_Zuid",121,121,121,121,121,121,0,0
"3397","Amsterdam_Zuid",200,200,200,200,200,200,0,0
"3398","Amsterdam_West",120,120,120,120,120,120,0,0
"3399","Amsterdam_Noord",90,90,90,90,90,90,0,0
"3400","Amsterdam_Oost",116,116,116,116,116,116,0,0
"3401","Amsterdam_West",135,135,135,135,135,135,0,0
"3402","Amsterdam_Zuid",190,190,190,190,190,190,0,0
"3403","Amsterdam_Zuid",190,190,190,190,190,190,0,0
"3404","Amsterdam_West",110,110,110,110,110,110,0,0
"3405","Amsterdam_West",261,261,261,261,261,261,0,0
"3406","Amsterdam_West",140,140,140,140,140,140,0,0
"3407","Amsterdam_West",85,85,85,85,85,85,0,0
"3408","Amsterdam_West",65,65,65,65,65,65,0,0
"3409","Amsterdam_Center",105,105,105,105,105,105,0,0
"3410","Amsterdam_Center",154,120,120,110,120,120,-34,34
"3411","Amsterdam_Center",209,270,277,270,270,290,81,81
"3412","Amsterdam_Oost",100,100,100,100,100,100,0,0
"3413","Amsterdam_West",179,179,179,179,179,179,0,0
"3414","Amsterdam_Zuid",110,110,110,110,110,110,0,0
"3415","Amsterdam_West",169,169,169,169,169,169,0,0
"3416","Amsterdam_Nieuw_west",98,98,98,98,98,98,0,0
"3417","Amsterdam_West",95,95,95,95,95,95,0,0
"3418","Amsterdam_West",87,86,86,86,86,86,-1,1
"3419","Amsterdam_West",149,149,149,149,149,149,0,0
"3420","Amsterdam_West",109,109,109,109,109,109,0,0
"3421","Amsterdam_Oost",65,65,65,65,65,65,0,0
"3422","Amsterdam_Zuid",62,62,62,62,62,62,0,0
"3423","Amsterdam_West",249,249,249,249,249,249,0,0
"3424","Amsterdam_West",150,150,150,150,150,150,0,0
"3425","Amsterdam_Nieuw_west",250,250,250,250,250,250,0,0
"3426","Amsterdam_Center",123,165,119,210,220,266,143,143
"3427","Amsterdam_West",130,130,130,130,130,130,0,0
"3428","Amsterdam_Zuid",118,118,118,118,118,118,0,0
"3429","Amsterdam_West",99,99,99,99,99,99,0,0
"3430","Amsterdam_Center",240,240,240,240,240,240,0,0
"3431","Amsterdam_Center",60,60,65,65,65,70,10,10
"3432","Amsterdam_Noord",100,100,100,100,100,100,0,0
"3433","Amsterdam_Center",87,53,62,51,55,61,-26,26
"3434","Amsterdam_Zuid",293,250,250,280,280,280,-13,13
"3435","Amsterdam_Zuid",171,171,171,171,171,171,0,0
"3436","Amsterdam_Oost",299,299,299,299,299,299,0,0
"3437","Amsterdam_West",160,160,160,160,160,160,0,0
"3438","Amsterdam_West",220,220,220,220,220,220,0,0
"3439","Amsterdam_West",120,120,120,120,120,120,0,0
"3440","Amsterdam_Zuid",250,250,250,250,250,250,0,0
"3441","Amsterdam_Oost",60,60,60,60,60,60,0,0
"3442","Amsterdam_Zuid",38,38,38,38,39,38,0,0
"3443","Amsterdam_Center",36,36,37,36,36,40,4,4
"3444","Amsterdam_Oost",102,102,102,102,102,102,0,0
"3445","Amsterdam_West",164,164,164,164,164,164,0,0
"3446","Amsterdam_West",124,124,124,124,124,124,0,0
"3447","Amsterdam_Center",215,210,210,210,210,210,-5,5
"3448","Amsterdam_Zuid",130,130,130,130,130,130,0,0
"3449","Amsterdam_Center",140,140,140,140,140,140,0,0
"3450","Amsterdam_Center",218,218,218,218,218,218,0,0
"3451","Amsterdam_Oost",230,230,230,230,230,230,0,0
"3452","Amsterdam_West",150,150,150,150,150,150,0,0
"3453","Amsterdam_Oost",110,110,110,110,110,110,0,0
"3454","Amsterdam_Zuid",220,220,220,220,220,220,0,0
"3455","Amsterdam_West",110,110,110,110,110,150,40,40
"3456","Amsterdam_West",80,80,80,80,80,80,0,0
"3457","Amsterdam_Oost",100,100,100,100,100,100,0,0
"3458","Amsterdam_Zuid",171,171,171,171,171,171,0,0
"3459","Amsterdam_Zuid",300,300,300,300,300,300,0,0
"3460","Amsterdam_Center",134,134,134,134,134,134,0,0
"3461","Amsterdam_Oost",110,110,110,110,110,110,0,0
"3462","Amsterdam_Center",98,98,98,98,98,98,0,0
"3463","Amsterdam_Zuid",150,150,150,150,150,150,0,0
"3464","Amsterdam_Oost",50,50,50,50,50,50,0,0
"3465","Amsterdam_Oost",20,20,20,20,20,20,0,0
"3466","Amsterdam_West",56,56,56,56,56,56,0,0
"3467","Amsterdam_West",90,90,90,90,90,90,0,0
"3468","Amsterdam_Nieuw_west",95,95,95,95,95,95,0,0
"3469","Amsterdam_Zuid",120,120,120,120,120,120,0,0
"3470","Amsterdam_Zuid",155,155,155,155,155,155,0,0
"3471","Amsterdam_Zuid",199,199,199,199,199,199,0,0
"3472","Amsterdam_West",104,104,104,104,104,104,0,0
"3473","Amsterdam_Zuid",89,89,89,89,89,89,0,0
"3474","Amsterdam_Oost",170,170,170,170,170,170,0,0
"3475","Amsterdam_Zuid",125,125,125,125,125,125,0,0
"3476","Amsterdam_Zuid",132,132,132,132,132,132,0,0
"3477","Amsterdam_Oost",70,70,70,70,70,70,0,0
"3478","Amsterdam_Zuid",92,92,92,92,92,92,0,0
"3479","Amsterdam_Zuid",300,300,300,300,300,300,0,0
"3480","Amsterdam_Center",425,325,325,325,425,425,0,0
"3481","Amsterdam_Noord",180,180,180,180,180,180,0,0
"3482","Amsterdam_Zuid",99,99,99,99,99,99,0,0
"3483","Amsterdam_Zuid",109,109,109,109,109,109,0,0
"3484","Amsterdam_Oost",200,200,200,200,200,200,0,0
"3485","Amsterdam_West",37,37,37,37,38,39,2,2
"3486","Amsterdam_Zuid",110,110,110,110,110,110,0,0
"3487","Amsterdam_West",295,295,295,295,295,295,0,0
"3488","Amsterdam_West",120,120,120,120,120,120,0,0
"3489","Amsterdam_West",107,107,107,107,107,107,0,0
"3490","Amsterdam_Oost",131,131,135,135,135,160,29,29
"3491","Amsterdam_West",125,125,125,125,125,125,0,0
"3492","Amsterdam_Zuid",95,95,95,95,95,95,0,0
"3493","Amsterdam_Oost",100,100,100,100,100,100,0,0
"3494","Amsterdam_Zuid",158,158,158,158,158,158,0,0
"3495","Amsterdam_Oost",249,249,249,249,249,249,0,0
"3496","Amsterdam_West",98,98,98,98,98,98,0,0
"3497","Amsterdam_Zuid",160,160,160,160,160,160,0,0
"3498","Amsterdam_West",145,145,145,145,145,145,0,0
"3499","Amsterdam_Center",119,119,119,119,119,119,0,0
"3500","Amsterdam_Oost",147,100,100,100,100,100,-47,47
"3501","Amsterdam_Center",99,99,99,99,86,91,-8,8
"3502","Amsterdam_Nieuw_west",91,91,91,91,91,91,0,0
"3503","Amsterdam_Center",37,37,37,37,37,37,0,0
"3504","Amsterdam_Center",95,95,95,95,95,95,0,0
"3505","Amsterdam_Center",70,70,70,70,70,70,0,0
"3506","Amsterdam_Zuid",90,90,90,90,90,90,0,0
"3507","Amsterdam_Noord",95,95,95,95,95,95,0,0
"3508","Amsterdam_Oost",65,65,65,65,65,65,0,0
"3509","Amsterdam_Oost",150,150,150,150,150,150,0,0
"3510","Amsterdam_Center",150,150,150,150,150,150,0,0
"3511","Amsterdam_Zuid",150,150,150,150,150,150,0,0
"3512","Amsterdam_Center",185,185,185,185,185,185,0,0
"3513","Amsterdam_West",115,115,115,115,115,115,0,0
"3514","Amsterdam_Center",157,157,157,157,157,157,0,0
"3515","Amsterdam_Zuid",110,110,110,110,110,110,0,0
"3516","Amsterdam_Oost",200,200,200,200,200,200,0,0
"3517","Amsterdam_Center",225,225,225,225,225,225,0,0
"3518","Amsterdam_Oost",24,30,54,29,25,24,0,0
"3519","Amsterdam_Center",58,57,52,51,54,58,0,0
"3520","Amsterdam_Center",105,99,123,123,136,147,42,42
"3521","Amsterdam_Oost",130,130,130,130,130,130,0,0
"3522","Amsterdam_West",599,599,599,599,599,599,0,0
"3523","Amsterdam_Center",150,150,150,150,168,159,9,9
"3524","Amsterdam_Oost",110,110,110,110,110,110,0,0
"3525","Amsterdam_Oost",250,250,250,250,250,250,0,0
"3526","Amsterdam_West",76,76,76,76,76,76,0,0
"3527","Amsterdam_Oost",139,139,139,139,139,139,0,0
"3528","Amsterdam_West",120,120,120,120,120,120,0,0
"3529","Amsterdam_Oost",235,235,235,235,235,235,0,0
"3530","Amsterdam_Zuid",95,95,55,55,65,65,-30,30
"3531","Amsterdam_Zuid",95,95,95,95,95,95,0,0
"3532","Amsterdam_Oost",90,90,90,90,90,90,0,0
"3533","Amsterdam_Zuid",65,65,65,65,65,65,0,0
"3534","Amsterdam_Zuid",107,107,107,107,107,107,0,0
"3535","Amsterdam_Center",150,150,150,150,150,150,0,0
"3536","Amsterdam_Center",121,158,158,158,158,158,37,37
"3537","Amsterdam_Center",158,158,158,158,158,158,0,0
"3538","Amsterdam_West",200,200,200,200,200,200,0,0
"3539","Amsterdam_Zuid",160,150,199,202,246,210,50,50
"3540","Amsterdam_Center",155,155,155,155,155,155,0,0
"3541","Amsterdam_West",74,92,130,140,178,192,118,118
"3542","Amsterdam_West",79,79,79,79,79,79,0,0
"3543","Amsterdam_West",100,100,100,100,100,100,0,0
"3544","Amsterdam_Zuid",305,305,305,305,305,305,0,0
"3545","Amsterdam_Oost",207,207,207,207,207,207,0,0
"3546","Amsterdam_West",130,130,130,130,130,130,0,0
"3547","Amsterdam_Zuid",128,128,128,128,128,128,0,0
"3548","Amsterdam_Nieuw_west",140,140,140,140,140,140,0,0
"3549","Amsterdam_West",250,250,250,250,250,250,0,0
"3550","Amsterdam_Oost",94,94,94,94,94,94,0,0
"3551","Amsterdam_Zuid",115,115,115,115,115,115,0,0
"3552","Amsterdam_West",120,120,120,120,120,120,0,0
"3553","Amsterdam_Oost",179,179,179,179,179,179,0,0
"3554","Amsterdam_West",80,80,80,80,80,80,0,0
"3555","Amsterdam_Center",370,370,370,370,370,370,0,0
"3556","Amsterdam_West",150,150,150,150,150,150,0,0
"3557","Amsterdam_West",111,111,111,111,111,111,0,0
"3558","Amsterdam_West",65,65,65,65,65,65,0,0
"3559","Amsterdam_West",86,86,86,86,86,86,0,0
"3560","Amsterdam_West",200,200,200,200,200,200,0,0
"3561","Amsterdam_West",115,115,115,115,115,115,0,0
"3562","Amsterdam_West",89,89,89,89,89,89,0,0
"3563","Amsterdam_Oost",163,132,111,111,111,111,-52,52
"3564","Amsterdam_West",85,85,85,85,85,85,0,0
"3565","Amsterdam_Center",95,95,95,95,95,130,35,35
"3566","Amsterdam_Zuid",250,250,250,250,250,250,0,0
"3567","Amsterdam_West",186,100,100,100,100,100,-86,86
"3568","Amsterdam_Oost",195,195,195,195,195,195,0,0
"3569","Amsterdam_Oost",195,195,195,195,195,195,0,0
"3570","Amsterdam_Oost",56,56,56,56,56,56,0,0
"3571","Amsterdam_West",125,125,111,129,129,129,4,4
"3572","Amsterdam_Zuid",120,140,140,140,190,190,70,70
"3573","Amsterdam_Center",199,199,199,199,199,199,0,0
"3574","Amsterdam_Oost",100,100,100,100,100,100,0,0
"3575","Amsterdam_West",69,69,69,69,69,69,0,0
"3576","Amsterdam_Oost",150,150,150,150,150,150,0,0
"3577","Amsterdam_West",100,100,100,100,100,100,0,0
"3578","Amsterdam_West",110,110,110,110,110,110,0,0
"3579","Amsterdam_West",158,158,158,158,158,158,0,0
"3580","Amsterdam_West",140,140,140,140,140,140,0,0
"3581","Amsterdam_Oost",200,200,200,200,200,200,0,0
"3582","Amsterdam_Nieuw_west",134,134,134,134,134,134,0,0
"3583","Amsterdam_Center",264,264,264,264,264,264,0,0
"3584","Amsterdam_West",220,220,220,220,220,220,0,0
"3585","Amsterdam_Center",140,150,140,150,180,210,70,70
"3586","Amsterdam_West",139,139,139,139,139,139,0,0
"3587","Amsterdam_Center",120,136,130,157,190,170,50,50
"3588","Amsterdam_Center",150,150,150,150,150,150,0,0
"3589","Amsterdam_Oost",129,129,129,129,129,129,0,0
"3590","Amsterdam_West",89,74,74,74,74,175,86,86
"3591","Amsterdam_Noord",130,160,160,160,160,160,30,30
"3592","Amsterdam_Oost",109,109,109,109,109,109,0,0
"3593","Amsterdam_Center",123,123,123,123,123,123,0,0
"3594","Amsterdam_Zuid",50,50,50,50,50,50,0,0
"3595","Amsterdam_Zuid",131,131,131,131,131,131,0,0
"3596","Amsterdam_Center",250,250,250,250,250,250,0,0
"3597","Amsterdam_Center",109,109,109,103,99,99,-10,10
"3598","Amsterdam_West",120,120,120,120,120,120,0,0
"3599","Amsterdam_Zuidoost",65,65,65,65,65,65,0,0
"3600","Amsterdam_Zuid",119,119,119,119,119,119,0,0
"3601","Amsterdam_Zuid",120,120,120,120,120,120,0,0
"3602","Amsterdam_Oost",111,111,111,111,111,111,0,0
"3603","Amsterdam_Center",28,53,21,22,21,31,3,3
"3604","Amsterdam_Center",140,140,140,140,140,140,0,0
"3605","Amsterdam_Zuid",100,100,100,100,100,100,0,0
"3606","Amsterdam_West",108,108,108,108,108,108,0,0
"3607","Amsterdam_West",129,129,129,129,129,129,0,0
"3608","Amsterdam_Nieuw_west",62,62,62,62,62,62,0,0
"3609","Amsterdam_West",149,149,149,149,149,149,0,0
"3610","Amsterdam_Center",299,299,299,299,299,299,0,0
"3611","Amsterdam_Zuid",150,150,150,150,150,150,0,0
"3612","Amsterdam_Zuid",150,150,150,150,150,150,0,0
"3613","Amsterdam_West",150,150,150,150,150,150,0,0
"3614","Amsterdam_West",429,429,429,429,429,429,0,0
"3615","Amsterdam_West",169,160,160,160,160,160,-9,9
"3616","Amsterdam_Oost",175,175,175,175,175,175,0,0
"3617","Amsterdam_West",109,109,109,109,109,109,0,0
"3618","Amsterdam_Center",149,149,149,149,149,149,0,0
"3619","Amsterdam_Zuid",225,225,225,225,225,225,0,0
"3620","Amsterdam_Oost",175,175,175,175,175,175,0,0
"3621","Amsterdam_West",40,40,40,40,40,40,0,0
"3622","Amsterdam_Center",170,170,170,170,170,170,0,0
"3623","Amsterdam_West",210,210,210,210,210,210,0,0
"3624","Amsterdam_West",64,64,64,64,64,64,0,0
"3625","Amsterdam_West",218,195,192,182,201,221,3,3
"3626","Amsterdam_West",125,125,125,125,125,125,0,0
"3627","Amsterdam_West",210,210,210,210,210,210,0,0
"3628","Amsterdam_Zuid",460,460,460,460,460,460,0,0
"3629","Amsterdam_West",155,155,155,155,155,155,0,0
"3630","Amsterdam_Oost",96,96,96,96,96,96,0,0
"3631","Amsterdam_Zuid",100,100,100,100,100,100,0,0
"3632","Amsterdam_Nieuw_west",78,78,78,78,78,78,0,0
"3633","Amsterdam_West",107,153,219,219,219,219,112,112
"3634","Amsterdam_Zuid",120,120,120,120,120,120,0,0
"3635","Amsterdam_West",221,221,221,221,221,221,0,0
"3636","Amsterdam_West",35,35,35,35,35,35,0,0
"3637","Amsterdam_West",92,92,92,92,92,92,0,0
"3638","Amsterdam_West",92,92,92,92,92,92,0,0
"3639","Amsterdam_Oost",695,695,695,695,695,695,0,0
"3640","Amsterdam_Zuid",120,120,120,120,120,120,0,0
"3641","Amsterdam_Zuid",120,139,140,140,140,140,20,20
"3642","Amsterdam_Center",175,175,175,175,175,175,0,0
"3643","Amsterdam_Center",462,475,475,380,380,380,-82,82
"3644","Amsterdam_Center",104,104,104,104,104,104,0,0
"3645","Amsterdam_Zuid",70,70,70,70,70,70,0,0
"3646","Amsterdam_Zuid",95,95,77,77,77,77,-18,18
"3647","Amsterdam_Nieuw_west",50,50,50,50,50,50,0,0
"3648","Amsterdam_West",120,120,120,120,120,120,0,0
"3649","Amsterdam_West",110,110,110,110,110,110,0,0
"3650","Amsterdam_Oost",30,30,30,30,30,30,0,0
"3651","Amsterdam_Zuid",150,150,150,150,150,150,0,0
"3652","Amsterdam_Zuid",75,75,75,75,75,76,1,1
"3653","Amsterdam_Oost",225,225,225,225,225,225,0,0
"3654","Amsterdam_West",221,221,221,221,221,221,0,0
"3655","Amsterdam_Nieuw_west",105,105,105,250,250,250,145,145
"3656","Amsterdam_West",150,150,150,150,150,150,0,0
"3657","Amsterdam_Center",200,200,200,200,200,200,0,0
"3658","Amsterdam_Oost",149,149,149,149,149,149,0,0
"3659","Amsterdam_Nieuw_west",90,90,90,90,90,90,0,0
"3660","Amsterdam_West",95,95,95,95,95,95,0,0
"3661","Amsterdam_Oost",100,100,100,100,250,250,150,150
"3662","Amsterdam_Oost",115,115,115,115,115,115,0,0
"3663","Amsterdam_West",98,98,98,98,98,98,0,0
"3664","Amsterdam_Center",90,90,90,90,75,65,-25,25
"3665","Amsterdam_Zuid",165,165,165,165,165,165,0,0
"3666","Amsterdam_West",100,100,100,100,100,100,0,0
"3667","Amsterdam_Oost",160,160,160,160,160,160,0,0
"3668","Amsterdam_Center",225,225,225,225,225,225,0,0
"3669","Amsterdam_West",115,115,115,115,115,115,0,0
"3670","Amsterdam_West",100,100,100,100,100,100,0,0
"3671","Amsterdam_Oost",90,90,90,90,90,90,0,0
"3672","Amsterdam_West",500,500,500,500,500,500,0,0
"3673","Amsterdam_West",400,400,400,400,400,400,0,0
"3674","Amsterdam_Zuid",190,190,190,190,190,190,0,0
"3675","Amsterdam_Oost",130,130,130,130,130,130,0,0
"3676","Amsterdam_West",99,99,99,99,99,99,0,0
"3677","Amsterdam_West",167,167,167,167,167,167,0,0
"3678","Amsterdam_Oost",159,159,159,159,159,159,0,0
"3679","Amsterdam_Zuidoost",62,62,62,62,62,62,0,0
"3680","Amsterdam_Center",300,300,300,300,300,300,0,0
"3681","Amsterdam_Zuid",145,145,145,155,235,235,90,90
"3682","Amsterdam_West",100,100,100,100,100,100,0,0
"3683","Amsterdam_Center",67,72,72,72,72,72,5,5
"3684","Amsterdam_Oost",150,150,150,150,150,150,0,0
"3685","Amsterdam_West",96,111,111,111,111,100,4,4
"3686","Amsterdam_Zuid",280,280,280,280,280,280,0,0
"3687","Amsterdam_Oost",85,85,85,85,85,85,0,0
"3688","Amsterdam_West",125,125,125,125,125,125,0,0
"3689","Amsterdam_Zuid",77,77,77,77,77,78,1,1
"3690","Amsterdam_Center",107,107,107,107,107,107,0,0
"3691","Amsterdam_West",60,60,60,60,60,60,0,0
"3692","Amsterdam_Zuid",83,83,83,83,83,83,0,0
"3693","Amsterdam_Center",96,96,96,96,96,96,0,0
"3694","Amsterdam_West",100,100,100,100,100,100,0,0
"3695","Amsterdam_Zuid",345,345,345,345,345,345,0,0
"3696","Amsterdam_Noord",70,70,70,70,70,70,0,0
"3697","Amsterdam_West",119,119,119,119,119,126,7,7
"3698","Amsterdam_Oost",102,102,102,102,102,102,0,0
"3699","Amsterdam_Center",275,275,275,275,275,275,0,0
"3700","Amsterdam_Oost",139,139,139,139,139,139,0,0
"3701","Amsterdam_West",89,89,89,89,89,89,0,0
"3702","Amsterdam_West",175,175,175,175,175,175,0,0
"3703","Amsterdam_West",90,90,90,90,90,90,0,0
"3704","Amsterdam_Oost",99,99,99,99,99,99,0,0
"3705","Amsterdam_West",99,99,99,99,99,99,0,0
"3706","Amsterdam_West",92,92,92,92,92,92,0,0
"3707","Amsterdam_Oost",85,85,85,85,76,79,-6,6
"3708","Amsterdam_West",195,195,195,195,195,195,0,0
"3709","Amsterdam_West",50,50,50,51,68,63,13,13
"3710","Amsterdam_Zuid",99,99,99,99,99,99,0,0
"3711","Amsterdam_Zuid",180,180,180,180,180,180,0,0
"3712","Amsterdam_Center",125,125,125,125,125,125,0,0
"3713","Amsterdam_Center",144,141,176,153,175,168,24,24
"3714","Amsterdam_Oost",125,125,125,125,125,125,0,0
"3715","Amsterdam_Oost",110,110,110,110,110,110,0,0
"3716","Amsterdam_Oost",29,29,29,29,29,29,0,0
"3717","Amsterdam_West",119,119,119,119,119,119,0,0
"3718","Amsterdam_Center",99,99,99,99,99,99,0,0
"3719","Amsterdam_Zuidoost",56,56,56,56,56,56,0,0
"3720","Amsterdam_Oost",205,205,205,205,205,205,0,0
"3721","Amsterdam_Center",163,163,163,163,163,163,0,0
"3722","Amsterdam_Zuid",240,240,240,240,240,240,0,0
"3723","Amsterdam_Zuid",104,104,104,104,104,104,0,0
"3724","Amsterdam_West",62,62,62,62,62,62,0,0
"3725","Amsterdam_West",149,149,149,149,149,149,0,0
"3726","Amsterdam_Oost",110,110,110,110,110,110,0,0
"3727","Amsterdam_Zuid",213,213,213,213,213,213,0,0
"3728","Amsterdam_Zuid",75,75,75,75,75,75,0,0
"3729","Amsterdam_Zuid",214,214,214,214,214,214,0,0
"3730","Amsterdam_Oost",85,85,85,85,85,85,0,0
"3731","Amsterdam_Center",130,130,130,130,130,130,0,0
"3732","Amsterdam_West",100,100,100,100,100,100,0,0
"3733","Amsterdam_Center",295,295,295,295,295,295,0,0
"3734","Amsterdam_Oost",166,139,137,192,201,222,56,56
"3735","Amsterdam_West",150,150,150,150,150,150,0,0
"3736","Amsterdam_West",175,175,175,175,175,175,0,0
"3737","Amsterdam_West",150,150,150,150,150,150,0,0
"3738","Amsterdam_West",60,60,60,60,60,60,0,0
"3739","Amsterdam_West",75,75,75,75,75,75,0,0
"3740","Amsterdam_Oost",100,100,100,100,100,100,0,0
"3741","Amsterdam_West",148,148,148,148,148,148,0,0
"3742","Amsterdam_Center",130,130,130,130,130,130,0,0
"3743","Amsterdam_Oost",99,99,99,99,99,99,0,0
"3744","Amsterdam_Noord",110,110,110,110,110,110,0,0
"3745","Amsterdam_West",98,98,98,98,50,50,-48,48
"3746","Amsterdam_West",68,68,68,68,68,68,0,0
"3747","Amsterdam_West",179,179,179,179,179,179,0,0
"3748","Amsterdam_Noord",195,195,195,195,195,195,0,0
"3749","Amsterdam_West",300,300,300,300,79,79,-221,221
"3750","Amsterdam_Zuid",105,105,105,105,105,105,0,0
"3751","Amsterdam_West",105,105,105,105,105,105,0,0
"3752","Amsterdam_West",90,90,90,90,90,90,0,0
"3753","Amsterdam_Center",135,135,135,135,135,135,0,0
"3754","Amsterdam_Zuid",28,28,28,28,28,29,1,1
"3755","Amsterdam_West",40,40,40,40,40,40,0,0
"3756","Amsterdam_Oost",63,63,63,63,63,63,0,0
"3757","Amsterdam_West",120,120,120,120,120,120,0,0
"3758","Amsterdam_Noord",66,66,66,66,66,66,0,0
"3759","Amsterdam_Noord",125,125,125,125,125,125,0,0
"3760","Amsterdam_West",70,70,70,70,70,70,0,0
"3761","Amsterdam_Center",80,80,80,80,80,80,0,0
"3762","Amsterdam_West",109,109,109,109,109,109,0,0
"3763","Amsterdam_Center",89,89,89,89,89,89,0,0
"3764","Amsterdam_Zuid",115,115,115,115,115,115,0,0
"3765","Amsterdam_West",70,70,70,70,70,71,1,1
"3766","Amsterdam_West",115,115,115,115,115,115,0,0
"3767","Amsterdam_West",180,180,180,180,180,180,0,0
"3768","Amsterdam_West",160,160,160,160,160,160,0,0
"3769","Amsterdam_Nieuw_west",89,89,89,89,89,89,0,0
"3770","Amsterdam_Zuid",81,81,81,81,81,81,0,0
"3771","Amsterdam_West",200,200,200,200,200,200,0,0
"3772","Amsterdam_Zuid",88,88,88,88,88,88,0,0
"3773","Amsterdam_West",109,109,109,109,109,109,0,0
"3774","Amsterdam_Oost",189,189,189,189,119,164,-25,25
"3775","Amsterdam_Zuid",220,220,220,220,220,220,0,0
"3776","Amsterdam_Oost",75,75,75,75,75,75,0,0
"3777","Amsterdam_Center",95,95,95,95,95,95,0,0
"3778","Amsterdam_West",80,80,80,80,80,80,0,0
"3779","Amsterdam_Oost",88,88,88,88,88,88,0,0
"3780","Amsterdam_Center",115,115,115,115,115,115,0,0
"3781","Amsterdam_Oost",87,87,87,87,87,87,0,0
"3782","Amsterdam_West",91,69,69,69,69,69,-22,22
"3783","Amsterdam_West",200,200,200,200,200,200,0,0
"3784","Amsterdam_Noord",109,109,109,109,109,109,0,0
"3785","Amsterdam_Zuidoost",80,80,80,80,80,80,0,0
"3786","Amsterdam_West",89,89,89,89,89,89,0,0
"3787","Amsterdam_Zuid",195,195,195,195,195,195,0,0
"3788","Amsterdam_West",20,20,25,20,23,30,10,10
"3789","Amsterdam_West",100,100,100,100,100,100,0,0
"3790","Amsterdam_West",20,20,25,20,22,30,10,10
"3791","Amsterdam_Zuid",81,81,81,81,81,81,0,0
"3792","Amsterdam_West",171,171,171,171,171,171,0,0
"3793","Amsterdam_Zuid",100,100,100,100,100,100,0,0
"3794","Amsterdam_Zuid",200,200,200,200,200,200,0,0
"3795","Amsterdam_Center",195,195,195,195,195,195,0,0
"3796","Amsterdam_Oost",200,200,200,200,200,200,0,0
"3797","Amsterdam_Center",125,125,125,125,125,125,0,0
"3798","Amsterdam_West",70,70,70,70,70,70,0,0
"3799","Amsterdam_Oost",101,101,101,101,101,101,0,0
"3800","Amsterdam_Oost",120,120,120,120,120,120,0,0
"3801","Amsterdam_Zuid",100,100,100,100,100,100,0,0
"3802","Amsterdam_Center",99,99,99,99,99,99,0,0
"3803","Amsterdam_Nieuw_west",89,89,89,89,89,89,0,0
"3804","Amsterdam_Zuid",190,190,190,190,160,157,-33,33
"3805","Amsterdam_West",85,85,85,85,85,85,0,0
"3806","Amsterdam_Center",90,90,90,90,90,90,0,0
"3807","Amsterdam_Zuid",130,130,130,130,130,130,0,0
"3808","Amsterdam_West",140,140,140,140,140,140,0,0
"3809","Amsterdam_West",148,148,148,148,148,148,0,0
"3810","Amsterdam_Oost",66,66,66,66,66,66,0,0
"3811","Amsterdam_Center",57,57,57,57,57,60,3,3
"3812","Amsterdam_West",400,400,400,400,400,400,0,0
"3813","Amsterdam_West",87,87,87,87,87,87,0,0
"3814","Amsterdam_Center",83,83,58,59,72,442,359,359
"3815","Amsterdam_Noord",180,180,180,180,180,180,0,0
"3816","Amsterdam_Noord",110,110,110,110,110,110,0,0
"3817","Amsterdam_West",250,250,250,250,250,250,0,0
"3818","Amsterdam_Oost",99,99,99,99,99,99,0,0
"3819","Amsterdam_Center",129,129,129,129,129,129,0,0
"3820","Amsterdam_Noord",73,73,73,73,73,73,0,0
"3821","Amsterdam_Noord",98,98,98,98,98,98,0,0
"3822","Amsterdam_Oost",191,191,191,191,191,191,0,0
"3823","Amsterdam_West",110,110,110,110,110,110,0,0
"3824","Amsterdam_West",125,125,35,35,35,35,-90,90
"3825","Amsterdam_Zuid",99,99,99,99,99,99,0,0
"3826","Amsterdam_Oost",102,102,102,102,102,102,0,0
"3827","Amsterdam_Center",294,285,283,300,294,300,6,6
"3828","Amsterdam_West",196,196,196,196,196,196,0,0
"3829","Amsterdam_Noord",70,70,70,70,70,70,0,0
"3830","Amsterdam_West",95,95,95,95,95,95,0,0
"3831","Amsterdam_West",99,99,99,99,99,99,0,0
"3832","Amsterdam_Oost",121,121,121,121,121,121,0,0
"3833","Amsterdam_West",62,61,61,61,61,61,-1,1
"3834","Amsterdam_West",80,80,80,80,80,80,0,0
"3835","Amsterdam_Zuid",140,140,140,140,140,140,0,0
"3836","Amsterdam_West",92,92,92,92,92,92,0,0
"3837","Amsterdam_Center",140,140,140,140,140,140,0,0
"3838","Amsterdam_Oost",40,40,40,40,40,40,0,0
"3839","Amsterdam_Zuid",84,84,84,84,84,84,0,0
"3840","Amsterdam_West",100,100,100,100,100,100,0,0
"3841","Amsterdam_Zuid",185,185,185,185,185,185,0,0
"3842","Amsterdam_Center",250,250,250,250,250,250,0,0
"3843","Amsterdam_West",195,195,195,195,195,195,0,0
"3844","Amsterdam_Oost",95,95,95,95,95,95,0,0
"3845","Amsterdam_Oost",65,65,65,65,65,65,0,0
"3846","Amsterdam_Center",70,70,70,70,70,70,0,0
"3847","Amsterdam_Zuid",99,99,99,99,99,99,0,0
"3848","Amsterdam_Oost",82,82,74,74,73,78,-4,4
"3849","Amsterdam_West",110,110,110,110,110,110,0,0
"3850","Amsterdam_Zuid",115,115,115,115,115,115,0,0
"3851","Amsterdam_West",130,130,130,130,130,130,0,0
"3852","Amsterdam_West",131,133,137,139,138,140,9,9
"3853","Amsterdam_West",108,108,108,108,108,108,0,0
"3854","Amsterdam_Zuid",140,140,140,140,140,140,0,0
"3855","Amsterdam_Oost",40,40,40,40,40,40,0,0
"3856","Amsterdam_West",206,239,239,229,239,239,33,33
"3857","Amsterdam_West",120,120,120,120,120,120,0,0
"3858","Amsterdam_Oost",175,175,175,175,175,175,0,0
"3859","Amsterdam_Center",180,180,180,180,180,180,0,0
"3860","Amsterdam_Center",180,180,180,180,180,180,0,0
"3861","Amsterdam_West",150,150,150,150,150,150,0,0
"3862","Amsterdam_Oost",130,130,130,130,130,130,0,0
"3863","Amsterdam_Zuid",209,209,209,209,209,209,0,0
"3864","Amsterdam_Zuid",164,164,164,164,164,164,0,0
"3865","Amsterdam_Oost",276,276,276,276,276,276,0,0
"3866","Amsterdam_Oost",211,211,211,211,211,211,0,0
"3867","Amsterdam_Zuid",199,199,199,199,199,185,-14,14
"3868","Amsterdam_Oost",195,195,195,195,225,195,0,0
"3869","Amsterdam_West",150,150,150,150,150,150,0,0
"3870","Amsterdam_West",180,180,160,160,160,160,-20,20
"3871","Amsterdam_Center",175,175,175,175,175,175,0,0
"3872","Amsterdam_Oost",105,105,105,105,105,105,0,0
"3873","Amsterdam_Oost",200,200,200,200,200,200,0,0
"3874","Amsterdam_Zuid",129,129,129,129,129,129,0,0
"3875","Amsterdam_Zuid",99,99,99,99,99,99,0,0
"3876","Amsterdam_Zuid",132,132,132,132,132,132,0,0
"3877","Amsterdam_Oost",80,80,80,80,80,80,0,0
"3878","Amsterdam_Zuid",94,94,94,94,94,94,0,0
"3879","Amsterdam_Zuid",95,95,95,95,95,95,0,0
"3880","Amsterdam_West",295,295,295,295,295,295,0,0
"3881","Amsterdam_West",125,125,125,125,125,125,0,0
"3882","Amsterdam_Oost",42,42,42,42,42,42,0,0
"3883","Amsterdam_Zuid",111,111,111,111,111,111,0,0
"3884","Amsterdam_West",78,78,78,78,78,78,0,0
"3885","Amsterdam_Oost",150,150,150,150,150,150,0,0
"3886","Amsterdam_West",95,95,95,95,95,95,0,0
"3887","Amsterdam_Center",64,64,64,64,64,64,0,0
"3888","Amsterdam_Zuid",120,120,120,120,120,120,0,0
"3889","Amsterdam_Center",100,100,100,100,100,100,0,0
"3890","Amsterdam_Oost",130,130,130,130,130,130,0,0
"3891","Amsterdam_Oost",50,50,50,50,50,50,0,0
"3892","Amsterdam_Center",478,349,399,399,449,449,-29,29
"3893","Amsterdam_West",150,150,150,150,150,150,0,0
"3894","Amsterdam_Oost",185,185,185,185,185,185,0,0
"3895","Amsterdam_Center",120,120,120,120,120,120,0,0
"3896","Amsterdam_West",75,75,75,75,75,75,0,0
"3897","Amsterdam_Center",197,195,195,195,195,195,-2,2
"3898","Amsterdam_Noord",159,159,159,159,159,159,0,0
"3899","Amsterdam_Oost",100,100,100,100,100,100,0,0
"3900","Amsterdam_Center",121,121,121,121,121,121,0,0
"3901","Amsterdam_Center",218,221,314,314,204,213,-5,5
"3902","Amsterdam_West",47,48,48,48,48,49,2,2
"3903","Amsterdam_West",130,130,130,130,130,130,0,0
"3904","Amsterdam_West",120,120,120,120,120,120,0,0
"3905","Amsterdam_West",198,198,198,198,198,198,0,0
"3906","Amsterdam_Nieuw_west",42,42,42,42,42,42,0,0
"3907","Amsterdam_Oost",83,83,83,83,83,83,0,0
"3908","Amsterdam_Center",89,89,89,89,89,89,0,0
"3909","Amsterdam_Zuid",140,140,140,140,140,140,0,0
"3910","Amsterdam_West",110,110,110,110,113,110,0,0
"3911","Amsterdam_Oost",100,100,100,100,100,100,0,0
"3912","Amsterdam_West",90,90,90,90,90,90,0,0
"3913","Amsterdam_Oost",249,249,249,249,249,249,0,0
"3914","Amsterdam_West",175,175,175,175,175,175,0,0
"3915","Amsterdam_Oost",124,124,124,124,124,124,0,0
"3916","Amsterdam_Zuid",102,78,69,69,69,69,-33,33
"3917","Amsterdam_Oost",165,165,165,165,165,165,0,0
"3918","Amsterdam_Center",79,89,110,99,119,129,50,50
"3919","Amsterdam_West",100,100,100,100,100,100,0,0
"3920","Amsterdam_West",203,203,203,203,203,203,0,0
"3921","Amsterdam_Center",195,195,195,195,195,195,0,0
"3922","Amsterdam_Zuid",190,190,190,190,190,190,0,0
"3923","Amsterdam_Zuid",180,180,180,180,180,180,0,0
"3924","Amsterdam_West",100,100,100,100,100,100,0,0
"3925","Amsterdam_Oost",104,104,104,104,104,104,0,0
"3926","Amsterdam_Nieuw_west",140,140,140,140,140,140,0,0
"3927","Amsterdam_West",99,99,99,99,99,99,0,0
"3928","Amsterdam_Zuid",125,125,125,125,125,125,0,0
"3929","Amsterdam_West",125,125,125,125,125,125,0,0
"3930","Amsterdam_Zuid",118,118,118,118,118,118,0,0
"3931","Amsterdam_Zuid",200,200,200,200,200,200,0,0
"3932","Amsterdam_Zuid",35,35,35,35,35,35,0,0
"3933","Amsterdam_Zuid",116,116,116,116,116,116,0,0
"3934","Amsterdam_Zuid",150,150,150,150,150,150,0,0
"3935","Amsterdam_Zuid",55,55,55,55,55,55,0,0
"3936","Amsterdam_Zuid",150,150,150,150,150,150,0,0
"3937","Amsterdam_West",100,100,100,100,100,100,0,0
"3938","Amsterdam_West",160,160,160,160,160,160,0,0
"3939","Amsterdam_Zuid",99,99,99,99,99,99,0,0
"3940","Amsterdam_West",120,120,120,120,120,120,0,0
"3941","Amsterdam_Center",249,249,249,249,249,249,0,0
"3942","Amsterdam_Oost",100,100,100,100,100,100,0,0
"3943","Amsterdam_Zuid",157,100,100,100,100,100,-57,57
"3944","Amsterdam_Noord",65,65,65,65,65,65,0,0
"3945","Amsterdam_West",85,85,85,85,85,86,1,1
"3946","Amsterdam_Center",160,160,160,160,160,160,0,0
"3947","Amsterdam_Oost",65,65,65,65,65,65,0,0
"3948","Amsterdam_Zuid",300,300,300,300,300,300,0,0
"3949","Amsterdam_West",122,122,122,122,122,122,0,0
"3950","Amsterdam_Zuid",100,100,100,100,100,100,0,0
"3951","Amsterdam_Oost",200,200,243,200,200,210,10,10
"3952","Amsterdam_Nieuw_west",80,80,80,80,80,80,0,0
"3953","Amsterdam_Center",54,80,45,49,61,56,2,2
"3954","Amsterdam_Nieuw_west",45,45,45,45,45,45,0,0
"3955","Amsterdam_Zuid",175,175,175,175,175,175,0,0
"3956","Amsterdam_Center",120,120,120,120,120,120,0,0
"3957","Amsterdam_Zuid",111,94,100,100,100,110,-1,1
"3958","Amsterdam_Oost",95,95,95,95,95,95,0,0
"3959","Amsterdam_West",135,135,135,135,135,135,0,0
"3960","Amsterdam_Zuid",271,300,300,300,300,325,54,54
"3961","Amsterdam_Oost",143,143,143,143,143,95,-48,48
"3962","Amsterdam_Center",76,95,95,95,95,95,19,19
"3963","Amsterdam_West",80,80,80,80,80,80,0,0
"3964","Amsterdam_West",120,120,125,125,125,125,5,5
"3965","Amsterdam_Zuid",100,100,100,100,100,100,0,0
"3966","Amsterdam_West",100,100,100,100,100,100,0,0
"3967","Amsterdam_Nieuw_west",33,33,33,33,33,34,1,1
"3968","Amsterdam_Center",50,50,50,50,50,50,0,0
"3969","Amsterdam_West",79,79,79,79,79,79,0,0
"3970","Amsterdam_Noord",65,65,65,65,65,65,0,0
"3971","Amsterdam_Oost",75,75,75,75,75,75,0,0
"3972","Amsterdam_Zuid",100,100,100,100,100,100,0,0
"3973","Amsterdam_West",140,140,140,140,140,140,0,0
"3974","Amsterdam_West",120,120,120,120,120,120,0,0
"3975","Amsterdam_Center",99,99,99,99,99,99,0,0
"3976","Amsterdam_West",175,175,175,175,150,175,0,0
"3977","Amsterdam_West",60,60,60,60,60,60,0,0
"3978","Amsterdam_Zuid",95,95,95,95,95,95,0,0
"3979","Amsterdam_Zuid",200,200,200,200,200,200,0,0
"3980","Amsterdam_Zuid",129,129,129,129,129,129,0,0
"3981","Amsterdam_Zuid",349,349,349,349,349,349,0,0
"3982","Amsterdam_Zuid",112,112,112,112,112,112,0,0
"3983","Amsterdam_Zuid",120,120,120,120,120,120,0,0
"3984","Amsterdam_Oost",199,199,199,199,199,199,0,0
"3985","Amsterdam_Noord",49,49,49,49,49,49,0,0
"3986","Amsterdam_Noord",75,75,75,75,75,75,0,0
"3987","Amsterdam_West",100,100,100,100,100,100,0,0
"3988","Amsterdam_West",159,159,159,159,159,159,0,0
"3989","Amsterdam_Center",225,225,225,225,225,225,0,0
"3990","Amsterdam_Oost",75,75,75,75,75,75,0,0
"3991","Amsterdam_Nieuw_west",85,85,85,85,85,85,0,0
"3992","Amsterdam_Center",150,150,150,150,170,155,5,5
"3993","Amsterdam_Nieuw_west",160,160,160,160,160,160,0,0
"3994","Amsterdam_Center",70,70,70,70,70,70,0,0
"3995","Amsterdam_Zuid",150,150,150,150,150,150,0,0
"3996","Amsterdam_Center",128,102,102,102,112,112,-16,16
"3997","Amsterdam_Center",99,99,99,99,99,99,0,0
"3998","Amsterdam_West",80,80,80,80,80,80,0,0
"3999","Amsterdam_Center",195,195,195,195,195,195,0,0
"4000","Amsterdam_Center",90,90,90,90,90,90,0,0
"4001","Amsterdam_West",136,136,136,136,136,136,0,0
"4002","Amsterdam_West",125,125,125,125,125,125,0,0
"4003","Amsterdam_Zuid",110,110,110,110,110,110,0,0
"4004","Amsterdam_Oost",150,150,150,150,150,150,0,0
"4005","Amsterdam_Zuid",200,200,200,200,200,200,0,0
"4006","Amsterdam_Zuid",100,100,100,100,100,100,0,0
"4007","Amsterdam_Noord",487,487,487,487,487,487,0,0
"4008","Amsterdam_Oost",140,140,140,140,140,140,0,0
"4009","Amsterdam_Oost",100,100,100,100,100,100,0,0
"4010","Amsterdam_Oost",70,70,70,70,70,70,0,0
"4011","Amsterdam_West",200,200,200,200,200,200,0,0
"4012","Amsterdam_West",69,69,69,69,69,69,0,0
"4013","Amsterdam_Center",180,180,180,180,180,180,0,0
"4014","Amsterdam_West",99,110,105,103,123,123,24,24
"4015","Amsterdam_West",65,65,65,65,65,65,0,0
"4016","Amsterdam_Oost",107,107,107,107,107,107,0,0
"4017","Amsterdam_Oost",500,545,545,545,545,545,45,45
"4018","Amsterdam_West",139,139,139,139,139,139,0,0
"4019","Amsterdam_Zuid",271,264,264,264,264,214,-57,57
"4020","Amsterdam_Oost",135,135,135,135,135,135,0,0
"4021","Amsterdam_West",100,100,100,100,100,100,0,0
"4022","Amsterdam_West",150,150,150,150,119,149,-1,1
"4023","Amsterdam_Zuid",84,84,77,77,77,77,-7,7
"4024","Amsterdam_Oost",100,100,100,100,100,100,0,0
"4025","Amsterdam_Oost",200,200,200,200,200,200,0,0
"4026","Amsterdam_Zuid",150,150,150,150,150,150,0,0
"4027","Amsterdam_Zuid",80,80,80,80,80,80,0,0
"4028","Amsterdam_West",121,121,121,121,121,121,0,0
"4029","Amsterdam_Nieuw_west",70,70,70,85,74,60,-10,10
"4030","Amsterdam_Center",76,150,150,150,95,98,22,22
"4031","Amsterdam_Zuidoost",135,135,135,135,135,135,0,0
"4032","Amsterdam_Nieuw_west",395,395,395,395,395,395,0,0
"4033","Amsterdam_Noord",124,124,124,124,124,124,0,0
"4034","Amsterdam_Zuid",180,235,100,235,235,235,55,55
"4035","Amsterdam_Center",120,120,120,120,120,120,0,0
"4036","Amsterdam_Oost",100,100,100,100,100,100,0,0
"4037","Amsterdam_Center",80,80,80,80,106,95,15,15
"4038","Amsterdam_Center",120,150,150,150,95,150,30,30
"4039","Amsterdam_Nieuw_west",69,69,69,85,60,61,-8,8
"4040","Amsterdam_Center",247,247,247,247,247,247,0,0
"4041","Amsterdam_West",74,74,74,74,74,74,0,0
"4042","Amsterdam_Nieuw_west",190,190,190,190,190,190,0,0
"4043","Amsterdam_Zuid",110,110,110,110,110,110,0,0
"4044","Amsterdam_Zuid",90,90,90,90,90,90,0,0
"4045","Amsterdam_Center",119,119,119,119,119,119,0,0
"4046","Amsterdam_West",260,260,260,260,260,260,0,0
"4047","Amsterdam_West",140,140,140,140,140,140,0,0
"4048","Amsterdam_Center",160,160,160,160,160,160,0,0
"4049","Amsterdam_West",120,120,120,120,120,120,0,0
"4050","Amsterdam_Zuid",68,68,68,68,68,68,0,0
"4051","Amsterdam_Zuid",140,140,140,140,140,140,0,0
"4052","Amsterdam_West",231,231,231,231,231,231,0,0
"4053","Amsterdam_West",120,120,120,120,120,120,0,0
"4054","Amsterdam_Oost",100,100,100,100,100,100,0,0
"4055","Amsterdam_West",150,150,150,150,150,150,0,0
"4056","Amsterdam_Oost",130,130,130,130,130,130,0,0
"4057","Amsterdam_Zuid",65,65,65,65,65,65,0,0
"4058","Amsterdam_West",115,115,115,115,115,115,0,0
"4059","Amsterdam_West",130,130,130,130,130,130,0,0
"4060","Amsterdam_West",53,53,53,53,53,53,0,0
"4061","Amsterdam_Center",150,150,150,150,150,150,0,0
"4062","Amsterdam_West",150,150,150,150,150,150,0,0
"4063","Amsterdam_Nieuw_west",195,195,195,195,195,195,0,0
"4064","Amsterdam_Center",190,190,190,190,190,190,0,0
"4065","Amsterdam_Zuid",232,232,232,232,232,232,0,0
"4066","Amsterdam_West",100,100,100,100,100,100,0,0
"4067","Amsterdam_Center",58,91,58,58,49,103,45,45
"4068","Amsterdam_West",232,232,232,232,232,232,0,0
"4069","Amsterdam_West",295,295,295,295,295,295,0,0
"4070","Amsterdam_Center",220,220,220,220,220,220,0,0
"4071","Amsterdam_West",110,110,110,110,110,110,0,0
"4072","Amsterdam_Zuid",65,50,50,95,50,50,-15,15
"4073","Amsterdam_Zuid",120,120,120,120,120,120,0,0
"4074","Amsterdam_West",75,75,75,75,75,75,0,0
"4075","Amsterdam_Nieuw_west",30,30,30,30,30,31,1,1
"4076","Amsterdam_West",65,65,65,65,65,65,0,0
"4077","Amsterdam_West",70,70,70,70,70,70,0,0
"4078","Amsterdam_Zuid",125,125,125,125,125,125,0,0
"4079","Amsterdam_Oost",100,100,100,100,100,100,0,0
"4080","Amsterdam_West",200,200,200,200,200,200,0,0
"4081","Amsterdam_West",350,350,350,350,350,350,0,0
"4082","Amsterdam_Oost",119,119,119,119,119,119,0,0
"4083","Amsterdam_West",90,90,90,90,90,90,0,0
"4084","Amsterdam_Zuid",50,50,50,50,50,50,0,0
"4085","Amsterdam_Center",144,143,145,146,147,143,-1,1
"4086","Amsterdam_Zuid",271,271,271,271,271,271,0,0
"4087","Amsterdam_Oost",100,100,100,100,100,100,0,0
"4088","Amsterdam_Center",185,185,185,185,185,185,0,0
"4089","Amsterdam_Noord",181,181,181,181,181,181,0,0
"4090","Amsterdam_West",92,92,92,92,92,92,0,0
"4091","Amsterdam_West",149,149,149,149,149,149,0,0
"4092","Amsterdam_West",250,250,250,250,250,250,0,0
"4093","Amsterdam_Center",169,169,169,169,169,169,0,0
"4094","Amsterdam_Zuid",104,104,104,104,104,104,0,0
"4095","Amsterdam_West",79,79,79,79,79,79,0,0
"4096","Amsterdam_West",100,100,100,100,100,100,0,0
"4097","Amsterdam_West",90,90,90,90,90,90,0,0
"4098","Amsterdam_Oost",89,89,89,89,89,89,0,0
"4099","Amsterdam_Zuid",80,80,80,80,80,81,1,1
"4100","Amsterdam_Center",100,100,100,100,100,101,1,1
"4101","Amsterdam_West",190,190,190,190,190,190,0,0
"4102","Amsterdam_Zuid",310,310,310,310,310,310,0,0
"4103","Amsterdam_Zuid",150,150,150,150,150,150,0,0
"4104","Amsterdam_West",205,205,205,205,205,205,0,0
"4105","Amsterdam_Oost",140,140,140,140,140,140,0,0
"4106","Amsterdam_Center",209,209,209,209,209,209,0,0
"4107","Amsterdam_West",76,76,76,76,76,76,0,0
"4108","Amsterdam_Center",92,110,110,110,115,115,23,23
"4109","Amsterdam_Zuid",360,360,360,360,360,360,0,0
"4110","Amsterdam_Center",79,79,79,79,79,79,0,0
"4111","Amsterdam_Zuid",140,140,140,140,140,140,0,0
"4112","Amsterdam_West",200,200,150,150,150,150,-50,50
"4113","Amsterdam_Noord",65,65,65,65,65,65,0,0
"4114","Amsterdam_Zuid",129,129,129,129,129,129,0,0
"4115","Amsterdam_Zuidoost",80,80,80,80,80,80,0,0
"4116","Amsterdam_Zuid",110,110,110,110,110,110,0,0
"4117","Amsterdam_Zuid",250,250,250,250,250,250,0,0
"4118","Amsterdam_Zuid",133,133,133,133,133,133,0,0
"4119","Amsterdam_West",119,119,119,119,119,119,0,0
"4120","Amsterdam_West",91,91,91,91,91,91,0,0
"4121","Amsterdam_West",110,110,110,110,110,110,0,0
"4122","Amsterdam_Oost",500,500,500,500,500,500,0,0
"4123","Amsterdam_West",350,350,350,350,350,350,0,0
"4124","Amsterdam_Zuid",80,80,80,80,80,81,1,1
"4125","Amsterdam_Oost",80,80,80,80,80,80,0,0
"4126","Amsterdam_West",104,104,104,104,104,104,0,0
"4127","Amsterdam_Zuid",85,85,85,100,100,85,0,0
"4128","Amsterdam_Zuid",225,225,225,225,225,225,0,0
"4129","Amsterdam_West",70,70,70,70,70,70,0,0
"4130","Amsterdam_Center",145,145,145,145,145,145,0,0
"4131","Amsterdam_West",99,99,99,99,99,99,0,0
"4132","Amsterdam_Zuid",42,42,42,42,42,42,0,0
"4133","Amsterdam_West",60,60,60,60,60,60,0,0
"4134","Amsterdam_West",84,84,84,84,84,84,0,0
"4135","Amsterdam_Oost",105,105,105,105,105,105,0,0
"4136","Amsterdam_West",92,92,92,92,92,92,0,0
"4137","Amsterdam_Zuid",90,90,90,90,90,90,0,0
"4138","Amsterdam_Oost",204,204,204,204,204,204,0,0
"4139","Amsterdam_Zuid",85,85,85,100,100,85,0,0
"4140","Amsterdam_Zuid",85,85,85,100,100,85,0,0
"4141","Amsterdam_Zuid",85,85,85,100,100,85,0,0
"4142","Amsterdam_Oost",81,81,81,81,81,81,0,0
"4143","Amsterdam_Center",200,200,200,200,200,200,0,0
"4144","Amsterdam_West",100,100,100,100,100,100,0,0
"4145","Amsterdam_Center",150,150,150,150,150,150,0,0
"4146","Amsterdam_Zuid",116,116,116,116,116,116,0,0
"4147","Amsterdam_West",60,60,60,60,60,60,0,0
"4148","Amsterdam_Center",200,200,200,200,200,200,0,0
"4149","Amsterdam_Oost",120,120,120,120,120,120,0,0
"4150","Amsterdam_West",110,110,110,110,110,110,0,0
"4151","Amsterdam_Zuid",189,189,189,189,189,189,0,0
"4152","Amsterdam_Zuid",78,78,79,79,80,78,0,0
"4153","Amsterdam_West",106,106,106,106,106,106,0,0
"4154","Amsterdam_Zuid",75,75,75,75,75,75,0,0
"4155","Amsterdam_Zuid",200,200,200,200,200,200,0,0
"4156","Amsterdam_West",99,99,99,99,105,105,6,6
"4157","Amsterdam_West",61,61,61,61,61,61,0,0
"4158","Amsterdam_Zuid",90,90,90,90,90,90,0,0
"4159","Amsterdam_Oost",225,225,225,225,225,225,0,0
"4160","Amsterdam_West",115,115,115,115,115,115,0,0
"4161","Amsterdam_Zuid",100,100,100,100,100,100,0,0
"4162","Amsterdam_West",82,82,82,82,82,82,0,0
"4163","Amsterdam_West",99,99,99,99,99,99,0,0
"4164","Amsterdam_Center",176,130,175,175,311,175,-1,1
"4165","Amsterdam_West",200,200,200,200,200,200,0,0
"4166","Amsterdam_Oost",125,125,125,125,125,125,0,0
"4167","Amsterdam_Center",145,145,145,145,145,145,0,0
"4168","Amsterdam_Center",155,155,155,155,155,155,0,0
"4169","Amsterdam_Center",73,73,73,73,73,73,0,0
"4170","Amsterdam_Nieuw_west",52,52,52,52,52,52,0,0
"4171","Amsterdam_Oost",60,60,89,90,90,90,30,30
"4172","Amsterdam_Oost",175,175,175,175,175,175,0,0
"4173","Amsterdam_West",266,212,191,215,268,298,32,32
"4174","Amsterdam_Center",150,150,150,150,150,150,0,0
"4175","Amsterdam_Zuid",110,100,200,200,150,190,80,80
"4176","Amsterdam_Center",299,299,299,299,299,299,0,0
"4177","Amsterdam_Nieuw_west",49,49,49,49,49,49,0,0
"4178","Amsterdam_West",140,140,140,140,140,140,0,0
"4179","Amsterdam_Zuid",75,75,75,75,75,75,0,0
"4180","Amsterdam_Zuid",191,191,191,191,191,191,0,0
"4181","Amsterdam_Oost",200,200,200,200,200,200,0,0
"4182","Amsterdam_Oost",125,125,125,125,125,125,0,0
"4183","Amsterdam_Oost",195,109,109,195,195,195,0,0
"4184","Amsterdam_West",125,125,125,125,125,125,0,0
"4185","Amsterdam_West",70,70,70,70,70,70,0,0
"4186","Amsterdam_West",189,189,189,189,189,189,0,0
"4187","Amsterdam_Center",150,150,150,150,150,150,0,0
"4188","Amsterdam_Noord",100,100,100,100,100,100,0,0
"4189","Amsterdam_West",125,125,125,125,125,249,124,124
"4190","Amsterdam_Zuid",85,85,85,100,100,85,0,0
"4191","Amsterdam_Zuid",85,85,85,100,100,85,0,0
"4192","Amsterdam_Zuid",85,85,85,100,100,85,0,0
"4193","Amsterdam_West",90,90,90,90,90,90,0,0
"4194","Amsterdam_Center",145,145,145,145,145,145,0,0
"4195","Amsterdam_Oost",300,300,300,300,300,300,0,0
"4196","Amsterdam_Zuid",85,85,85,100,100,85,0,0
"4197","Amsterdam_Oost",110,110,110,110,110,110,0,0
"4198","Amsterdam_Zuid",85,85,85,100,100,85,0,0
"4199","Amsterdam_Zuid",60,60,60,60,60,60,0,0
"4200","Amsterdam_Oost",800,800,800,800,800,800,0,0
"4201","Amsterdam_Zuid",59,59,59,59,59,59,0,0
"4202","Amsterdam_Zuid",85,85,85,100,100,85,0,0
"4203","Amsterdam_Zuid",85,85,85,100,100,85,0,0
"4204","Amsterdam_Zuid",94,85,85,100,100,85,-9,9
"4205","Amsterdam_West",122,129,129,129,129,129,7,7
"4206","Amsterdam_Zuid",40,40,40,40,40,40,0,0
"4207","Amsterdam_West",125,125,125,125,125,125,0,0
"4208","Amsterdam_Center",128,128,128,128,128,114,-14,14
"4209","Amsterdam_West",82,82,82,82,82,82,0,0
"4210","Amsterdam_West",165,149,149,149,149,149,-16,16
"4211","Amsterdam_Oost",85,60,60,85,85,85,0,0
"4212","Amsterdam_West",79,79,79,79,79,79,0,0
"4213","Amsterdam_Oost",199,199,199,199,199,199,0,0
"4214","Amsterdam_West",70,70,70,70,70,70,0,0
"4215","Amsterdam_Oost",85,85,85,85,85,85,0,0
"4216","Amsterdam_West",119,119,119,119,119,119,0,0
"4217","Amsterdam_Center",120,120,120,120,120,120,0,0
"4218","Amsterdam_West",50,50,50,50,50,50,0,0
"4219","Amsterdam_Oost",264,200,240,240,240,240,-24,24
"4220","Amsterdam_Center",116,139,139,139,159,159,43,43
"4221","Amsterdam_Zuid",137,137,137,137,137,137,0,0
"4222","Amsterdam_Zuid",155,155,155,155,155,155,0,0
"4223","Amsterdam_Zuid",129,129,129,129,129,129,0,0
"4224","Amsterdam_Center",87,87,87,87,87,87,0,0
"4225","Amsterdam_Center",230,230,230,230,230,230,0,0
"4226","Amsterdam_West",140,140,140,140,140,140,0,0
"4227","Amsterdam_Center",104,90,96,104,111,111,7,7
"4228","Amsterdam_Oost",130,130,130,130,130,130,0,0
"4229","Amsterdam_Oost",70,70,70,70,70,70,0,0
"4230","Amsterdam_West",160,160,160,160,160,160,0,0
"4231","Amsterdam_Oost",269,269,269,269,269,269,0,0
"4232","Amsterdam_West",180,180,180,180,180,180,0,0
"4233","Amsterdam_Zuid",201,201,201,201,201,201,0,0
"4234","Amsterdam_Center",100,76,97,96,108,101,1,1
"4235","Amsterdam_Center",225,225,225,225,225,225,0,0
"4236","Amsterdam_Zuidoost",30,30,30,30,30,30,0,0
"4237","Amsterdam_Center",59,79,52,57,59,328,269,269
"4238","Amsterdam_Center",195,195,195,195,195,195,0,0
"4239","Amsterdam_West",139,139,139,139,139,139,0,0
"4240","Amsterdam_West",149,149,149,149,149,149,0,0
"4241","Amsterdam_Oost",80,80,80,80,80,80,0,0
"4242","Amsterdam_Center",150,110,110,110,110,110,-40,40
"4243","Amsterdam_Oost",180,180,180,180,180,180,0,0
"4244","Amsterdam_Zuid",110,110,110,110,110,110,0,0
"4245","Amsterdam_Oost",400,400,400,400,400,400,0,0
"4246","Amsterdam_Oost",110,110,110,110,110,110,0,0
"4247","Amsterdam_Oost",75,75,75,75,75,75,0,0
"4248","Amsterdam_Oost",100,100,100,100,100,100,0,0
"4249","Amsterdam_West",49,49,49,49,49,49,0,0
"4250","Amsterdam_Oost",105,105,105,105,105,105,0,0
"4251","Amsterdam_West",100,100,100,100,100,100,0,0
"4252","Amsterdam_Nieuw_west",70,70,70,70,70,70,0,0
"4253","Amsterdam_Zuid",100,100,100,100,100,100,0,0
"4254","Amsterdam_Zuid",220,220,220,220,220,220,0,0
"4255","Amsterdam_West",79,79,79,79,79,79,0,0
"4256","Amsterdam_West",180,180,180,180,180,180,0,0
"4257","Amsterdam_Center",250,236,250,414,500,400,150,150
"4258","Amsterdam_Zuid",91,91,91,91,91,91,0,0
"4259","Amsterdam_Oost",116,116,116,116,116,116,0,0
"4260","Amsterdam_West",140,140,140,140,140,140,0,0
"4261","Amsterdam_West",96,96,96,96,96,96,0,0
"4262","Amsterdam_Zuid",150,150,150,150,150,150,0,0
"4263","Amsterdam_Oost",190,190,190,190,190,190,0,0
"4264","Amsterdam_Oost",121,121,121,164,150,150,29,29
"4265","Amsterdam_Zuid",110,110,110,110,110,110,0,0
"4266","Amsterdam_Oost",150,150,150,150,150,150,0,0
"4267","Amsterdam_West",90,90,90,90,90,90,0,0
"4268","Amsterdam_Oost",280,280,280,280,280,280,0,0
"4269","Amsterdam_Noord",75,75,75,75,75,75,0,0
"4270","Amsterdam_West",143,143,143,143,143,143,0,0
"4271","Amsterdam_West",130,130,130,130,130,130,0,0
"4272","Amsterdam_Oost",250,250,250,250,250,250,0,0
"4273","Amsterdam_West",89,89,89,89,89,89,0,0
"4274","Amsterdam_West",62,63,84,62,56,58,-4,4
"4275","Amsterdam_Oost",200,200,200,200,200,200,0,0
"4276","Amsterdam_Oost",150,150,150,150,150,150,0,0
"4277","Amsterdam_Zuid",200,200,200,200,200,200,0,0
"4278","Amsterdam_Oost",399,400,400,400,400,400,1,1
"4279","Amsterdam_Noord",268,268,268,268,268,268,0,0
"4280","Amsterdam_Oost",150,150,150,150,150,144,-6,6
"4281","Amsterdam_West",207,207,207,207,207,207,0,0
"4282","Amsterdam_West",140,140,140,140,140,140,0,0
"4283","Amsterdam_Oost",101,101,101,101,101,101,0,0
"4284","Amsterdam_West",180,180,180,180,180,180,0,0
"4285","Amsterdam_West",93,93,93,93,93,93,0,0
"4286","Amsterdam_Zuid",100,100,100,100,100,100,0,0
"4287","Amsterdam_West",95,95,95,95,95,95,0,0
"4288","Amsterdam_Zuid",40,40,101,60,60,47,7,7
"4289","Amsterdam_Center",86,86,86,86,86,86,0,0
"4290","Amsterdam_Center",98,98,98,98,98,98,0,0
"4291","Amsterdam_West",99,99,99,99,99,99,0,0
"4292","Amsterdam_Noord",95,95,95,95,95,95,0,0
"4293","Amsterdam_Nieuw_west",142,142,142,142,142,142,0,0
"4294","Amsterdam_Center",270,270,270,270,270,270,0,0
"4295","Amsterdam_Oost",250,250,250,250,250,250,0,0
"4296","Amsterdam_West",99,99,99,99,119,119,20,20
"4297","Amsterdam_Oost",1750,1750,1750,1750,1750,1750,0,0
"4298","Amsterdam_Noord",200,200,200,200,200,200,0,0
"4299","Amsterdam_Center",73,85,85,85,85,65,-8,8
"4300","Amsterdam_Oost",99,99,99,99,99,99,0,0
"4301","Amsterdam_Zuid",250,250,250,250,250,250,0,0
"4302","Amsterdam_Oost",100,100,100,100,100,100,0,0
"4303","Amsterdam_Center",110,117,120,120,120,128,18,18
"4304","Amsterdam_Center",183,183,183,183,183,183,0,0
"4305","Amsterdam_Oost",80,80,80,80,80,80,0,0
"4306","Amsterdam_West",231,231,231,231,231,231,0,0
"4307","Amsterdam_Zuid",108,108,108,108,108,108,0,0
"4308","Amsterdam_Center",76,89,89,89,89,65,-11,11
"4309","Amsterdam_Center",150,150,150,150,150,150,0,0
"4310","Amsterdam_Oost",117,117,117,117,117,117,0,0
"4311","Amsterdam_West",90,90,90,90,90,90,0,0
"4312","Amsterdam_West",100,100,100,100,100,100,0,0
"4313","Amsterdam_Center",101,101,101,101,101,101,0,0
"4314","Amsterdam_Oost",400,400,400,350,350,350,-50,50
"4315","Amsterdam_West",75,75,75,75,75,75,0,0
"4316","Amsterdam_Nieuw_west",63,55,50,50,55,55,-8,8
"4317","Amsterdam_West",140,140,140,140,140,140,0,0
"4318","Amsterdam_Center",100,100,100,100,100,100,0,0
"4319","Amsterdam_Oost",299,299,299,299,299,299,0,0
"4320","Amsterdam_Zuid",200,200,200,200,200,200,0,0
"4321","Amsterdam_Zuid",125,125,125,125,125,125,0,0
"4322","Amsterdam_Nieuw_west",196,196,196,196,196,196,0,0
"4323","Amsterdam_Center",80,80,80,80,80,80,0,0
"4324","Amsterdam_Center",168,168,168,168,168,162,-6,6
"4325","Amsterdam_West",125,125,125,125,125,125,0,0
"4326","Amsterdam_Noord",100,100,100,100,100,100,0,0
"4327","Amsterdam_Zuid",90,90,90,90,90,90,0,0
"4328","Amsterdam_Zuid",65,65,65,65,65,65,0,0
"4329","Amsterdam_West",110,110,110,110,110,110,0,0
"4330","Amsterdam_Center",193,138,180,180,138,140,-53,53
"4331","Amsterdam_Oost",80,80,80,80,80,80,0,0
"4332","Amsterdam_Zuid",59,59,59,59,59,59,0,0
"4333","Amsterdam_West",90,100,100,100,100,100,10,10
"4334","Amsterdam_Nieuw_west",120,120,120,120,120,120,0,0
"4335","Amsterdam_West",110,110,110,110,110,110,0,0
"4336","Amsterdam_Zuid",125,125,125,125,125,125,0,0
"4337","Amsterdam_Center",75,77,103,75,68,73,-2,2
"4338","Amsterdam_West",115,115,115,115,115,115,0,0
"4339","Amsterdam_Zuid",153,153,153,153,153,153,0,0
"4340","Amsterdam_Zuid",151,151,151,151,151,151,0,0
"4341","Amsterdam_Zuidoost",100,100,100,100,100,100,0,0
"4342","Amsterdam_West",98,98,98,98,98,98,0,0
"4343","Amsterdam_Zuid",220,220,220,220,220,220,0,0
"4344","Amsterdam_Zuid",236,236,236,236,236,236,0,0
"4345","Amsterdam_Oost",220,220,220,220,220,220,0,0
"4346","Amsterdam_Nieuw_west",75,75,75,75,69,69,-6,6
"4347","Amsterdam_West",245,245,245,245,245,245,0,0
"4348","Amsterdam_Zuid",410,410,410,410,410,410,0,0
"4349","Amsterdam_West",130,130,130,130,130,130,0,0
"4350","Amsterdam_Noord",89,89,89,89,89,89,0,0
"4351","Amsterdam_Zuid",80,80,80,80,80,80,0,0
"4352","Amsterdam_West",75,75,75,75,75,75,0,0
"4353","Amsterdam_West",116,122,122,145,157,157,41,41
"4354","Amsterdam_Center",217,217,217,217,217,217,0,0
"4355","Amsterdam_Oost",90,90,90,90,90,90,0,0
"4356","Amsterdam_West",98,98,98,98,98,98,0,0
"4357","Amsterdam_Oost",110,110,110,110,110,110,0,0
"4358","Amsterdam_West",80,80,80,80,80,80,0,0
"4359","Amsterdam_Center",95,95,95,95,95,95,0,0
"4360","Amsterdam_Noord",174,174,174,174,174,174,0,0
"4361","Amsterdam_West",92,92,92,92,92,92,0,0
"4362","Amsterdam_Noord",190,190,190,190,190,190,0,0
"4363","Amsterdam_West",91,91,91,91,91,91,0,0
"4364","Amsterdam_West",110,110,110,110,110,110,0,0
"4365","Amsterdam_West",135,135,135,135,135,135,0,0
"4366","Amsterdam_Oost",150,150,150,150,150,150,0,0
"4367","Amsterdam_West",320,202,199,227,161,175,-145,145
"4368","Amsterdam_Oost",41,41,41,41,41,41,0,0
"4369","Amsterdam_Oost",99,99,99,99,99,99,0,0
"4370","Amsterdam_West",120,120,120,120,120,120,0,0
"4371","Amsterdam_West",101,101,101,101,101,101,0,0
"4372","Amsterdam_West",200,200,200,200,200,200,0,0
"4373","Amsterdam_Zuid",100,100,100,100,100,100,0,0
"4374","Amsterdam_West",40,40,40,40,40,40,0,0
"4375","Amsterdam_Oost",120,120,120,120,120,120,0,0
"4376","Amsterdam_West",220,220,220,220,220,220,0,0
"4377","Amsterdam_Zuid",79,79,79,79,79,79,0,0
"4378","Amsterdam_Center",140,140,140,140,140,140,0,0
"4379","Amsterdam_Oost",154,154,154,154,154,168,14,14
"4380","Amsterdam_West",100,100,100,100,100,100,0,0
"4381","Amsterdam_Oost",117,117,117,117,117,117,0,0
"4382","Amsterdam_Oost",80,80,80,80,80,80,0,0
"4383","Amsterdam_Noord",178,178,178,178,178,178,0,0
"4384","Amsterdam_Zuid",200,170,170,170,170,170,-30,30
"4385","Amsterdam_West",145,145,145,145,145,145,0,0
"4386","Amsterdam_Zuid",125,125,125,125,125,125,0,0
"4387","Amsterdam_Center",100,100,100,100,100,100,0,0
"4388","Amsterdam_Noord",150,150,150,150,150,150,0,0
"4389","Amsterdam_Oost",150,150,150,150,150,150,0,0
"4390","Amsterdam_Oost",90,90,90,90,90,90,0,0
"4391","Amsterdam_Oost",120,120,120,120,120,120,0,0
"4392","Amsterdam_Oost",150,150,150,150,150,150,0,0
"4393","Amsterdam_West",90,90,90,90,90,90,0,0
"4394","Amsterdam_West",60,60,60,60,60,60,0,0
"4395","Amsterdam_West",85,85,85,85,85,85,0,0
"4396","Amsterdam_Zuid",350,350,350,350,350,350,0,0
"4397","Amsterdam_Zuidoost",50,50,50,50,50,50,0,0
"4398","Amsterdam_Oost",109,109,109,109,109,109,0,0
"4399","Amsterdam_Center",60,60,60,60,60,60,0,0
"4400","Amsterdam_Nieuw_west",73,73,73,73,73,73,0,0
"4401","Amsterdam_Zuid",145,145,145,145,145,145,0,0
"4402","Amsterdam_Oost",300,300,300,300,300,300,0,0
"4403","Amsterdam_Center",195,195,195,195,195,195,0,0
"4404","Amsterdam_Zuid",280,280,280,280,280,280,0,0
"4405","Amsterdam_Zuid",90,90,90,90,90,90,0,0
"4406","Amsterdam_Center",74,76,101,74,92,98,24,24
"4407","Amsterdam_Center",190,190,190,190,190,190,0,0
"4408","Amsterdam_Center",119,119,119,119,119,119,0,0
"4409","Amsterdam_West",340,340,340,340,340,340,0,0
"4410","Amsterdam_Zuid",179,179,179,179,179,179,0,0
"4411","Amsterdam_Center",175,175,175,175,175,175,0,0
"4412","Amsterdam_Center",150,150,150,150,150,150,0,0
"4413","Amsterdam_Zuid",80,80,80,80,80,80,0,0
"4414","Amsterdam_West",120,120,120,120,120,120,0,0
"4415","Amsterdam_Noord",142,142,142,142,142,142,0,0
"4416","Amsterdam_Zuid",149,149,149,149,149,149,0,0
"4417","Amsterdam_West",152,121,121,134,178,180,28,28
"4418","Amsterdam_Zuid",259,259,259,259,259,259,0,0
"4419","Amsterdam_Oost",80,80,80,80,80,80,0,0
"4420","Amsterdam_West",85,85,85,85,85,85,0,0
"4421","Amsterdam_Zuid",220,220,220,220,220,220,0,0
"4422","Amsterdam_Oost",125,125,125,125,125,125,0,0
"4423","Amsterdam_Center",135,135,135,135,135,135,0,0
"4424","Amsterdam_Nieuw_west",100,100,100,100,100,100,0,0
"4425","Amsterdam_West",120,120,120,120,120,120,0,0
"4426","Amsterdam_Zuid",150,150,150,150,150,150,0,0
"4427","Amsterdam_West",70,70,70,70,70,70,0,0
"4428","Amsterdam_West",129,129,129,129,129,129,0,0
"4429","Amsterdam_Oost",221,221,221,221,221,221,0,0
"4430","Amsterdam_Center",160,160,160,160,160,160,0,0
"4431","Amsterdam_Center",150,150,150,150,150,150,0,0
"4432","Amsterdam_Oost",100,100,100,100,100,100,0,0
"4433","Amsterdam_Noord",100,100,100,100,100,100,0,0
"4434","Amsterdam_Noord",90,90,90,90,90,90,0,0
"4435","Amsterdam_Zuid",164,164,164,164,164,164,0,0
"4436","Amsterdam_Center",87,87,87,87,87,87,0,0
"4437","Amsterdam_Zuid",149,149,149,149,149,149,0,0
"4438","Amsterdam_Center",102,102,102,102,102,102,0,0
"4439","Amsterdam_Oost",55,55,55,55,55,55,0,0
"4440","Amsterdam_Nieuw_west",150,150,150,150,150,150,0,0
"4441","Amsterdam_Zuid",2500,2500,2500,2500,2500,2500,0,0
"4442","Amsterdam_Zuid",140,140,140,140,140,140,0,0
"4443","Amsterdam_Oost",29,29,29,29,29,29,0,0
"4444","Amsterdam_Noord",250,250,250,250,250,250,0,0
"4445","Amsterdam_Center",299,299,299,299,299,299,0,0
"4446","Amsterdam_Nieuw_west",158,125,125,131,90,90,-68,68
"4447","Amsterdam_West",395,395,395,395,395,395,0,0
"4448","Amsterdam_Zuid",89,89,89,89,89,89,0,0
"4449","Amsterdam_Zuidoost",45,45,45,45,45,45,0,0
"4450","Amsterdam_West",149,149,149,149,149,149,0,0
"4451","Amsterdam_West",215,215,215,215,215,215,0,0
"4452","Amsterdam_Zuid",100,100,100,100,100,100,0,0
"4453","Amsterdam_Oost",178,178,178,178,178,178,0,0
"4454","Amsterdam_Zuid",120,120,120,120,120,120,0,0
"4455","Amsterdam_West",83,83,83,83,83,83,0,0
"4456","Amsterdam_West",97,97,97,97,97,97,0,0
"4457","Amsterdam_Zuid",140,140,140,140,140,140,0,0
"4458","Amsterdam_West",30,30,30,30,30,30,0,0
"4459","Amsterdam_Center",435,355,435,435,435,435,0,0
"4460","Amsterdam_Nieuw_west",33,33,33,33,33,33,0,0
"4461","Amsterdam_Oost",225,225,225,225,225,225,0,0
"4462","Amsterdam_West",139,139,139,139,139,139,0,0
"4463","Amsterdam_Zuid",240,240,240,240,240,240,0,0
"4464","Amsterdam_Zuid",145,145,145,145,145,145,0,0
"4465","Amsterdam_West",74,74,74,74,74,74,0,0
"4466","Amsterdam_West",99,99,99,99,99,99,0,0
"4467","Amsterdam_Oost",110,110,110,110,110,110,0,0
"4468","Amsterdam_Oost",142,135,135,135,135,135,-7,7
"4469","Amsterdam_West",110,110,110,110,110,110,0,0
"4470","Amsterdam_Nieuw_west",130,130,130,130,130,130,0,0
"4471","Amsterdam_Oost",115,115,115,115,115,115,0,0
"4472","Amsterdam_West",150,150,150,150,150,150,0,0
"4473","Amsterdam_Zuid",160,160,160,160,160,160,0,0
"4474","Amsterdam_Zuid",140,140,140,140,140,140,0,0
"4475","Amsterdam_Zuid",125,125,125,125,125,125,0,0
"4476","Amsterdam_West",19,19,19,19,19,19,0,0
"4477","Amsterdam_Center",120,120,120,120,120,120,0,0
"4478","Amsterdam_Center",89,89,89,89,89,89,0,0
"4479","Amsterdam_Center",90,90,90,90,90,90,0,0
"4480","Amsterdam_Center",141,141,141,141,141,141,0,0
"4481","Amsterdam_West",419,343,330,316,249,249,-170,170
"4482","Amsterdam_West",110,110,110,110,110,110,0,0
"4483","Amsterdam_Noord",110,110,110,110,110,110,0,0
"4484","Amsterdam_Center",45,30,35,35,37,48,3,3
"4485","Amsterdam_Center",39,25,27,30,31,50,11,11
"4486","Amsterdam_Zuid",88,88,88,88,88,88,0,0
"4487","Amsterdam_Nieuw_west",100,100,100,100,100,100,0,0
"4488","Amsterdam_West",81,120,90,120,120,120,39,39
"4489","Amsterdam_Oost",120,120,120,120,120,120,0,0
"4490","Amsterdam_Oost",120,120,120,120,120,120,0,0
"4491","Amsterdam_Center",50,61,66,63,124,110,60,60
"4492","Amsterdam_West",225,225,225,225,225,225,0,0
"4493","Amsterdam_West",99,99,99,99,99,99,0,0
"4494","Amsterdam_West",120,120,120,120,120,120,0,0
"4495","Amsterdam_Center",118,118,118,118,118,118,0,0
"4496","Amsterdam_West",158,158,158,158,158,158,0,0
"4497","Amsterdam_Zuid",95,95,95,95,95,95,0,0
"4498","Amsterdam_Center",700,700,700,700,700,700,0,0
"4499","Amsterdam_West",116,122,122,145,157,157,41,41
"4500","Amsterdam_Center",110,110,110,110,110,110,0,0
"4501","Amsterdam_Noord",130,130,130,130,130,130,0,0
"4502","Amsterdam_West",90,90,90,90,90,90,0,0
"4503","Amsterdam_West",60,60,60,60,60,60,0,0
"4504","Amsterdam_West",49,49,49,65,65,65,16,16
"4505","Amsterdam_West",150,150,150,150,150,150,0,0
"4506","Amsterdam_Nieuw_west",255,255,255,255,255,255,0,0
"4507","Amsterdam_West",130,220,220,220,270,270,140,140
"4508","Amsterdam_Zuid",250,250,250,250,250,250,0,0
"4509","Amsterdam_Noord",49,49,49,49,49,49,0,0
"4510","Amsterdam_Center",128,128,128,128,128,128,0,0
"4511","Amsterdam_Nieuw_west",85,85,85,85,85,85,0,0
"4512","Amsterdam_Zuid",280,280,280,280,280,280,0,0
"4513","Amsterdam_Nieuw_west",95,95,95,95,95,95,0,0
"4514","Amsterdam_Center",50,61,78,78,70,80,30,30
"4515","Amsterdam_Center",150,150,150,150,150,150,0,0
"4516","Amsterdam_West",120,120,120,120,120,120,0,0
"4517","Amsterdam_Center",320,320,320,320,320,320,0,0
"4518","Amsterdam_West",125,125,125,125,125,125,0,0
"4519","Amsterdam_Noord",120,120,120,120,120,120,0,0
"4520","Amsterdam_West",75,75,75,75,75,75,0,0
"4521","Amsterdam_West",89,89,89,89,89,89,0,0
"4522","Amsterdam_West",135,135,135,135,135,187,52,52
"4523","Amsterdam_West",90,90,90,90,90,90,0,0
"4524","Amsterdam_West",115,115,115,115,115,115,0,0
"4525","Amsterdam_Center",98,105,105,105,110,98,0,0
"4526","Amsterdam_West",89,89,89,89,89,89,0,0
"4527","Amsterdam_West",130,130,130,130,130,130,0,0
"4528","Amsterdam_West",218,218,218,218,218,218,0,0
"4529","Amsterdam_Zuid",200,200,200,200,200,200,0,0
"4530","Amsterdam_Center",328,328,328,328,328,328,0,0
"4531","Amsterdam_West",80,80,80,80,80,81,1,1
"4532","Amsterdam_Center",120,120,120,120,120,120,0,0
"4533","Amsterdam_West",100,100,100,100,100,100,0,0
"4534","Amsterdam_Zuid",58,58,58,58,58,58,0,0
"4535","Amsterdam_Zuid",250,250,250,250,250,250,0,0
"4536","Amsterdam_Zuid",200,200,200,200,200,200,0,0
"4537","Amsterdam_Oost",107,107,107,107,107,107,0,0
"4538","Amsterdam_Oost",114,114,114,114,114,114,0,0
"4539","Amsterdam_Oost",107,107,107,107,107,107,0,0
"4540","Amsterdam_Zuid",303,325,325,325,325,325,22,22
"4541","Amsterdam_West",40,40,40,40,40,40,0,0
"4542","Amsterdam_Center",140,140,140,140,140,140,0,0
"4543","Amsterdam_Center",109,109,109,109,109,109,0,0
"4544","Amsterdam_Nieuw_west",110,110,110,110,110,110,0,0
"4545","Amsterdam_Center",165,165,165,165,165,165,0,0
"4546","Amsterdam_Center",80,80,80,80,80,80,0,0
"4547","Amsterdam_Oost",99,99,99,99,99,99,0,0
"4548","Amsterdam_Zuid",179,179,179,179,179,179,0,0
"4549","Amsterdam_Zuid",75,75,75,75,75,75,0,0
"4550","Amsterdam_West",103,103,103,103,103,103,0,0
"4551","Amsterdam_Center",145,145,145,145,145,145,0,0
"4552","Amsterdam_Oost",125,125,125,125,125,125,0,0
"4553","Amsterdam_Zuid",50,50,50,50,50,50,0,0
"4554","Amsterdam_Oost",89,89,89,89,89,89,0,0
"4555","Amsterdam_West",100,100,100,100,100,100,0,0
"4556","Amsterdam_West",95,95,95,95,95,95,0,0
"4557","Amsterdam_Zuid",75,75,75,75,75,75,0,0
"4558","Amsterdam_West",46,46,46,46,46,46,0,0
"4559","Amsterdam_Oost",195,195,195,195,195,195,0,0
"4560","Amsterdam_Zuidoost",50,50,50,50,50,50,0,0
"4561","Amsterdam_Center",109,109,109,109,109,109,0,0
"4562","Amsterdam_Center",108,108,108,108,108,108,0,0
"4563","Amsterdam_West",79,79,79,79,79,79,0,0
"4564","Amsterdam_Oost",33,33,33,33,33,33,0,0
"4565","Amsterdam_Oost",100,100,100,100,100,100,0,0
"4566","Amsterdam_West",107,107,107,107,107,107,0,0
"4567","Amsterdam_Zuid",149,149,149,149,149,149,0,0
"4568","Amsterdam_Center",100,100,100,100,100,100,0,0
"4569","Amsterdam_West",117,117,117,117,117,117,0,0
"4570","Amsterdam_West",150,150,150,150,150,150,0,0
"4571","Amsterdam_Noord",90,90,90,90,90,90,0,0
"4572","Amsterdam_Center",116,116,116,116,116,116,0,0
"4573","Amsterdam_Center",171,171,171,171,171,171,0,0
"4574","Amsterdam_West",109,109,109,109,109,109,0,0
"4575","Amsterdam_Center",72,72,72,72,72,72,0,0
"4576","Amsterdam_West",55,55,55,55,55,55,0,0
"4577","Amsterdam_Zuid",118,118,118,118,118,118,0,0
"4578","Amsterdam_Oost",40,40,40,40,40,40,0,0
"4579","Amsterdam_West",120,120,120,120,120,120,0,0
"4580","Amsterdam_Center",299,299,299,299,299,299,0,0
"4581","Amsterdam_West",95,95,95,95,95,95,0,0
"4582","Amsterdam_Zuid",249,249,249,249,249,249,0,0
"4583","Amsterdam_West",139,139,139,139,139,139,0,0
"4584","Amsterdam_Oost",171,171,171,171,171,171,0,0
"4585","Amsterdam_Center",70,70,70,70,70,70,0,0
"4586","Amsterdam_Zuid",72,72,72,72,72,72,0,0
"4587","Amsterdam_Center",77,77,77,77,77,77,0,0
"4588","Amsterdam_Center",239,233,233,233,130,130,-109,109
"4589","Amsterdam_Oost",179,179,179,179,179,179,0,0
"4590","Amsterdam_Noord",42,41,41,43,46,46,4,4
"4591","Amsterdam_Oost",144,144,144,144,144,144,0,0
"4592","Amsterdam_Oost",60,60,60,60,60,60,0,0
"4593","Amsterdam_West",147,147,147,147,147,147,0,0
"4594","Amsterdam_West",109,109,109,109,109,109,0,0
"4595","Amsterdam_Oost",90,90,90,90,90,90,0,0
"4596","Amsterdam_West",115,115,115,115,115,115,0,0
"4597","Amsterdam_Zuid",160,160,160,160,160,160,0,0
"4598","Amsterdam_Center",100,100,100,100,100,100,0,0
"4599","Amsterdam_Noord",148,148,148,148,148,148,0,0
"4600","Amsterdam_Oost",130,130,130,130,130,130,0,0
"4601","Amsterdam_West",145,145,145,145,145,145,0,0
"4602","Amsterdam_Center",200,200,200,200,200,200,0,0
"4603","Amsterdam_Noord",99,99,99,99,99,99,0,0
"4604","Amsterdam_Center",999,999,999,999,999,999,0,0
"4605","Amsterdam_Center",300,300,300,300,300,300,0,0
"4606","Amsterdam_Nieuw_west",131,131,131,131,131,131,0,0
"4607","Amsterdam_Nieuw_west",90,90,90,90,90,90,0,0
"4608","Amsterdam_Noord",202,201,203,204,206,201,-1,1
"4609","Amsterdam_Oost",120,120,120,120,120,120,0,0
"4610","Amsterdam_Oost",120,120,120,120,120,120,0,0
"4611","Amsterdam_Nieuw_west",115,115,115,115,115,115,0,0
"4612","Amsterdam_Zuid",165,165,165,165,165,165,0,0
"4613","Amsterdam_West",89,89,89,89,89,89,0,0
"4614","Amsterdam_Noord",76,76,76,76,76,76,0,0
"4615","Amsterdam_Nieuw_west",80,80,80,80,80,80,0,0
"4616","Amsterdam_Zuid",51,51,51,51,51,51,0,0
"4617","Amsterdam_Zuid",119,119,119,119,119,119,0,0
"4618","Amsterdam_Nieuw_west",120,119,120,121,122,119,-1,1
"4619","Amsterdam_Nieuw_west",139,139,139,139,139,139,0,0
"4620","Amsterdam_Zuid",149,149,149,149,149,149,0,0
"4621","Amsterdam_Oost",38,38,38,38,38,38,0,0
"4622","Amsterdam_West",95,95,95,95,95,95,0,0
"4623","Amsterdam_Noord",150,150,150,150,150,150,0,0
"4624","Amsterdam_Center",230,230,230,230,230,230,0,0
"4625","Amsterdam_West",149,149,149,149,149,149,0,0
"4626","Amsterdam_Center",126,126,126,126,126,126,0,0
"4627","Amsterdam_Center",99,99,99,99,99,99,0,0
"4628","Amsterdam_Center",131,131,131,131,131,131,0,0
"4629","Amsterdam_West",100,100,100,100,100,100,0,0
"4630","Amsterdam_Center",200,200,200,200,200,200,0,0
"4631","Amsterdam_Oost",246,225,225,225,225,225,-21,21
"4632","Amsterdam_West",120,120,120,120,120,120,0,0
"4633","Amsterdam_Oost",229,140,140,140,140,140,-89,89
"4634","Amsterdam_Nieuw_west",110,110,110,110,110,110,0,0
"4635","Amsterdam_West",165,165,165,165,165,165,0,0
"4636","Amsterdam_Zuid",90,90,90,90,90,90,0,0
"4637","Amsterdam_Nieuw_west",65,65,65,65,65,65,0,0
"4638","Amsterdam_Center",129,129,129,129,129,129,0,0
"4639","Amsterdam_Center",129,129,129,129,129,129,0,0
"4640","Amsterdam_West",220,170,170,192,330,355,135,135
"4641","Amsterdam_Zuid",120,122,112,115,122,122,2,2
"4642","Amsterdam_Oost",80,80,80,80,80,80,0,0
"4643","Amsterdam_Center",175,175,175,175,175,175,0,0
"4644","Amsterdam_Oost",100,100,100,100,100,100,0,0
"4645","Amsterdam_West",125,125,125,125,125,125,0,0
"4646","Amsterdam_West",149,149,149,149,149,149,0,0
"4647","Amsterdam_Zuid",153,153,153,153,153,153,0,0
"4648","Amsterdam_West",150,150,150,150,150,150,0,0
"4649","Amsterdam_Nieuw_west",75,75,75,75,75,75,0,0
"4650","Amsterdam_Nieuw_west",115,115,115,115,115,115,0,0
"4651","Amsterdam_West",200,135,135,135,135,150,-50,50
"4652","Amsterdam_Center",129,129,129,129,129,129,0,0
"4653","Amsterdam_Zuid",217,217,217,217,217,217,0,0
"4654","Amsterdam_Center",295,295,295,295,295,295,0,0
"4655","Amsterdam_West",79,79,79,79,79,79,0,0
"4656","Amsterdam_Oost",145,145,145,145,145,145,0,0
"4657","Amsterdam_West",94,94,94,94,94,94,0,0
"4658","Amsterdam_Oost",100,100,100,100,100,100,0,0
"4659","Amsterdam_Oost",165,165,165,165,165,165,0,0
"4660","Amsterdam_West",95,95,95,95,95,95,0,0
"4661","Amsterdam_Center",100,100,100,100,100,100,0,0
"4662","Amsterdam_Oost",106,89,109,109,109,109,3,3
"4663","Amsterdam_Nieuw_west",29,27,28,27,28,36,7,7
"4664","Amsterdam_West",90,90,90,90,90,90,0,0
"4665","Amsterdam_Oost",100,100,100,100,100,100,0,0
"4666","Amsterdam_West",89,89,89,89,89,89,0,0
"4667","Amsterdam_Zuid",175,175,175,175,175,175,0,0
"4668","Amsterdam_Noord",249,249,249,249,249,249,0,0
"4669","Amsterdam_Oost",180,180,180,180,180,180,0,0
"4670","Amsterdam_Zuid",115,115,115,115,115,115,0,0
"4671","Amsterdam_Center",128,128,128,128,128,128,0,0
"4672","Amsterdam_Zuid",97,97,97,97,97,97,0,0
"4673","Amsterdam_West",131,131,131,131,131,131,0,0
"4674","Amsterdam_Zuid",150,150,200,200,200,200,50,50
"4675","Amsterdam_West",85,85,85,85,85,85,0,0
"4676","Amsterdam_West",350,350,350,350,350,350,0,0
"4677","Amsterdam_Noord",375,375,375,375,375,375,0,0
"4678","Amsterdam_West",120,120,120,120,120,120,0,0
"4679","Amsterdam_Noord",40,40,40,40,40,40,0,0
"4680","Amsterdam_Zuid",325,325,325,325,325,325,0,0
"4681","Amsterdam_Zuid",99,99,99,99,99,99,0,0
"4682","Amsterdam_Oost",45,45,45,45,45,45,0,0
"4683","Amsterdam_Zuid",350,350,350,350,350,350,0,0
"4684","Amsterdam_Zuid",130,130,130,130,130,130,0,0
"4685","Amsterdam_Oost",120,120,120,120,120,120,0,0
"4686","Amsterdam_West",133,133,133,133,133,133,0,0
"4687","Amsterdam_Oost",90,90,90,90,90,90,0,0
"4688","Amsterdam_Zuid",140,140,140,140,140,140,0,0
"4689","Amsterdam_West",160,160,160,160,160,160,0,0
"4690","Amsterdam_Zuid",152,139,145,147,162,162,10,10
"4691","Amsterdam_Zuid",250,250,250,250,250,250,0,0
"4692","Amsterdam_West",300,300,300,300,300,300,0,0
"4693","Amsterdam_Center",98,98,98,98,98,98,0,0
"4694","Amsterdam_Oost",143,143,143,143,143,143,0,0
"4695","Amsterdam_Center",85,85,85,85,85,85,0,0
"4696","Amsterdam_Zuid",170,170,170,170,170,170,0,0
"4697","Amsterdam_Center",49,49,49,49,58,49,0,0
"4698","Amsterdam_West",153,153,153,153,153,153,0,0
"4699","Amsterdam_Center",150,150,150,150,150,150,0,0
"4700","Amsterdam_West",150,150,150,150,150,150,0,0
"4701","Amsterdam_Center",420,420,420,420,420,420,0,0
"4702","Amsterdam_Center",240,240,240,240,240,240,0,0
"4703","Amsterdam_Zuid",200,200,200,200,200,200,0,0
"4704","Amsterdam_West",41,41,41,41,41,41,0,0
"4705","Amsterdam_Oost",99,99,99,99,99,99,0,0
"4706","Amsterdam_West",80,80,80,80,80,80,0,0
"4707","Amsterdam_Zuid",99,99,99,99,99,99,0,0
"4708","Amsterdam_Center",130,130,130,130,130,130,0,0
"4709","Amsterdam_West",125,125,125,125,125,125,0,0
"4710","Amsterdam_West",85,85,85,85,85,85,0,0
"4711","Amsterdam_West",35,35,35,35,35,35,0,0
"4712","Amsterdam_Zuid",129,129,129,129,129,129,0,0
"4713","Amsterdam_West",85,85,85,85,85,85,0,0
"4714","Amsterdam_Noord",170,170,170,170,170,170,0,0
"4715","Amsterdam_West",179,179,179,179,179,179,0,0
"4716","Amsterdam_Center",105,105,105,105,105,105,0,0
"4717","Amsterdam_West",99,99,99,99,99,99,0,0
"4718","Amsterdam_Center",175,175,175,175,175,175,0,0
"4719","Amsterdam_Oost",84,84,84,84,84,84,0,0
"4720","Amsterdam_Oost",89,89,89,89,89,89,0,0
"4721","Amsterdam_Oost",116,116,116,116,116,116,0,0
"4722","Amsterdam_Zuid",130,130,130,130,130,130,0,0
"4723","Amsterdam_West",95,95,95,95,95,95,0,0
"4724","Amsterdam_Oost",999,999,999,999,999,999,0,0
"4725","Amsterdam_Zuid",121,121,121,121,121,121,0,0
"4726","Amsterdam_Zuid",115,115,115,115,115,115,0,0
"4727","Amsterdam_West",240,240,240,240,240,240,0,0
"4728","Amsterdam_Center",79,79,79,79,79,79,0,0
"4729","Amsterdam_Center",118,118,118,118,118,118,0,0
"4730","Amsterdam_Center",88,88,88,88,88,88,0,0
"4731","Amsterdam_Zuid",120,120,120,120,120,120,0,0
"4732","Amsterdam_Zuid",115,115,115,115,115,115,0,0
"4733","Amsterdam_Noord",250,250,250,250,250,250,0,0
"4734","Amsterdam_Oost",150,150,150,150,150,150,0,0
"4735","Amsterdam_Center",161,161,161,161,161,161,0,0
"4736","Amsterdam_West",95,85,82,85,82,75,-20,20
"4737","Amsterdam_Zuid",70,70,70,70,70,70,0,0
"4738","Amsterdam_Center",211,250,250,250,250,250,39,39
"4739","Amsterdam_West",95,95,95,95,95,95,0,0
"4740","Amsterdam_Center",192,250,250,250,250,250,58,58
"4741","Amsterdam_Center",120,120,120,120,120,120,0,0
"4742","Amsterdam_West",100,100,100,100,100,100,0,0
"4743","Amsterdam_Zuid",315,315,315,315,315,315,0,0
"4744","Amsterdam_West",100,100,100,100,100,100,0,0
"4745","Amsterdam_Noord",95,95,95,95,95,98,3,3
"4746","Amsterdam_Oost",100,100,100,100,100,100,0,0
"4747","Amsterdam_Zuid",135,135,135,135,135,135,0,0
"4748","Amsterdam_Center",70,70,70,70,70,70,0,0
"4749","Amsterdam_Noord",116,116,116,116,116,116,0,0
"4750","Amsterdam_Center",214,214,214,214,214,214,0,0
"4751","Amsterdam_Zuid",150,150,150,150,150,150,0,0
"4752","Amsterdam_West",85,85,85,85,85,85,0,0
"4753","Amsterdam_Oost",100,100,100,100,100,100,0,0
"4754","Amsterdam_Oost",99,99,99,99,99,99,0,0
"4755","Amsterdam_Oost",113,113,113,113,113,113,0,0
"4756","Amsterdam_Center",220,220,220,220,220,220,0,0
"4757","Amsterdam_Oost",90,90,90,90,90,90,0,0
"4758","Amsterdam_Zuid",55,55,55,55,55,57,2,2
"4759","Amsterdam_West",150,150,150,150,150,150,0,0
"4760","Amsterdam_Zuid",129,129,129,129,129,129,0,0
"4761","Amsterdam_West",88,88,88,88,88,88,0,0
"4762","Amsterdam_Center",240,153,148,166,197,114,-126,126
"4763","Amsterdam_Center",155,155,155,155,155,155,0,0
"4764","Amsterdam_Oost",80,80,80,80,80,80,0,0
"4765","Amsterdam_West",85,85,85,85,85,85,0,0
"4766","Amsterdam_Oost",120,120,120,120,120,120,0,0
"4767","Amsterdam_West",60,60,60,60,60,60,0,0
"4768","Amsterdam_Oost",139,139,139,139,139,139,0,0
"4769","Amsterdam_West",129,129,129,129,129,129,0,0
"4770","Amsterdam_Oost",200,200,200,200,200,200,0,0
"4771","Amsterdam_Oost",120,120,120,120,120,120,0,0
"4772","Amsterdam_Zuid",235,235,235,235,235,235,0,0
"4773","Amsterdam_West",109,109,109,109,109,109,0,0
"4774","Amsterdam_West",150,150,150,150,150,150,0,0
"4775","Amsterdam_Center",115,115,115,115,115,115,0,0
"4776","Amsterdam_Nieuw_west",55,55,55,55,55,55,0,0
"4777","Amsterdam_Zuid",80,80,80,80,80,80,0,0
"4778","Amsterdam_Oost",189,189,189,189,189,189,0,0
"4779","Amsterdam_Zuid",225,225,225,225,225,225,0,0
"4780","Amsterdam_Noord",100,100,100,100,100,100,0,0
"4781","Amsterdam_Zuid",100,100,100,100,100,100,0,0
"4782","Amsterdam_Oost",182,182,182,182,182,182,0,0
"4783","Amsterdam_Oost",245,245,245,245,245,245,0,0
"4784","Amsterdam_Zuid",89,89,89,89,103,159,70,70
"4785","Amsterdam_Oost",130,130,130,130,130,75,-55,55
"4786","Amsterdam_West",250,250,250,250,250,250,0,0
"4787","Amsterdam_Center",150,150,150,150,150,150,0,0
"4788","Amsterdam_Zuid",150,150,150,150,150,150,0,0
"4789","Amsterdam_West",89,89,89,89,89,89,0,0
"4790","Amsterdam_Center",152,155,159,161,160,162,10,10
"4791","Amsterdam_Center",40,40,40,40,40,40,0,0
"4792","Amsterdam_Center",450,450,450,450,450,450,0,0
"4793","Amsterdam_Zuid",120,120,120,120,120,120,0,0
"4794","Amsterdam_Zuid",200,200,200,200,200,200,0,0
"4795","Amsterdam_Zuid",150,150,150,150,150,150,0,0
"4796","Amsterdam_Oost",160,160,160,160,160,160,0,0
"4797","Amsterdam_West",141,141,141,141,141,121,-20,20
"4798","Amsterdam_West",99,99,99,99,99,99,0,0
"4799","Amsterdam_Center",239,239,239,242,248,283,44,44
"4800","Amsterdam_West",130,130,130,190,180,180,50,50
"4801","Amsterdam_Center",242,239,239,286,297,341,99,99
"4802","Amsterdam_West",55,164,83,83,83,83,28,28
"4803","Amsterdam_Zuidoost",120,120,120,120,120,120,0,0
"4804","Amsterdam_West",122,122,122,122,122,122,0,0
"4805","Amsterdam_Nieuw_west",90,90,90,90,90,90,0,0
"4806","Amsterdam_Nieuw_west",44,44,44,44,44,44,0,0
"4807","Amsterdam_Zuid",250,250,250,250,250,250,0,0
"4808","Amsterdam_Nieuw_west",77,77,77,77,77,77,0,0
"4809","Amsterdam_Zuid",370,340,340,340,340,340,-30,30
"4810","Amsterdam_Center",240,240,240,240,240,240,0,0
"4811","Amsterdam_Zuid",185,185,185,185,185,185,0,0
"4812","Amsterdam_Zuid",55,65,65,65,85,61,6,6
"4813","Amsterdam_Zuid",60,79,79,79,79,79,19,19
"4814","Amsterdam_West",80,80,80,80,80,80,0,0
"4815","Amsterdam_Center",107,100,100,100,109,149,42,42
"4816","Amsterdam_Zuidoost",58,58,58,58,58,58,0,0
"4817","Amsterdam_West",140,140,140,140,140,90,-50,50
"4818","Amsterdam_Center",160,160,160,160,160,160,0,0
"4819","Amsterdam_Zuid",112,112,112,112,112,112,0,0
"4820","Amsterdam_Oost",87,85,85,85,85,87,0,0
"4821","Amsterdam_West",111,111,111,111,111,111,0,0
"4822","Amsterdam_Center",122,122,122,122,122,122,0,0
"4823","Amsterdam_Oost",149,149,149,149,149,149,0,0
"4824","Amsterdam_Oost",226,226,226,226,226,226,0,0
"4825","Amsterdam_Zuid",100,100,100,100,100,100,0,0
"4826","Amsterdam_Oost",149,149,149,149,139,139,-10,10
"4827","Amsterdam_West",119,119,119,119,119,119,0,0
"4828","Amsterdam_Oost",59,59,59,59,59,59,0,0
"4829","Amsterdam_West",75,75,75,75,75,75,0,0
"4830","Amsterdam_West",116,116,116,116,116,116,0,0
"4831","Amsterdam_Oost",90,90,90,90,90,90,0,0
"4832","Amsterdam_Oost",82,69,69,69,69,69,-13,13
"4833","Amsterdam_Oost",175,175,175,175,175,175,0,0
"4834","Amsterdam_Oost",320,305,306,320,320,320,0,0
"4835","Amsterdam_West",98,98,98,98,98,98,0,0
"4836","Amsterdam_Zuid",75,75,75,75,75,75,0,0
"4837","Amsterdam_Oost",100,100,100,100,100,100,0,0
"4838","Amsterdam_Oost",83,83,83,83,83,83,0,0
"4839","Amsterdam_West",147,147,147,147,147,147,0,0
"4840","Amsterdam_Noord",70,70,70,70,70,70,0,0
"4841","Amsterdam_Zuid",150,150,150,150,150,150,0,0
"4842","Amsterdam_Zuid",164,164,164,164,164,164,0,0
"4843","Amsterdam_Oost",90,90,90,90,90,91,1,1
"4844","Amsterdam_Center",95,95,95,95,95,95,0,0
"4845","Amsterdam_West",120,120,120,120,120,120,0,0
"4846","Amsterdam_Zuid",539,525,525,525,525,525,-14,14
"4847","Amsterdam_West",320,320,320,320,320,320,0,0
"4848","Amsterdam_West",202,199,199,199,199,199,-3,3
"4849","Amsterdam_Oost",180,180,180,180,180,180,0,0
"4850","Amsterdam_West",160,160,160,160,160,160,0,0
"4851","Amsterdam_Center",75,75,75,75,75,75,0,0
"4852","Amsterdam_Zuid",200,200,200,200,200,200,0,0
"4853","Amsterdam_West",73,76,100,74,66,70,-3,3
"4854","Amsterdam_West",115,115,115,115,115,115,0,0
"4855","Amsterdam_Oost",80,80,80,80,80,80,0,0
"4856","Amsterdam_Zuid",99,99,99,99,99,99,0,0
"4857","Amsterdam_West",350,350,350,350,350,350,0,0
"4858","Amsterdam_Noord",175,140,141,120,120,120,-55,55
"4859","Amsterdam_West",70,70,70,70,70,70,0,0
"4860","Amsterdam_West",100,100,100,100,100,100,0,0
"4861","Amsterdam_Nieuw_west",97,97,97,97,97,97,0,0
"4862","Amsterdam_Oost",90,90,90,90,90,90,0,0
"4863","Amsterdam_Oost",125,125,125,125,125,125,0,0
"4864","Amsterdam_Center",281,281,281,281,281,281,0,0
"4865","Amsterdam_Oost",110,110,110,110,110,110,0,0
"4866","Amsterdam_Oost",70,70,70,70,70,70,0,0
"4867","Amsterdam_West",97,97,97,97,97,97,0,0
"4868","Amsterdam_West",80,80,80,80,80,80,0,0
"4869","Amsterdam_West",185,185,185,185,185,185,0,0
"4870","Amsterdam_West",95,95,95,95,95,95,0,0
"4871","Amsterdam_Oost",101,101,101,101,101,101,0,0
"4872","Amsterdam_Zuid",120,120,120,120,120,120,0,0
"4873","Amsterdam_Zuid",50,50,50,50,50,50,0,0
"4874","Amsterdam_Oost",101,101,101,101,101,101,0,0
"4875","Amsterdam_West",149,149,149,149,149,149,0,0
"4876","Amsterdam_West",119,119,119,119,119,119,0,0
"4877","Amsterdam_Oost",130,130,130,130,130,130,0,0
"4878","Amsterdam_West",210,210,210,210,210,210,0,0
"4879","Amsterdam_Center",180,180,180,180,180,180,0,0
"4880","Amsterdam_Zuid",138,145,145,145,145,145,7,7
"4881","Amsterdam_Center",101,100,100,100,100,100,-1,1
"4882","Amsterdam_West",120,120,120,120,120,120,0,0
"4883","Amsterdam_West",135,135,135,135,135,135,0,0
"4884","Amsterdam_Zuid",135,135,135,135,135,135,0,0
"4885","Amsterdam_West",50,50,50,50,50,50,0,0
"4886","Amsterdam_Center",104,104,104,104,104,104,0,0
"4887","Amsterdam_Oost",76,76,76,76,76,76,0,0
"4888","Amsterdam_West",79,79,79,79,79,79,0,0
"4889","Amsterdam_West",110,110,110,110,110,110,0,0
"4890","Amsterdam_West",110,110,110,110,110,110,0,0
"4891","Amsterdam_Noord",232,232,232,232,232,232,0,0
"4892","Amsterdam_Zuid",75,75,75,75,75,75,0,0
"4893","Amsterdam_Zuid",119,119,119,119,119,119,0,0
"4894","Amsterdam_Oost",80,80,80,80,80,80,0,0
"4895","Amsterdam_Oost",120,120,120,120,120,120,0,0
"4896","Amsterdam_Center",125,125,125,125,125,125,0,0
"4897","Amsterdam_West",100,100,100,100,100,100,0,0
"4898","Amsterdam_Zuid",100,100,100,100,100,100,0,0
"4899","Amsterdam_Center",160,160,160,160,160,160,0,0
"4900","Amsterdam_West",165,165,165,165,165,165,0,0
"4901","Amsterdam_Oost",150,150,150,150,150,150,0,0
"4902","Amsterdam_Oost",100,100,100,100,100,100,0,0
"4903","Amsterdam_West",84,84,84,84,84,84,0,0
"4904","Amsterdam_Center",100,100,100,100,100,100,0,0
"4905","Amsterdam_Nieuw_west",160,160,160,160,160,160,0,0
"4906","Amsterdam_Oost",150,150,150,150,150,150,0,0
"4907","Amsterdam_West",190,190,190,190,190,190,0,0
"4908","Amsterdam_West",130,130,130,130,130,130,0,0
"4909","Amsterdam_Nieuw_west",75,75,75,75,75,75,0,0
"4910","Amsterdam_Nieuw_west",135,135,135,135,135,135,0,0
"4911","Amsterdam_West",100,100,100,100,100,100,0,0
"4912","Amsterdam_West",80,80,80,80,80,80,0,0
"4913","Amsterdam_Oost",149,149,149,149,149,149,0,0
"4914","Amsterdam_Zuid",35,35,35,35,35,35,0,0
"4915","Amsterdam_Center",150,150,150,150,150,150,0,0
"4916","Amsterdam_West",128,128,128,128,128,128,0,0
"4917","Amsterdam_Zuidoost",83,83,83,83,83,83,0,0
"4918","Amsterdam_West",149,149,149,149,149,149,0,0
"4919","Amsterdam_Oost",75,75,75,75,75,75,0,0
"4920","Amsterdam_West",83,83,83,83,83,83,0,0
"4921","Amsterdam_West",270,270,270,270,270,270,0,0
"4922","Amsterdam_West",70,70,70,70,70,70,0,0
"4923","Amsterdam_West",70,70,70,70,70,71,1,1
"4924","Amsterdam_Center",210,210,210,210,210,210,0,0
"4925","Amsterdam_Zuid",100,100,100,100,100,100,0,0
"4926","Amsterdam_Oost",236,236,236,236,236,236,0,0
"4927","Amsterdam_West",89,89,89,89,89,89,0,0
"4928","Amsterdam_West",110,110,110,110,110,110,0,0
"4929","Amsterdam_Zuid",100,100,100,100,100,100,0,0
"4930","Amsterdam_Center",243,243,243,243,243,243,0,0
"4931","Amsterdam_West",180,180,180,180,180,180,0,0
"4932","Amsterdam_Oost",125,125,125,125,125,125,0,0
"4933","Amsterdam_West",110,110,110,110,110,110,0,0
"4934","Amsterdam_Zuid",395,395,395,395,395,395,0,0
"4935","Amsterdam_Zuid",149,149,149,149,149,149,0,0
"4936","Amsterdam_Zuid",100,100,100,100,100,100,0,0
"4937","Amsterdam_West",120,120,120,120,120,120,0,0
"4938","Amsterdam_Oost",100,100,100,100,100,100,0,0
"4939","Amsterdam_West",120,120,120,120,120,120,0,0
"4940","Amsterdam_Center",77,89,79,79,89,89,12,12
"4941","Amsterdam_Zuid",100,100,100,100,100,100,0,0
"4942","Amsterdam_Center",399,399,399,399,399,399,0,0
"4943","Amsterdam_Oost",105,105,105,105,105,105,0,0
"4944","Amsterdam_West",90,90,90,90,90,90,0,0
"4945","Amsterdam_Center",110,110,110,110,110,110,0,0
"4946","Amsterdam_West",120,120,120,120,120,120,0,0
"4947","Amsterdam_Center",104,104,104,104,104,104,0,0
"4948","Amsterdam_Noord",225,225,225,225,225,225,0,0
"4949","Amsterdam_West",130,130,130,130,130,130,0,0
"4950","Amsterdam_West",129,129,129,129,129,129,0,0
"4951","Amsterdam_Center",200,200,200,200,200,200,0,0
"4952","Amsterdam_Oost",120,120,120,120,120,120,0,0
"4953","Amsterdam_West",95,95,95,95,95,95,0,0
"4954","Amsterdam_Zuid",245,245,245,245,245,245,0,0
"4955","Amsterdam_Zuid",70,70,70,70,70,70,0,0
"4956","Amsterdam_Center",100,100,100,100,100,100,0,0
"4957","Amsterdam_Center",149,149,149,149,149,149,0,0
"4958","Amsterdam_Center",102,102,102,102,102,102,0,0
"4959","Amsterdam_West",90,90,90,90,90,90,0,0
"4960","Amsterdam_Oost",80,80,80,80,80,80,0,0
"4961","Amsterdam_Oost",180,180,180,180,180,180,0,0
"4962","Amsterdam_Zuid",80,80,80,80,80,80,0,0
"4963","Amsterdam_Oost",111,111,111,111,111,111,0,0
"4964","Amsterdam_Center",204,204,204,204,204,204,0,0
"4965","Amsterdam_Noord",285,285,285,285,285,285,0,0
"4966","Amsterdam_Center",153,153,153,153,153,153,0,0
"4967","Amsterdam_Zuid",395,395,395,395,395,395,0,0
"4968","Amsterdam_Center",73,73,73,73,73,73,0,0
"4969","Amsterdam_Zuid",125,125,125,125,125,125,0,0
"4970","Amsterdam_Oost",90,90,90,90,90,90,0,0
"4971","Amsterdam_West",200,200,200,200,200,200,0,0
"4972","Amsterdam_West",350,150,150,150,150,150,-200,200
"4973","Amsterdam_West",299,299,299,299,299,299,0,0
"4974","Amsterdam_Zuid",115,115,115,115,115,115,0,0
"4975","Amsterdam_Noord",120,120,120,120,120,120,0,0
"4976","Amsterdam_Zuid",125,125,125,125,125,125,0,0
"4977","Amsterdam_West",300,300,300,300,300,300,0,0
"4978","Amsterdam_Oost",125,125,125,125,125,125,0,0
"4979","Amsterdam_West",110,110,110,110,110,110,0,0
"4980","Amsterdam_Center",110,110,110,110,110,110,0,0
"4981","Amsterdam_Nieuw_west",180,180,180,180,180,180,0,0
"4982","Amsterdam_Zuid",130,130,130,130,130,130,0,0
"4983","Amsterdam_Zuid",50,50,50,50,50,50,0,0
"4984","Amsterdam_Zuid",400,400,400,400,400,400,0,0
"4985","Amsterdam_Center",71,71,85,71,71,71,0,0
"4986","Amsterdam_West",250,250,250,250,250,250,0,0
"4987","Amsterdam_Oost",70,70,70,70,70,70,0,0
"4988","Amsterdam_Zuid",174,170,174,170,170,179,5,5
"4989","Amsterdam_Zuid",79,79,79,79,79,79,0,0
"4990","Amsterdam_West",150,150,150,150,150,150,0,0
"4991","Amsterdam_Zuid",164,164,164,164,164,164,0,0
"4992","Amsterdam_Center",100,100,100,100,100,100,0,0
"4993","Amsterdam_West",264,264,264,264,264,264,0,0
"4994","Amsterdam_Zuidoost",600,600,600,600,600,600,0,0
"4995","Amsterdam_West",100,100,100,100,100,100,0,0
"4996","Amsterdam_Center",79,79,79,79,79,79,0,0
"4997","Amsterdam_Center",191,181,195,195,195,195,4,4
"4998","Amsterdam_West",80,80,80,80,80,80,0,0
"4999","Amsterdam_West",65,80,110,110,60,60,-5,5
"5000","Amsterdam_Zuid",90,90,90,90,90,90,0,0
"5001","Amsterdam_West",297,251,244,273,450,450,153,153
"5002","Amsterdam_Zuid",135,135,135,135,135,135,0,0
"5003","Amsterdam_Zuid",80,80,80,80,80,80,0,0
"5004","Amsterdam_Oost",250,250,250,250,250,250,0,0
"5005","Amsterdam_Center",300,300,300,300,300,300,0,0
"5006","Amsterdam_Oost",225,225,225,225,225,225,0,0
"5007","Amsterdam_West",110,110,110,110,110,110,0,0
"5008","Amsterdam_Noord",85,85,85,85,85,85,0,0
"5009","Amsterdam_Zuid",200,200,200,200,200,200,0,0
"5010","Amsterdam_West",120,120,120,120,120,120,0,0
"5011","Amsterdam_West",62,63,84,62,56,59,-3,3
"5012","Amsterdam_Zuid",300,300,300,300,300,300,0,0
"5013","Amsterdam_Center",120,120,120,120,120,120,0,0
"5014","Amsterdam_Center",130,130,130,130,130,130,0,0
"5015","Amsterdam_West",83,83,83,83,83,83,0,0
"5016","Amsterdam_Oost",170,170,170,170,170,170,0,0
"5017","Amsterdam_Center",100,100,100,100,100,100,0,0
"5018","Amsterdam_Oost",115,115,115,115,115,115,0,0
"5019","Amsterdam_Zuid",90,90,90,90,90,90,0,0
"5020","Amsterdam_Oost",200,200,200,200,200,200,0,0
"5021","Amsterdam_Nieuw_west",35,35,35,35,35,35,0,0
"5022","Amsterdam_Oost",139,139,139,139,139,139,0,0
"5023","Amsterdam_West",125,125,125,125,125,125,0,0
"5024","Amsterdam_Zuidoost",119,119,119,119,119,119,0,0
"5025","Amsterdam_Zuid",125,125,125,125,125,125,0,0
"5026","Amsterdam_Zuid",150,150,150,150,150,150,0,0
"5027","Amsterdam_Zuid",147,147,147,147,147,147,0,0
"5028","Amsterdam_Center",320,320,320,320,320,320,0,0
"5029","Amsterdam_Zuid",200,200,200,200,200,200,0,0
"5030","Amsterdam_Zuid",59,59,59,59,59,59,0,0
"5031","Amsterdam_Zuid",105,105,105,105,105,105,0,0
"5032","Amsterdam_Center",104,104,104,104,104,104,0,0
"5033","Amsterdam_Center",153,153,153,153,153,153,0,0
"5034","Amsterdam_Noord",295,295,295,295,295,295,0,0
"5035","Amsterdam_Noord",75,75,75,75,75,75,0,0
"5036","Amsterdam_Center",105,105,105,105,105,105,0,0
"5037","Amsterdam_Oost",220,220,220,220,220,220,0,0
"5038","Amsterdam_Oost",139,139,139,139,139,139,0,0
"5039","Amsterdam_Center",212,267,288,323,377,275,63,63
"5040","Amsterdam_Center",142,208,210,231,267,193,51,51
"5041","Amsterdam_Nieuw_west",63,52,52,52,52,52,-11,11
"5042","Amsterdam_Center",140,140,140,140,140,140,0,0
"5043","Amsterdam_Center",138,218,222,244,290,396,258,258
"5044","Amsterdam_Center",119,223,226,250,293,233,114,114
"5045","Amsterdam_West",135,193,202,219,338,235,100,100
"5046","Amsterdam_Zuid",380,380,380,380,380,380,0,0
"5047","Amsterdam_Zuid",110,110,110,110,110,110,0,0
"5048","Amsterdam_West",49,49,49,49,49,49,0,0
"5049","Amsterdam_Zuid",110,110,110,110,110,110,0,0
"5050","Amsterdam_Center",95,95,95,95,95,95,0,0
"5051","Amsterdam_Oost",126,140,140,140,140,140,14,14
"5052","Amsterdam_Oost",139,119,119,150,150,150,11,11
"5053","Amsterdam_West",98,98,98,98,98,98,0,0
"5054","Amsterdam_West",199,199,199,199,199,199,0,0
"5055","Amsterdam_West",400,400,400,400,400,400,0,0
"5056","Amsterdam_Oost",156,156,156,156,156,156,0,0
"5057","Amsterdam_Center",186,186,186,186,186,186,0,0
"5058","Amsterdam_Zuid",111,111,111,111,111,111,0,0
"5059","Amsterdam_Oost",105,105,105,105,105,105,0,0
"5060","Amsterdam_Oost",92,93,96,97,97,98,6,6
"5061","Amsterdam_Zuid",475,475,475,475,475,475,0,0
"5062","Amsterdam_Center",115,115,115,115,115,115,0,0
"5063","Amsterdam_Zuid",291,291,291,291,291,291,0,0
"5064","Amsterdam_Center",110,110,110,110,110,110,0,0
"5065","Amsterdam_Nieuw_west",60,60,60,60,60,60,0,0
"5066","Amsterdam_West",210,210,210,210,210,210,0,0
"5067","Amsterdam_Center",100,100,100,100,100,100,0,0
"5068","Amsterdam_Center",350,350,350,350,350,350,0,0
"5069","Amsterdam_Noord",45,45,45,45,45,56,11,11
"5070","Amsterdam_Center",225,225,225,225,225,225,0,0
"5071","Amsterdam_Zuid",90,90,90,90,90,90,0,0
"5072","Amsterdam_Oost",95,95,95,95,95,95,0,0
"5073","Amsterdam_Oost",120,120,120,120,120,120,0,0
"5074","Amsterdam_Zuid",253,205,193,150,150,150,-103,103
"5075","Amsterdam_West",96,96,96,96,96,96,0,0
"5076","Amsterdam_Oost",90,90,90,90,90,90,0,0
"5077","Amsterdam_Oost",120,120,120,120,120,120,0,0
"5078","Amsterdam_Center",187,187,187,187,187,187,0,0
"5079","Amsterdam_West",269,233,233,233,233,233,-36,36
"5080","Amsterdam_Zuid",145,145,145,145,145,145,0,0
"5081","Amsterdam_Nieuw_west",72,72,72,72,72,72,0,0
"5082","Amsterdam_Oost",185,185,185,185,185,185,0,0
"5083","Amsterdam_West",57,64,38,38,39,39,-18,18
"5084","Amsterdam_Zuid",145,145,145,145,145,145,0,0
"5085","Amsterdam_Center",579,579,579,579,579,579,0,0
"5086","Amsterdam_Center",195,195,195,195,195,195,0,0
"5087","Amsterdam_West",104,104,104,104,104,104,0,0
"5088","Amsterdam_West",100,100,100,100,100,100,0,0
"5089","Amsterdam_Noord",107,107,107,107,107,107,0,0
"5090","Amsterdam_Zuidoost",101,101,101,101,101,101,0,0
"5091","Amsterdam_West",189,189,189,189,189,189,0,0
"5092","Amsterdam_Noord",59,59,59,59,59,59,0,0
"5093","Amsterdam_Oost",79,89,89,99,109,119,40,40
"5094","Amsterdam_Oost",114,114,114,114,114,114,0,0
"5095","Amsterdam_Zuid",110,110,110,110,111,111,1,1
"5096","Amsterdam_Nieuw_west",95,95,95,95,95,95,0,0
"5097","Amsterdam_Oost",148,148,148,148,148,148,0,0
"5098","Amsterdam_West",130,130,130,130,130,130,0,0
"5099","Amsterdam_Noord",123,123,123,123,123,123,0,0
"5100","Amsterdam_Oost",250,250,250,250,250,250,0,0
"5101","Amsterdam_Zuid",237,205,222,225,250,250,13,13
"5102","Amsterdam_Zuid",144,144,144,144,144,144,0,0
"5103","Amsterdam_Center",220,220,220,220,220,220,0,0
"5104","Amsterdam_West",120,120,120,120,120,120,0,0
"5105","Amsterdam_Center",140,140,140,140,140,127,-13,13
"5106","Amsterdam_Zuid",200,200,200,200,200,200,0,0
"5107","Amsterdam_Zuid",180,180,180,180,180,180,0,0
"5108","Amsterdam_West",108,108,108,108,108,108,0,0
"5109","Amsterdam_West",95,95,95,95,95,95,0,0
"5110","Amsterdam_Zuid",120,120,120,120,120,120,0,0
"5111","Amsterdam_West",125,125,125,125,125,125,0,0
"5112","Amsterdam_Oost",100,100,100,100,100,100,0,0
"5113","Amsterdam_Center",95,95,95,95,95,95,0,0
"5114","Amsterdam_Nieuw_west",164,164,164,164,164,164,0,0
"5115","Amsterdam_Oost",85,85,85,85,85,85,0,0
"5116","Amsterdam_West",100,100,100,100,100,100,0,0
"5117","Amsterdam_West",325,325,325,325,325,325,0,0
"5118","Amsterdam_West",188,188,188,188,188,188,0,0
"5119","Amsterdam_Zuid",70,70,70,70,70,70,0,0
"5120","Amsterdam_West",400,400,400,400,400,400,0,0
"5121","Amsterdam_West",140,140,140,140,140,140,0,0
"5122","Amsterdam_Center",110,110,110,110,110,110,0,0
"5123","Amsterdam_Zuid",140,140,140,140,140,140,0,0
"5124","Amsterdam_Center",105,105,105,105,105,105,0,0
"5125","Amsterdam_West",120,120,120,120,120,120,0,0
"5126","Amsterdam_West",107,107,107,107,107,107,0,0
"5127","Amsterdam_Oost",89,89,89,89,89,89,0,0
"5128","Amsterdam_West",149,149,149,149,129,149,0,0
"5129","Amsterdam_West",98,98,98,98,98,98,0,0
"5130","Amsterdam_Zuid",150,150,150,150,150,150,0,0
"5131","Amsterdam_Oost",149,149,149,149,149,149,0,0
"5132","Amsterdam_Nieuw_west",66,66,66,66,66,66,0,0
"5133","Amsterdam_Center",250,250,250,250,250,250,0,0
"5134","Amsterdam_Zuid",100,100,100,100,100,100,0,0
"5135","Amsterdam_Noord",103,103,103,98,104,99,-4,4
"5136","Amsterdam_Noord",113,113,113,113,113,113,0,0
"5137","Amsterdam_West",157,157,157,157,157,157,0,0
"5138","Amsterdam_Zuid",169,169,169,169,169,169,0,0
"5139","Amsterdam_Zuid",92,92,92,92,92,92,0,0
"5140","Amsterdam_West",100,100,100,100,100,100,0,0
"5141","Amsterdam_Center",175,175,175,175,175,175,0,0
"5142","Amsterdam_Zuid",204,204,204,204,204,204,0,0
"5143","Amsterdam_Center",130,130,130,130,130,130,0,0
"5144","Amsterdam_Zuidoost",55,55,55,55,55,55,0,0
"5145","Amsterdam_Oost",155,155,155,155,155,155,0,0
"5146","Amsterdam_Zuidoost",110,110,110,110,110,110,0,0
"5147","Amsterdam_Zuid",190,190,190,190,190,190,0,0
"5148","Amsterdam_Nieuw_west",40,40,40,40,40,40,0,0
"5149","Amsterdam_Center",150,150,150,150,150,150,0,0
"5150","Amsterdam_West",80,80,80,80,80,80,0,0
"5151","Amsterdam_Center",247,247,247,247,247,247,0,0
"5152","Amsterdam_Center",103,103,103,103,103,103,0,0
"5153","Amsterdam_Center",104,104,104,104,104,104,0,0
"5154","Amsterdam_Zuid",100,100,100,100,100,100,0,0
"5155","Amsterdam_Oost",140,140,140,140,140,140,0,0
"5156","Amsterdam_West",90,90,90,90,90,90,0,0
"5157","Amsterdam_West",120,120,120,120,120,120,0,0
"5158","Amsterdam_Zuid",240,240,240,240,240,240,0,0
"5159","Amsterdam_Oost",150,150,150,150,150,150,0,0
"5160","Amsterdam_Center",106,106,106,106,106,106,0,0
"5161","Amsterdam_Zuid",100,100,100,100,100,100,0,0
"5162","Amsterdam_West",159,159,159,159,159,159,0,0
"5163","Amsterdam_Oost",130,130,130,130,130,130,0,0
"5164","Amsterdam_Nieuw_west",50,41,40,40,45,50,0,0
"5165","Amsterdam_Zuid",120,120,120,120,120,120,0,0
"5166","Amsterdam_Zuid",99,99,99,99,99,99,0,0
"5167","Amsterdam_Center",100,100,100,100,100,100,0,0
"5168","Amsterdam_West",135,135,135,135,135,135,0,0
"5169","Amsterdam_Zuid",100,100,100,100,180,180,80,80
"5170","Amsterdam_West",85,85,85,85,85,85,0,0
"5171","Amsterdam_Center",73,73,73,73,73,73,0,0
"5172","Amsterdam_Zuid",150,150,150,150,150,150,0,0
"5173","Amsterdam_Oost",156,156,156,156,156,156,0,0
"5174","Amsterdam_Oost",140,140,140,140,140,140,0,0
"5175","Amsterdam_West",414,414,414,414,414,414,0,0
"5176","Amsterdam_Center",73,73,73,73,73,73,0,0
"5177","Amsterdam_Oost",96,96,96,96,96,96,0,0
"5178","Amsterdam_Center",200,200,200,200,200,200,0,0
"5179","Amsterdam_Nieuw_west",125,125,125,125,125,125,0,0
"5180","Amsterdam_West",315,315,315,315,315,315,0,0
"5181","Amsterdam_West",180,180,180,180,180,180,0,0
"5182","Amsterdam_West",100,100,100,100,100,100,0,0
"5183","Amsterdam_Center",99,99,99,99,99,99,0,0
"5184","Amsterdam_West",139,139,139,139,139,139,0,0
"5185","Amsterdam_West",95,95,95,95,95,95,0,0
"5186","Amsterdam_West",110,110,110,110,110,110,0,0
"5187","Amsterdam_West",150,150,150,150,150,150,0,0
"5188","Amsterdam_Oost",79,79,79,79,79,79,0,0
"5189","Amsterdam_West",120,120,120,120,120,120,0,0
"5190","Amsterdam_West",89,89,89,89,89,89,0,0
"5191","Amsterdam_Center",125,125,125,125,125,125,0,0
"5192","Amsterdam_Oost",169,169,169,169,169,169,0,0
"5193","Amsterdam_Center",150,150,150,150,150,150,0,0
"5194","Amsterdam_West",150,150,150,150,150,150,0,0
"5195","Amsterdam_Zuid",65,65,65,65,65,65,0,0
"5196","Amsterdam_West",95,95,95,95,95,95,0,0
"5197","Amsterdam_Oost",500,500,500,500,500,500,0,0
"5198","Amsterdam_Zuid",206,205,207,208,210,205,-1,1
"5199","Amsterdam_West",120,120,120,120,120,120,0,0
"5200","Amsterdam_Oost",135,135,135,135,135,135,0,0
"5201","Amsterdam_Noord",110,110,110,110,110,110,0,0
"5202","Amsterdam_Center",100,100,100,55,80,80,-20,20
"5203","Amsterdam_Center",56,57,57,57,57,57,1,1
"5204","Amsterdam_West",125,125,125,125,125,125,0,0
"5205","Amsterdam_West",225,225,225,225,225,225,0,0
"5206","Amsterdam_West",100,100,100,100,100,100,0,0
"5207","Amsterdam_Center",260,260,260,260,260,260,0,0
"5208","Amsterdam_West",50,50,50,50,50,50,0,0
"5209","Amsterdam_West",156,156,156,156,156,156,0,0
"5210","Amsterdam_Center",165,165,165,165,165,165,0,0
"5211","Amsterdam_West",110,110,110,110,110,110,0,0
"5212","Amsterdam_West",100,100,100,100,100,100,0,0
"5213","Amsterdam_West",122,122,122,122,122,122,0,0
"5214","Amsterdam_West",150,150,150,150,150,150,0,0
"5215","Amsterdam_Center",165,165,165,165,165,165,0,0
"5216","Amsterdam_Oost",69,69,69,69,69,69,0,0
"5217","Amsterdam_Oost",147,147,147,147,147,147,0,0
"5218","Amsterdam_West",115,115,115,115,115,115,0,0
"5219","Amsterdam_West",200,200,200,200,200,200,0,0
"5220","Amsterdam_West",130,130,130,130,130,130,0,0
"5221","Amsterdam_Zuid",35,35,35,35,35,35,0,0
"5222","Amsterdam_West",90,90,90,90,90,90,0,0
"5223","Amsterdam_Center",175,175,175,175,175,175,0,0
"5224","Amsterdam_Zuid",130,130,130,130,130,130,0,0
"5225","Amsterdam_Oost",350,350,350,350,350,350,0,0
"5226","Amsterdam_Zuid",350,350,350,350,350,350,0,0
"5227","Amsterdam_Center",320,320,320,320,320,320,0,0
"5228","Amsterdam_Zuid",60,60,60,60,60,60,0,0
"5229","Amsterdam_West",125,125,125,125,125,125,0,0
"5230","Amsterdam_Oost",150,150,150,150,150,150,0,0
"5231","Amsterdam_West",150,150,150,150,150,150,0,0
"5232","Amsterdam_West",250,250,250,250,250,250,0,0
"5233","Amsterdam_Zuid",125,125,125,125,125,125,0,0
"5234","Amsterdam_Center",175,175,175,175,175,175,0,0
"5235","Amsterdam_Zuid",123,123,123,123,123,123,0,0
"5236","Amsterdam_Zuid",110,110,110,110,110,110,0,0
"5237","Amsterdam_Center",139,139,139,139,139,139,0,0
"5238","Amsterdam_West",75,75,75,75,75,75,0,0
"5239","Amsterdam_Center",135,135,135,135,135,135,0,0
"5240","Amsterdam_Oost",106,106,106,106,106,106,0,0
"5241","Amsterdam_Oost",70,70,70,70,70,70,0,0
"5242","Amsterdam_Oost",250,199,199,199,199,199,-51,51
"5243","Amsterdam_Oost",195,195,195,195,195,195,0,0
"5244","Amsterdam_Zuid",80,80,80,80,80,80,0,0
"5245","Amsterdam_West",250,250,250,250,250,250,0,0
"5246","Amsterdam_West",110,110,110,110,110,110,0,0
"5247","Amsterdam_West",45,45,45,65,80,75,30,30
"5248","Amsterdam_Center",50,50,50,50,50,50,0,0
"5249","Amsterdam_West",275,275,275,275,275,275,0,0
"5250","Amsterdam_Noord",140,140,140,140,140,140,0,0
"5251","Amsterdam_Center",88,54,114,54,45,66,-22,22
"5252","Amsterdam_Oost",200,200,200,200,200,200,0,0
"5253","Amsterdam_Zuid",175,175,175,175,175,175,0,0
"5254","Amsterdam_Center",40,42,40,40,50,42,2,2
"5255","Amsterdam_Nieuw_west",169,169,169,169,169,169,0,0
"5256","Amsterdam_Zuid",220,220,220,220,220,220,0,0
"5257","Amsterdam_West",95,95,95,95,95,95,0,0
"5258","Amsterdam_Zuid",210,210,210,210,210,210,0,0
"5259","Amsterdam_Zuid",200,200,200,200,200,200,0,0
"5260","Amsterdam_Zuidoost",60,60,60,60,60,60,0,0
"5261","Amsterdam_West",220,220,220,220,220,220,0,0
"5262","Amsterdam_Zuid",250,250,250,250,250,250,0,0
"5263","Amsterdam_Zuid",80,80,80,80,80,80,0,0
"5264","Amsterdam_Zuid",162,162,162,162,162,162,0,0
"5265","Amsterdam_West",115,115,115,115,115,115,0,0
"5266","Amsterdam_Center",179,179,179,179,179,179,0,0
"5267","Amsterdam_Zuid",240,240,240,240,240,240,0,0
"5268","Amsterdam_West",136,136,136,136,136,136,0,0
"5269","Amsterdam_West",119,119,119,119,119,119,0,0
"5270","Amsterdam_West",290,290,290,290,290,290,0,0
"5271","Amsterdam_Center",153,153,153,153,153,153,0,0
"5272","Amsterdam_Center",234,234,234,234,234,234,0,0
"5273","Amsterdam_West",95,95,95,95,95,95,0,0
"5274","Amsterdam_West",75,75,75,75,75,75,0,0
"5275","Amsterdam_Zuid",75,75,75,75,75,75,0,0
"5276","Amsterdam_West",110,110,110,110,110,110,0,0
"5277","Amsterdam_Oost",175,175,175,175,175,175,0,0
"5278","Amsterdam_Center",103,103,103,103,103,103,0,0
"5279","Amsterdam_Center",100,100,100,100,100,100,0,0
"5280","Amsterdam_West",74,74,74,74,74,74,0,0
"5281","Amsterdam_Zuid",150,150,150,150,150,150,0,0
"5282","Amsterdam_Oost",279,279,279,279,279,279,0,0
"5283","Amsterdam_Center",125,125,125,125,125,125,0,0
"5284","Amsterdam_Center",80,80,80,80,80,80,0,0
"5285","Amsterdam_Oost",175,175,175,175,175,175,0,0
"5286","Amsterdam_Center",79,79,79,79,79,79,0,0
"5287","Amsterdam_West",185,185,185,185,185,185,0,0
"5288","Amsterdam_Center",180,180,180,180,180,180,0,0
"5289","Amsterdam_West",180,180,180,180,180,180,0,0
"5290","Amsterdam_West",225,225,225,225,225,225,0,0
"5291","Amsterdam_West",149,149,149,149,149,149,0,0
"5292","Amsterdam_West",100,100,100,100,100,100,0,0
"5293","Amsterdam_West",79,79,79,79,79,79,0,0
"5294","Amsterdam_Center",175,175,175,175,175,175,0,0
"5295","Amsterdam_Zuid",100,100,100,100,100,100,0,0
"5296","Amsterdam_Center",229,229,229,229,229,229,0,0
"5297","Amsterdam_Oost",160,160,160,160,160,160,0,0
"5298","Amsterdam_West",157,155,158,158,160,156,-1,1
"5299","Amsterdam_Oost",170,170,170,170,170,170,0,0
"5300","Amsterdam_Noord",150,150,150,150,150,150,0,0
"5301","Amsterdam_West",65,65,65,65,65,65,0,0
"5302","Amsterdam_Center",100,100,100,100,100,100,0,0
"5303","Amsterdam_Noord",175,175,175,175,175,175,0,0
"5304","Amsterdam_Oost",120,120,120,120,120,120,0,0
"5305","Amsterdam_Oost",190,190,190,190,190,190,0,0
"5306","Amsterdam_Oost",92,92,95,92,95,95,3,3
"5307","Amsterdam_Zuid",91,90,90,90,90,90,-1,1
"5308","Amsterdam_Oost",175,175,175,175,175,175,0,0
"5309","Amsterdam_Oost",115,115,115,115,115,115,0,0
"5310","Amsterdam_Center",150,150,150,150,150,150,0,0
"5311","Amsterdam_Center",122,122,122,122,122,122,0,0
"5312","Amsterdam_West",145,145,145,145,145,145,0,0
"5313","Amsterdam_West",150,150,150,150,150,150,0,0
"5314","Amsterdam_West",50,50,50,50,50,50,0,0
"5315","Amsterdam_West",207,156,152,219,275,324,117,117
"5316","Amsterdam_Center",89,52,150,150,60,57,-32,32
"5317","Amsterdam_Oost",80,80,80,80,80,80,0,0
"5318","Amsterdam_Center",102,102,102,102,102,103,1,1
"5319","Amsterdam_West",90,90,90,90,90,90,0,0
"5320","Amsterdam_Noord",185,185,185,185,185,185,0,0
"5321","Amsterdam_Center",225,225,225,225,225,225,0,0
"5322","Amsterdam_Oost",200,200,200,200,200,200,0,0
"5323","Amsterdam_Zuid",180,180,180,180,180,180,0,0
"5324","Amsterdam_Oost",125,125,125,125,125,125,0,0
"5325","Amsterdam_West",110,110,110,110,110,110,0,0
"5326","Amsterdam_West",124,124,124,124,124,124,0,0
"5327","Amsterdam_West",175,175,175,175,175,175,0,0
"5328","Amsterdam_Zuid",140,140,140,140,140,140,0,0
"5329","Amsterdam_Zuid",100,100,100,100,100,100,0,0
"5330","Amsterdam_Zuid",65,65,65,65,65,65,0,0
"5331","Amsterdam_West",149,149,149,149,149,149,0,0
"5332","Amsterdam_Center",127,127,127,127,127,127,0,0
"5333","Amsterdam_Zuid",120,120,120,120,120,120,0,0
"5334","Amsterdam_Noord",150,150,150,150,150,150,0,0
"5335","Amsterdam_West",130,130,130,130,130,130,0,0
"5336","Amsterdam_West",130,130,130,130,130,130,0,0
"5337","Amsterdam_West",65,65,65,65,65,65,0,0
"5338","Amsterdam_West",150,150,150,150,150,150,0,0
"5339","Amsterdam_Zuid",200,200,200,200,200,200,0,0
"5340","Amsterdam_Nieuw_west",100,100,100,100,100,100,0,0
"5341","Amsterdam_West",164,164,164,164,164,164,0,0
"5342","Amsterdam_Oost",175,175,175,175,175,175,0,0
"5343","Amsterdam_Zuid",90,90,90,90,90,90,0,0
"5344","Amsterdam_Zuid",135,135,135,135,135,135,0,0
"5345","Amsterdam_Zuid",141,141,141,141,141,141,0,0
"5346","Amsterdam_Zuid",149,149,149,149,149,149,0,0
"5347","Amsterdam_Zuid",193,193,193,193,193,193,0,0
"5348","Amsterdam_West",106,106,106,106,106,106,0,0
"5349","Amsterdam_West",100,100,100,100,100,100,0,0
"5350","Amsterdam_West",120,120,120,120,120,120,0,0
"5351","Amsterdam_Center",111,111,111,111,111,111,0,0
"5352","Amsterdam_Oost",155,155,155,155,155,155,0,0
"5353","Amsterdam_Center",220,143,148,167,197,79,-141,141
"5354","Amsterdam_Zuid",170,170,170,170,170,170,0,0
"5355","Amsterdam_Zuid",109,109,109,109,109,109,0,0
"5356","Amsterdam_West",150,140,144,150,150,175,25,25
"5357","Amsterdam_Oost",95,95,95,95,95,95,0,0
"5358","Amsterdam_Noord",90,90,90,90,90,90,0,0
"5359","Amsterdam_Center",180,180,180,180,180,180,0,0
"5360","Amsterdam_Center",145,145,145,145,145,145,0,0
"5361","Amsterdam_Center",140,140,140,140,140,140,0,0
"5362","Amsterdam_West",200,200,200,200,200,200,0,0
"5363","Amsterdam_Oost",230,230,230,230,230,230,0,0
"5364","Amsterdam_Zuid",70,70,70,70,70,70,0,0
"5365","Amsterdam_Nieuw_west",59,59,59,59,59,59,0,0
"5366","Amsterdam_Zuid",75,75,75,75,75,75,0,0
"5367","Amsterdam_Oost",199,199,199,199,199,199,0,0
"5368","Amsterdam_Oost",80,80,80,80,80,80,0,0
"5369","Amsterdam_Oost",149,149,149,149,149,149,0,0
"5370","Amsterdam_Oost",135,135,135,135,135,135,0,0
"5371","Amsterdam_Center",150,150,150,150,150,150,0,0
"5372","Amsterdam_Oost",130,130,130,130,130,130,0,0
"5373","Amsterdam_Nieuw_west",299,299,299,500,600,600,301,301
"5374","Amsterdam_Center",450,450,450,450,450,450,0,0
"5375","Amsterdam_Oost",200,200,200,200,200,200,0,0
"5376","Amsterdam_Oost",250,250,250,250,250,250,0,0
"5377","Amsterdam_West",100,100,100,100,100,100,0,0
"5378","Amsterdam_Center",211,211,234,211,211,211,0,0
"5379","Amsterdam_Oost",79,79,79,79,79,79,0,0
"5380","Amsterdam_Nieuw_west",41,41,41,41,41,41,0,0
"5381","Amsterdam_Oost",77,77,77,77,77,77,0,0
"5382","Amsterdam_West",220,220,220,220,220,220,0,0
"5383","Amsterdam_Center",210,210,210,210,210,210,0,0
"5384","Amsterdam_Oost",199,199,199,199,199,199,0,0
"5385","Amsterdam_Zuid",330,330,330,330,330,330,0,0
"5386","Amsterdam_Zuidoost",40,40,40,40,40,40,0,0
"5387","Amsterdam_West",400,400,400,400,400,400,0,0
"5388","Amsterdam_Zuidoost",55,55,55,55,55,55,0,0
"5389","Amsterdam_West",139,139,139,139,139,139,0,0
"5390","Amsterdam_Zuid",112,112,112,112,112,112,0,0
"5391","Amsterdam_West",31,31,31,31,31,31,0,0
"5392","Amsterdam_West",135,135,135,135,135,135,0,0
"5393","Amsterdam_Center",165,165,165,165,165,165,0,0
"5394","Amsterdam_Center",111,120,150,152,96,96,-15,15
"5395","Amsterdam_Oost",120,120,120,135,135,135,15,15
"5396","Amsterdam_Zuid",80,80,80,80,80,80,0,0
"5397","Amsterdam_Zuidoost",61,61,61,61,61,61,0,0
"5398","Amsterdam_West",150,150,150,150,150,150,0,0
"5399","Amsterdam_Zuid",126,126,126,126,126,126,0,0
"5400","Amsterdam_West",150,150,150,150,150,150,0,0
"5401","Amsterdam_Oost",175,175,175,175,175,175,0,0
"5402","Amsterdam_West",60,60,60,60,62,62,2,2
"5403","Amsterdam_Oost",110,110,110,110,110,110,0,0
"5404","Amsterdam_Zuidoost",75,84,81,81,81,88,13,13
"5405","Amsterdam_Nieuw_west",125,125,125,125,125,125,0,0
"5406","Amsterdam_Zuid",79,79,79,79,79,79,0,0
"5407","Amsterdam_Noord",55,55,55,55,55,55,0,0
"5408","Amsterdam_Zuid",90,90,90,90,90,90,0,0
"5409","Amsterdam_West",229,229,229,229,229,229,0,0
"5410","Amsterdam_Center",105,105,105,105,105,109,4,4
"5411","Amsterdam_Oost",95,95,95,95,95,95,0,0
"5412","Amsterdam_Center",188,188,188,188,188,188,0,0
"5413","Amsterdam_Oost",250,250,250,250,250,250,0,0
"5414","Amsterdam_Noord",80,80,80,80,80,80,0,0
"5415","Amsterdam_West",130,130,130,130,130,130,0,0
"5416","Amsterdam_Zuid",66,66,66,66,66,66,0,0
"5417","Amsterdam_West",260,260,260,260,260,260,0,0
"5418","Amsterdam_Zuid",213,213,213,213,213,213,0,0
"5419","Amsterdam_West",74,77,77,77,69,68,-6,6
"5420","Amsterdam_Zuid",85,85,85,85,85,85,0,0
"5421","Amsterdam_Oost",180,180,180,180,180,180,0,0
"5422","Amsterdam_Center",122,122,122,122,122,122,0,0
"5423","Amsterdam_Zuid",32,32,28,21,33,40,8,8
"5424","Amsterdam_West",99,99,99,99,99,99,0,0
"5425","Amsterdam_Noord",50,50,50,50,50,50,0,0
"5426","Amsterdam_Noord",45,45,45,45,45,45,0,0
"5427","Amsterdam_Center",95,95,95,95,95,95,0,0
"5428","Amsterdam_Center",400,400,400,400,400,400,0,0
"5429","Amsterdam_Noord",180,180,180,180,180,180,0,0
"5430","Amsterdam_Center",199,199,199,199,199,199,0,0
"5431","Amsterdam_West",120,120,120,120,120,120,0,0
"5432","Amsterdam_West",140,140,140,140,140,140,0,0
"5433","Amsterdam_Zuid",99,99,99,99,99,99,0,0
"5434","Amsterdam_Zuid",100,100,100,100,100,100,0,0
"5435","Amsterdam_West",149,149,149,149,149,149,0,0
"5436","Amsterdam_Zuid",299,299,299,299,299,299,0,0
"5437","Amsterdam_West",159,150,150,150,150,150,-9,9
"5438","Amsterdam_Oost",150,150,150,150,150,150,0,0
"5439","Amsterdam_Noord",120,120,120,120,120,120,0,0
"5440","Amsterdam_Center",180,180,180,180,180,180,0,0
"5441","Amsterdam_Oost",225,225,225,225,225,225,0,0
"5442","Amsterdam_Center",135,135,135,135,135,135,0,0
"5443","Amsterdam_Oost",207,207,207,207,207,207,0,0
"5444","Amsterdam_Zuid",81,81,81,81,81,81,0,0
"5445","Amsterdam_West",200,200,200,200,200,200,0,0
"5446","Amsterdam_Zuid",110,110,110,110,110,110,0,0
"5447","Amsterdam_Noord",150,150,150,150,150,150,0,0
"5448","Amsterdam_Zuid",198,198,198,198,198,198,0,0
"5449","Amsterdam_West",137,137,137,137,137,137,0,0
"5450","Amsterdam_West",90,90,90,90,90,90,0,0
"5451","Amsterdam_Center",75,75,75,75,75,75,0,0
"5452","Amsterdam_Oost",110,110,110,110,110,110,0,0
"5453","Amsterdam_West",55,55,55,55,55,55,0,0
"5454","Amsterdam_Oost",193,193,193,193,193,193,0,0
"5455","Amsterdam_Noord",149,149,169,169,169,169,20,20
"5456","Amsterdam_Center",145,145,145,145,145,145,0,0
"5457","Amsterdam_Zuid",500,500,500,500,500,500,0,0
"5458","Amsterdam_Oost",140,140,140,140,140,140,0,0
"5459","Amsterdam_West",125,125,125,125,125,125,0,0
"5460","Amsterdam_Center",125,125,125,125,125,125,0,0
"5461","Amsterdam_West",75,75,75,75,75,75,0,0
"5462","Amsterdam_Center",50,50,50,50,50,50,0,0
"5463","Amsterdam_West",120,120,120,120,120,120,0,0
"5464","Amsterdam_Oost",155,155,155,155,155,155,0,0
"5465","Amsterdam_Zuid",150,150,150,150,150,150,0,0
"5466","Amsterdam_Oost",60,60,60,60,60,60,0,0
"5467","Amsterdam_West",110,110,110,110,110,110,0,0
"5468","Amsterdam_Noord",125,125,125,125,125,125,0,0
"5469","Amsterdam_Oost",35,35,35,35,35,35,0,0
"5470","Amsterdam_West",130,130,130,130,130,130,0,0
"5471","Amsterdam_West",100,100,100,100,100,100,0,0
"5472","Amsterdam_Oost",80,80,80,80,80,80,0,0
"5473","Amsterdam_Oost",120,120,120,120,120,120,0,0
"5474","Amsterdam_Oost",80,80,80,80,80,80,0,0
"5475","Amsterdam_West",90,90,90,90,90,90,0,0
"5476","Amsterdam_Center",140,140,140,140,140,140,0,0
"5477","Amsterdam_Zuid",95,95,95,95,95,95,0,0
"5478","Amsterdam_West",200,200,200,200,200,200,0,0
"5479","Amsterdam_Zuid",85,85,85,85,85,85,0,0
"5480","Amsterdam_West",126,126,126,126,126,126,0,0
"5481","Amsterdam_Oost",145,145,145,145,145,145,0,0
"5482","Amsterdam_Oost",120,120,120,120,120,120,0,0
"5483","Amsterdam_West",190,190,190,190,190,190,0,0
"5484","Amsterdam_West",110,110,110,110,110,110,0,0
"5485","Amsterdam_Oost",125,125,125,125,125,125,0,0
"5486","Amsterdam_Oost",131,131,131,131,131,131,0,0
"5487","Amsterdam_Center",135,135,135,135,135,135,0,0
"5488","Amsterdam_West",62,61,62,62,63,61,-1,1
"5489","Amsterdam_Center",299,299,299,299,299,299,0,0
"5490","Amsterdam_West",95,95,95,95,95,95,0,0
"5491","Amsterdam_West",280,280,280,280,280,280,0,0
"5492","Amsterdam_Center",220,220,220,220,220,220,0,0
"5493","Amsterdam_Zuid",150,150,150,150,150,150,0,0
"5494","Amsterdam_Zuid",200,200,200,200,200,200,0,0
"5495","Amsterdam_West",100,100,100,100,100,100,0,0
"5496","Amsterdam_Center",114,114,114,114,114,114,0,0
"5497","Amsterdam_Zuid",650,650,650,650,650,650,0,0
"5498","Amsterdam_West",85,85,85,85,85,85,0,0
"5499","Amsterdam_West",120,120,120,120,120,120,0,0
"5500","Amsterdam_West",150,150,150,150,150,150,0,0
"5501","Amsterdam_Center",150,150,150,150,150,150,0,0
"5502","Amsterdam_Noord",92,92,92,92,92,92,0,0
"5503","Amsterdam_West",105,120,105,105,120,110,5,5
"5504","Amsterdam_Nieuw_west",111,111,111,111,111,111,0,0
"5505","Amsterdam_Zuid",160,160,160,160,160,160,0,0
"5506","Amsterdam_Noord",132,132,132,132,132,132,0,0
"5507","Amsterdam_West",180,180,180,180,180,180,0,0
"5508","Amsterdam_West",86,86,86,86,86,86,0,0
"5509","Amsterdam_Zuidoost",55,55,55,55,55,55,0,0
"5510","Amsterdam_Oost",100,100,100,100,100,100,0,0
"5511","Amsterdam_Zuid",130,130,130,130,130,130,0,0
"5512","Amsterdam_West",119,129,129,129,129,129,10,10
"5513","Amsterdam_West",45,45,35,42,45,45,0,0
"5514","Amsterdam_West",95,95,95,95,95,95,0,0
"5515","Amsterdam_Noord",139,139,139,139,139,139,0,0
"5516","Amsterdam_Center",120,120,120,120,120,120,0,0
"5517","Amsterdam_Oost",284,290,290,290,290,290,6,6
"5518","Amsterdam_West",120,120,120,120,120,120,0,0
"5519","Amsterdam_Nieuw_west",98,98,98,98,98,98,0,0
"5520","Amsterdam_Center",180,180,180,180,180,180,0,0
"5521","Amsterdam_Nieuw_west",80,80,80,80,80,80,0,0
"5522","Amsterdam_Center",69,69,69,69,69,69,0,0
"5523","Amsterdam_West",80,80,80,80,80,80,0,0
"5524","Amsterdam_Zuid",235,235,235,235,235,235,0,0
"5525","Amsterdam_Center",150,150,150,150,150,150,0,0
"5526","Amsterdam_Zuid",60,60,60,60,60,60,0,0
"5527","Amsterdam_Zuid",100,100,100,100,100,100,0,0
"5528","Amsterdam_Noord",75,75,75,75,75,75,0,0
"5529","Amsterdam_Center",111,111,111,111,111,111,0,0
"5530","Amsterdam_Zuid",175,175,175,175,175,175,0,0
"5531","Amsterdam_West",125,125,125,125,125,125,0,0
"5532","Amsterdam_Zuid",401,401,401,401,401,401,0,0
"5533","Amsterdam_West",97,97,97,97,97,97,0,0
"5534","Amsterdam_West",120,120,120,120,120,120,0,0
"5535","Amsterdam_Center",225,225,225,225,225,225,0,0
"5536","Amsterdam_West",99,99,99,99,99,99,0,0
"5537","Amsterdam_West",449,475,475,425,425,425,-24,24
"5538","Amsterdam_Zuid",99,99,99,99,99,99,0,0
"5539","Amsterdam_Oost",150,150,150,150,150,150,0,0
"5540","Amsterdam_Zuid",350,350,350,350,350,350,0,0
"5541","Amsterdam_Zuid",150,150,150,150,150,150,0,0
"5542","Amsterdam_Oost",120,120,120,120,120,120,0,0
"5543","Amsterdam_Center",163,163,163,163,163,163,0,0
"5544","Amsterdam_West",150,150,150,150,150,150,0,0
"5545","Amsterdam_Oost",200,200,200,200,200,200,0,0
"5546","Amsterdam_Center",100,100,100,100,100,100,0,0
"5547","Amsterdam_West",75,75,75,75,75,75,0,0
"5548","Amsterdam_Center",299,299,299,299,299,299,0,0
"5549","Amsterdam_Noord",264,264,264,264,264,264,0,0
"5550","Amsterdam_West",122,122,122,122,122,122,0,0
"5551","Amsterdam_Noord",80,80,80,80,80,80,0,0
"5552","Amsterdam_Noord",175,175,175,175,175,175,0,0
"5553","Amsterdam_Oost",156,156,156,156,156,156,0,0
"5554","Amsterdam_West",160,160,160,160,160,160,0,0
"5555","Amsterdam_Nieuw_west",83,83,83,83,83,83,0,0
"5556","Amsterdam_West",150,150,150,150,150,150,0,0
"5557","Amsterdam_Zuid",110,110,110,110,110,110,0,0
"5558","Amsterdam_Zuid",153,153,153,95,95,95,-58,58
"5559","Amsterdam_Oost",115,115,115,115,115,115,0,0
"5560","Amsterdam_Center",225,225,225,225,225,225,0,0
"5561","Amsterdam_Zuid",90,90,90,90,90,90,0,0
"5562","Amsterdam_Zuid",179,179,179,179,179,179,0,0
"5563","Amsterdam_Zuid",250,250,250,250,250,250,0,0
"5564","Amsterdam_West",110,110,110,110,110,110,0,0
"5565","Amsterdam_West",200,200,200,200,200,200,0,0
"5566","Amsterdam_Zuid",500,500,500,500,500,500,0,0
"5567","Amsterdam_West",115,115,115,115,115,115,0,0
"5568","Amsterdam_Center",65,65,65,65,65,65,0,0
"5569","Amsterdam_Center",50,50,50,50,50,50,0,0
"5570","Amsterdam_West",95,95,95,95,95,95,0,0
"5571","Amsterdam_Noord",116,116,116,116,116,116,0,0
"5572","Amsterdam_West",225,225,225,225,225,225,0,0
"5573","Amsterdam_Zuid",210,210,210,210,210,210,0,0
"5574","Amsterdam_West",103,102,104,104,105,102,-1,1
"5575","Amsterdam_West",139,139,139,139,139,139,0,0
"5576","Amsterdam_Center",145,145,145,145,145,145,0,0
"5577","Amsterdam_Oost",47,47,47,47,47,47,0,0
"5578","Amsterdam_Oost",90,90,90,90,90,90,0,0
"5579","Amsterdam_West",90,90,90,90,90,90,0,0
"5580","Amsterdam_Oost",129,129,129,129,129,129,0,0
"5581","Amsterdam_Oost",110,110,110,110,110,110,0,0
"5582","Amsterdam_Zuid",49,49,49,49,49,49,0,0
"5583","Amsterdam_Zuid",95,95,95,95,95,95,0,0
"5584","Amsterdam_Noord",175,175,175,175,175,175,0,0
"5585","Amsterdam_Center",230,220,220,220,220,220,-10,10
"5586","Amsterdam_West",125,125,125,125,125,125,0,0
"5587","Amsterdam_Center",150,150,150,150,150,150,0,0
"5588","Amsterdam_Center",421,421,421,421,421,421,0,0
"5589","Amsterdam_Zuid",100,100,100,100,100,100,0,0
"5590","Amsterdam_Zuid",145,145,145,145,145,145,0,0
"5591","Amsterdam_West",129,129,129,129,129,129,0,0
"5592","Amsterdam_West",100,100,100,100,100,100,0,0
"5593","Amsterdam_Oost",120,120,120,120,120,120,0,0
"5594","Amsterdam_West",110,110,110,110,110,110,0,0
"5595","Amsterdam_Center",275,275,275,275,275,275,0,0
"5596","Amsterdam_Center",130,130,130,130,130,130,0,0
"5597","Amsterdam_Noord",107,107,107,107,107,107,0,0
"5598","Amsterdam_Zuid",125,125,125,125,125,125,0,0
"5599","Amsterdam_West",126,126,126,126,126,126,0,0
"5600","Amsterdam_West",124,124,124,124,124,124,0,0
"5601","Amsterdam_West",115,115,115,115,115,115,0,0
"5602","Amsterdam_Oost",37,37,37,37,37,37,0,0
"5603","Amsterdam_Oost",129,129,129,129,129,129,0,0
"5604","Amsterdam_Zuid",100,100,100,100,100,100,0,0
"5605","Amsterdam_West",60,60,60,60,60,60,0,0
"5606","Amsterdam_Center",92,91,92,92,93,91,-1,1
"5607","Amsterdam_Center",100,100,100,100,100,100,0,0
"5608","Amsterdam_West",110,110,110,110,110,110,0,0
"5609","Amsterdam_Oost",100,100,100,100,100,100,0,0
"5610","Amsterdam_West",98,98,98,98,98,98,0,0
"5611","Amsterdam_West",85,85,85,85,85,85,0,0
"5612","Amsterdam_West",80,80,80,80,80,80,0,0
"5613","Amsterdam_Oost",280,280,280,280,280,280,0,0
"5614","Amsterdam_Noord",85,85,85,85,85,85,0,0
"5615","Amsterdam_Zuid",95,95,95,95,95,95,0,0
"5616","Amsterdam_Center",89,89,89,89,89,89,0,0
"5617","Amsterdam_Center",99,99,99,99,99,99,0,0
"5618","Amsterdam_Oost",135,135,135,135,135,135,0,0
"5619","Amsterdam_West",100,100,100,100,100,100,0,0
"5620","Amsterdam_Center",170,170,170,170,170,170,0,0
"5621","Amsterdam_Noord",99,99,99,99,99,99,0,0
"5622","Amsterdam_Noord",26,26,26,26,26,26,0,0
"5623","Amsterdam_Oost",99,99,99,99,99,99,0,0
"5624","Amsterdam_Oost",130,130,130,130,130,130,0,0
"5625","Amsterdam_Zuid",125,125,125,125,125,125,0,0
"5626","Amsterdam_Zuid",150,150,150,150,150,150,0,0
"5627","Amsterdam_Zuid",125,125,125,125,125,125,0,0
"5628","Amsterdam_Oost",84,77,85,74,124,103,19,19
"5629","Amsterdam_Zuid",158,158,158,158,158,158,0,0
"5630","Amsterdam_West",175,175,175,175,175,175,0,0
"5631","Amsterdam_Zuidoost",125,125,125,125,125,125,0,0
"5632","Amsterdam_West",69,69,69,69,69,69,0,0
"5633","Amsterdam_Noord",131,131,131,131,131,131,0,0
"5634","Amsterdam_Zuid",150,150,150,150,150,150,0,0
"5635","Amsterdam_Center",123,123,123,123,123,123,0,0
"5636","Amsterdam_Nieuw_west",85,85,85,85,85,85,0,0
"5637","Amsterdam_Nieuw_west",66,66,66,66,66,66,0,0
"5638","Amsterdam_Center",64,64,64,64,64,64,0,0
"5639","Amsterdam_West",80,80,80,80,80,80,0,0
"5640","Amsterdam_West",100,100,100,100,100,100,0,0
"5641","Amsterdam_Zuid",60,60,60,60,60,60,0,0
"5642","Amsterdam_West",179,179,179,179,179,179,0,0
"5643","Amsterdam_Zuid",120,120,120,120,120,120,0,0
"5644","Amsterdam_Zuid",120,120,120,120,120,120,0,0
"5645","Amsterdam_Zuid",99,99,99,99,99,99,0,0
"5646","Amsterdam_Center",454,335,455,457,454,450,-4,4
"5647","Amsterdam_Oost",75,75,75,75,75,75,0,0
"5648","Amsterdam_West",99,99,99,99,99,99,0,0
"5649","Amsterdam_Center",50,50,50,50,50,50,0,0
"5650","Amsterdam_Zuid",110,110,110,110,110,110,0,0
"5651","Amsterdam_Zuid",120,120,120,120,120,120,0,0
"5652","Amsterdam_Center",92,92,92,92,92,92,0,0
"5653","Amsterdam_Center",300,300,300,300,300,300,0,0
"5654","Amsterdam_West",103,103,103,103,103,103,0,0
"5655","Amsterdam_Oost",90,90,90,90,90,90,0,0
"5656","Amsterdam_Zuid",150,150,150,150,150,150,0,0
"5657","Amsterdam_Zuid",138,138,138,138,138,138,0,0
"5658","Amsterdam_Zuid",133,133,133,133,133,133,0,0
"5659","Amsterdam_Oost",51,51,51,51,51,51,0,0
"5660","Amsterdam_West",120,120,120,120,120,120,0,0
"5661","Amsterdam_Noord",33,33,33,33,33,35,2,2
"5662","Amsterdam_Center",140,140,140,140,140,140,0,0
"5663","Amsterdam_Zuid",85,91,85,91,85,85,0,0
"5664","Amsterdam_West",102,102,102,102,102,102,0,0
"5665","Amsterdam_West",60,60,60,60,60,60,0,0
"5666","Amsterdam_West",205,205,205,205,205,205,0,0
"5667","Amsterdam_Zuidoost",90,90,90,90,90,90,0,0
"5668","Amsterdam_West",265,200,150,205,205,205,-60,60
"5669","Amsterdam_Zuid",85,85,85,85,85,85,0,0
"5670","Amsterdam_Zuid",90,90,90,90,90,90,0,0
"5671","Amsterdam_Center",159,159,159,159,159,159,0,0
"5672","Amsterdam_Center",240,240,240,240,240,240,0,0
"5673","Amsterdam_West",122,122,122,122,122,122,0,0
"5674","Amsterdam_West",85,85,85,85,85,85,0,0
"5675","Amsterdam_Oost",49,49,49,49,49,49,0,0
"5676","Amsterdam_Zuid",80,80,80,80,80,80,0,0
"5677","Amsterdam_Oost",119,119,119,119,119,119,0,0
"5678","Amsterdam_West",99,99,99,99,99,99,0,0
"5679","Amsterdam_Center",100,100,100,100,100,100,0,0
"5680","Amsterdam_Oost",123,123,123,123,123,123,0,0
"5681","Amsterdam_Oost",150,150,150,150,150,150,0,0
"5682","Amsterdam_West",120,120,120,120,120,120,0,0
"5683","Amsterdam_Center",150,150,150,150,150,150,0,0
"5684","Amsterdam_West",80,80,80,80,80,80,0,0
"5685","Amsterdam_Center",130,130,130,130,130,130,0,0
"5686","Amsterdam_West",100,100,100,100,100,100,0,0
"5687","Amsterdam_West",89,89,89,89,89,89,0,0
"5688","Amsterdam_West",135,135,135,135,135,135,0,0
"5689","Amsterdam_West",190,190,190,190,190,190,0,0
"5690","Amsterdam_Center",244,150,150,150,135,165,-79,79
"5691","Amsterdam_Zuid",125,125,125,125,125,125,0,0
"5692","Amsterdam_Center",400,400,400,400,400,400,0,0
"5693","Amsterdam_Oost",138,138,138,138,138,138,0,0
"5694","Amsterdam_Zuid",175,175,175,175,175,175,0,0
"5695","Amsterdam_West",140,140,140,140,140,140,0,0
"5696","Amsterdam_Nieuw_west",199,199,199,199,199,199,0,0
"5697","Amsterdam_West",110,110,110,110,110,110,0,0
"5698","Amsterdam_Oost",148,148,148,133,133,129,-19,19
"5699","Amsterdam_West",75,75,75,75,75,75,0,0
"5700","Amsterdam_Zuid",175,175,175,175,175,175,0,0
"5701","Amsterdam_Zuid",140,140,140,140,140,140,0,0
"5702","Amsterdam_Center",69,69,69,69,69,69,0,0
"5703","Amsterdam_Nieuw_west",200,200,200,200,200,200,0,0
"5704","Amsterdam_Zuid",50,50,50,50,50,50,0,0
"5705","Amsterdam_Noord",90,90,90,90,90,90,0,0
"5706","Amsterdam_Oost",95,95,95,95,95,96,1,1
"5707","Amsterdam_Zuid",157,157,157,157,157,157,0,0
"5708","Amsterdam_West",95,95,95,95,95,95,0,0
"5709","Amsterdam_Oost",125,125,125,125,125,125,0,0
"5710","Amsterdam_West",109,109,109,109,109,109,0,0
"5711","Amsterdam_Center",75,75,75,75,75,75,0,0
"5712","Amsterdam_West",250,250,250,250,250,250,0,0
"5713","Amsterdam_Center",319,386,402,395,180,344,25,25
"5714","Amsterdam_West",130,130,130,130,130,130,0,0
"5715","Amsterdam_Zuid",120,120,120,120,120,120,0,0
"5716","Amsterdam_Noord",35,35,35,35,35,35,0,0
"5717","Amsterdam_Center",240,240,229,229,229,229,-11,11
"5718","Amsterdam_Zuid",120,120,120,120,120,120,0,0
"5719","Amsterdam_Center",120,120,120,120,120,120,0,0
"5720","Amsterdam_West",80,80,80,80,80,81,1,1
"5721","Amsterdam_Zuid",75,75,75,75,75,75,0,0
"5722","Amsterdam_West",85,85,85,85,85,85,0,0
"5723","Amsterdam_Zuid",30,30,30,30,30,30,0,0
"5724","Amsterdam_Zuid",145,145,145,145,145,145,0,0
"5725","Amsterdam_West",150,150,150,150,150,150,0,0
"5726","Amsterdam_West",160,160,160,160,160,160,0,0
"5727","Amsterdam_West",110,110,110,110,110,110,0,0
"5728","Amsterdam_Noord",150,150,150,150,150,150,0,0
"5729","Amsterdam_Center",50,50,50,50,50,50,0,0
"5730","Amsterdam_Oost",103,103,103,103,103,103,0,0
"5731","Amsterdam_West",90,90,90,90,90,90,0,0
"5732","Amsterdam_Center",100,100,100,100,100,100,0,0
"5733","Amsterdam_Zuid",109,109,109,109,109,109,0,0
"5734","Amsterdam_Oost",199,199,199,199,199,199,0,0
"5735","Amsterdam_Noord",110,110,110,110,110,110,0,0
"5736","Amsterdam_West",200,200,200,200,200,200,0,0
"5737","Amsterdam_West",120,120,120,120,120,120,0,0
"5738","Amsterdam_West",110,110,110,110,110,110,0,0
"5739","Amsterdam_Center",150,150,150,150,150,150,0,0
"5740","Amsterdam_Zuid",123,123,123,123,123,123,0,0
"5741","Amsterdam_Zuid",125,125,125,125,125,125,0,0
"5742","Amsterdam_West",93,126,127,127,130,130,37,37
"5743","Amsterdam_Nieuw_west",45,45,45,45,45,45,0,0
"5744","Amsterdam_Zuid",130,130,130,130,130,130,0,0
"5745","Amsterdam_Oost",69,69,69,69,69,69,0,0
"5746","Amsterdam_Nieuw_west",400,400,400,400,400,400,0,0
"5747","Amsterdam_Center",158,158,158,158,278,278,120,120
"5748","Amsterdam_Zuid",150,150,150,150,150,150,0,0
"5749","Amsterdam_Oost",100,100,100,100,100,100,0,0
"5750","Amsterdam_Nieuw_west",71,71,71,71,71,71,0,0
"5751","Amsterdam_West",200,200,200,200,200,200,0,0
"5752","Amsterdam_Center",182,182,182,182,182,182,0,0
"5753","Amsterdam_West",59,89,89,89,60,60,1,1
"5754","Amsterdam_Zuid",149,149,149,149,149,149,0,0
"5755","Amsterdam_West",37,37,37,37,37,37,0,0
"5756","Amsterdam_West",150,150,150,150,150,150,0,0
"5757","Amsterdam_Oost",66,66,66,66,66,66,0,0
"5758","Amsterdam_Center",79,79,79,79,79,79,0,0
"5759","Amsterdam_Oost",284,214,223,226,267,444,160,160
"5760","Amsterdam_Oost",199,199,199,199,199,199,0,0
"5761","Amsterdam_Oost",78,78,78,78,78,78,0,0
"5762","Amsterdam_Oost",98,98,98,98,98,98,0,0
"5763","Amsterdam_Oost",150,150,150,150,150,150,0,0
"5764","Amsterdam_Noord",82,82,82,82,82,82,0,0
"5765","Amsterdam_West",150,150,150,150,150,150,0,0
"5766","Amsterdam_Center",95,95,95,95,95,95,0,0
"5767","Amsterdam_Oost",158,158,158,158,158,158,0,0
"5768","Amsterdam_Oost",150,150,150,150,150,150,0,0
"5769","Amsterdam_West",100,100,100,100,100,100,0,0
"5770","Amsterdam_Zuidoost",150,150,150,150,150,150,0,0
"5771","Amsterdam_Nieuw_west",65,65,65,65,65,65,0,0
"5772","Amsterdam_West",100,100,100,100,100,100,0,0
"5773","Amsterdam_West",85,85,85,85,85,85,0,0
"5774","Amsterdam_Zuid",93,93,93,93,93,93,0,0
"5775","Amsterdam_Center",250,250,250,250,250,250,0,0
"5776","Amsterdam_West",125,125,125,125,125,125,0,0
"5777","Amsterdam_Zuid",64,64,64,64,64,67,3,3
"5778","Amsterdam_Center",203,203,203,203,203,203,0,0
"5779","Amsterdam_Oost",80,80,80,80,80,80,0,0
"5780","Amsterdam_Zuid",70,70,70,70,70,70,0,0
"5781","Amsterdam_Center",161,161,161,161,161,161,0,0
"5782","Amsterdam_West",125,125,125,125,125,125,0,0
"5783","Amsterdam_Zuid",120,120,120,120,120,120,0,0
"5784","Amsterdam_Zuid",99,99,99,99,99,99,0,0
"5785","Amsterdam_Center",340,340,340,340,340,340,0,0
"5786","Amsterdam_Nieuw_west",130,130,130,130,130,130,0,0
"5787","Amsterdam_Zuid",75,75,75,75,75,75,0,0
"5788","Amsterdam_Center",99,99,99,99,99,99,0,0
"5789","Amsterdam_West",79,79,79,79,79,79,0,0
"5790","Amsterdam_Oost",70,70,70,70,70,70,0,0
"5791","Amsterdam_Nieuw_west",80,80,80,80,80,80,0,0
"5792","Amsterdam_West",105,105,105,105,105,105,0,0
"5793","Amsterdam_West",98,98,98,98,98,98,0,0
"5794","Amsterdam_Oost",109,109,109,109,109,109,0,0
"5795","Amsterdam_Oost",80,80,80,80,80,80,0,0
"5796","Amsterdam_Center",200,200,200,200,200,200,0,0
"5797","Amsterdam_Oost",65,65,65,65,65,65,0,0
"5798","Amsterdam_Center",160,160,160,160,154,105,-55,55
"5799","Amsterdam_West",99,99,99,99,99,99,0,0
"5800","Amsterdam_Oost",50,50,50,50,50,50,0,0
"5801","Amsterdam_West",99,99,99,99,99,99,0,0
"5802","Amsterdam_West",200,200,200,200,200,200,0,0
"5803","Amsterdam_Zuid",95,95,95,95,95,95,0,0
"5804","Amsterdam_Zuid",100,100,100,100,100,100,0,0
"5805","Amsterdam_West",91,91,91,91,91,91,0,0
"5806","Amsterdam_Zuid",110,110,110,110,110,110,0,0
"5807","Amsterdam_West",85,85,85,85,85,85,0,0
"5808","Amsterdam_Zuid",111,111,111,111,111,111,0,0
"5809","Amsterdam_Noord",190,190,190,190,190,190,0,0
"5810","Amsterdam_West",140,140,140,140,140,140,0,0
"5811","Amsterdam_Oost",100,100,100,100,100,100,0,0
"5812","Amsterdam_Nieuw_west",90,90,90,90,90,90,0,0
"5813","Amsterdam_Center",89,89,89,89,89,89,0,0
"5814","Amsterdam_Zuid",72,72,72,72,72,72,0,0
"5815","Amsterdam_Zuid",300,300,300,300,300,300,0,0
"5816","Amsterdam_Zuid",100,100,100,100,100,100,0,0
"5817","Amsterdam_West",150,150,150,150,150,150,0,0
"5818","Amsterdam_Center",132,132,132,132,132,132,0,0
"5819","Amsterdam_West",132,132,132,132,132,132,0,0
"5820","Amsterdam_West",117,117,117,117,117,117,0,0
"5821","Amsterdam_Center",130,130,130,130,130,130,0,0
"5822","Amsterdam_Oost",150,150,150,150,150,150,0,0
"5823","Amsterdam_Center",63,63,63,63,63,63,0,0
"5824","Amsterdam_Zuid",125,125,125,125,125,125,0,0
"5825","Amsterdam_West",176,185,194,194,170,170,-6,6
"5826","Amsterdam_Zuid",225,225,225,225,225,225,0,0
"5827","Amsterdam_Center",130,130,130,130,130,130,0,0
"5828","Amsterdam_Center",110,110,110,110,110,110,0,0
"5829","Amsterdam_West",82,90,92,91,92,96,14,14
"5830","Amsterdam_Nieuw_west",240,240,240,240,240,240,0,0
"5831","Amsterdam_Center",200,200,200,200,200,200,0,0
"5832","Amsterdam_West",74,75,75,75,75,75,1,1
"5833","Amsterdam_Center",89,89,89,89,89,89,0,0
"5834","Amsterdam_Oost",120,120,120,120,120,120,0,0
"5835","Amsterdam_West",79,79,79,79,79,79,0,0
"5836","Amsterdam_Nieuw_west",142,142,142,142,142,142,0,0
"5837","Amsterdam_Center",180,180,180,180,180,180,0,0
"5838","Amsterdam_Oost",80,80,80,80,80,80,0,0
"5839","Amsterdam_West",195,195,195,195,195,195,0,0
"5840","Amsterdam_Nieuw_west",88,88,88,88,88,88,0,0
"5841","Amsterdam_Noord",130,130,130,130,130,130,0,0
"5842","Amsterdam_Zuid",120,120,120,120,120,120,0,0
"5843","Amsterdam_Oost",131,130,130,130,130,130,-1,1
"5844","Amsterdam_Zuid",79,79,79,79,79,79,0,0
"5845","Amsterdam_Zuid",60,60,60,60,60,60,0,0
"5846","Amsterdam_Zuid",80,80,80,80,80,80,0,0
"5847","Amsterdam_West",95,95,95,95,95,95,0,0
"5848","Amsterdam_Center",110,110,110,110,110,110,0,0
"5849","Amsterdam_West",50,50,50,50,50,50,0,0
"5850","Amsterdam_Nieuw_west",150,150,150,150,150,150,0,0
"5851","Amsterdam_Zuid",200,200,200,200,200,200,0,0
"5852","Amsterdam_Noord",45,45,45,45,45,45,0,0
"5853","Amsterdam_Zuid",62,62,62,62,62,62,0,0
"5854","Amsterdam_Zuid",129,129,129,129,129,129,0,0
"5855","Amsterdam_Center",175,175,175,175,175,175,0,0
"5856","Amsterdam_Oost",180,180,180,180,180,180,0,0
"5857","Amsterdam_Center",110,110,110,110,110,110,0,0
"5858","Amsterdam_Zuid",104,104,104,104,104,104,0,0
"5859","Amsterdam_Center",80,80,80,80,80,80,0,0
"5860","Amsterdam_West",70,70,70,70,70,70,0,0
"5861","Amsterdam_West",200,200,200,200,200,200,0,0
"5862","Amsterdam_West",99,74,74,74,99,99,0,0
"5863","Amsterdam_Center",125,125,125,125,125,125,0,0
"5864","Amsterdam_West",110,110,110,110,110,110,0,0
"5865","Amsterdam_West",220,220,220,220,120,200,-20,20
"5866","Amsterdam_Zuid",500,500,500,500,500,500,0,0
"5867","Amsterdam_Center",150,150,150,150,150,150,0,0
"5868","Amsterdam_Center",210,210,210,210,210,210,0,0
"5869","Amsterdam_West",50,50,50,50,50,50,0,0
"5870","Amsterdam_Noord",149,149,149,149,149,149,0,0
"5871","Amsterdam_Zuid",145,145,145,145,145,145,0,0
"5872","Amsterdam_Oost",95,95,95,95,95,95,0,0
"5873","Amsterdam_Oost",120,120,120,120,120,120,0,0
"5874","Amsterdam_West",130,130,130,130,130,130,0,0
"5875","Amsterdam_West",75,75,75,75,75,75,0,0
"5876","Amsterdam_Zuid",69,91,91,91,91,91,22,22
"5877","Amsterdam_Zuid",100,100,100,100,100,100,0,0
"5878","Amsterdam_West",65,65,65,65,65,65,0,0
"5879","Amsterdam_Noord",175,175,175,175,175,175,0,0
"5880","Amsterdam_Zuid",166,166,166,166,166,166,0,0
"5881","Amsterdam_Zuidoost",75,75,75,75,75,75,0,0
"5882","Amsterdam_Center",70,70,70,70,70,70,0,0
"5883","Amsterdam_West",110,110,110,110,110,110,0,0
"5884","Amsterdam_West",80,80,80,80,80,80,0,0
"5885","Amsterdam_Noord",105,105,105,105,105,105,0,0
"5886","Amsterdam_Oost",75,75,75,75,100,100,25,25
"5887","Amsterdam_Zuid",120,120,120,120,120,120,0,0
"5888","Amsterdam_Oost",194,194,194,194,194,194,0,0
"5889","Amsterdam_Nieuw_west",65,65,65,65,65,65,0,0
"5890","Amsterdam_Center",71,120,120,120,120,120,49,49
"5891","Amsterdam_Noord",159,159,159,159,159,159,0,0
"5892","Amsterdam_Zuid",270,170,170,170,170,170,-100,100
"5893","Amsterdam_Center",165,165,130,150,150,175,10,10
"5894","Amsterdam_Zuid",100,100,100,100,100,100,0,0
"5895","Amsterdam_Oost",90,90,90,90,90,90,0,0
"5896","Amsterdam_Oost",80,80,80,80,80,80,0,0
"5897","Amsterdam_Zuid",247,247,247,247,247,247,0,0
"5898","Amsterdam_Oost",150,150,150,150,150,150,0,0
"5899","Amsterdam_Center",215,420,180,215,215,215,0,0
"5900","Amsterdam_Oost",80,80,80,80,80,80,0,0
"5901","Amsterdam_Oost",80,80,80,80,80,80,0,0
"5902","Amsterdam_Oost",85,85,85,85,85,85,0,0
"5903","Amsterdam_West",80,80,80,80,80,80,0,0
"5904","Amsterdam_West",95,95,95,95,95,95,0,0
"5905","Amsterdam_Zuid",130,130,130,130,130,130,0,0
"5906","Amsterdam_Center",464,464,464,464,464,464,0,0
"5907","Amsterdam_West",200,200,200,200,200,200,0,0
"5908","Amsterdam_Nieuw_west",65,65,65,65,65,65,0,0
"5909","Amsterdam_Nieuw_west",100,100,100,100,100,100,0,0
"5910","Amsterdam_West",215,215,215,215,215,215,0,0
"5911","Amsterdam_West",60,60,60,60,60,60,0,0
"5912","Amsterdam_Oost",77,120,120,99,120,120,43,43
"5913","Amsterdam_Center",220,220,220,220,220,220,0,0
"5914","Amsterdam_Zuid",98,98,98,98,98,98,0,0
"5915","Amsterdam_West",90,90,90,90,90,90,0,0
"5916","Amsterdam_Center",150,150,150,150,150,150,0,0
"5917","Amsterdam_Nieuw_west",130,130,130,130,130,130,0,0
"5918","Amsterdam_Noord",95,95,95,95,95,95,0,0
"5919","Amsterdam_Zuid",210,210,210,210,210,210,0,0
"5920","Amsterdam_Center",150,150,150,150,150,150,0,0
"5921","Amsterdam_West",95,95,95,95,95,95,0,0
"5922","Amsterdam_Center",100,100,100,100,100,100,0,0
"5923","Amsterdam_Zuid",160,160,160,160,160,160,0,0
"5924","Amsterdam_Center",110,110,110,110,110,110,0,0
"5925","Amsterdam_West",99,99,99,99,99,99,0,0
"5926","Amsterdam_West",110,110,110,110,110,110,0,0
"5927","Amsterdam_Noord",111,111,111,111,111,111,0,0
"5928","Amsterdam_Nieuw_west",80,80,80,80,80,80,0,0
"5929","Amsterdam_Oost",111,111,111,111,111,111,0,0
"5930","Amsterdam_Noord",120,120,120,120,120,120,0,0
"5931","Amsterdam_Center",135,135,135,135,135,135,0,0
"5932","Amsterdam_Zuid",17,16,17,17,17,16,-1,1
"5933","Amsterdam_West",79,89,89,89,79,109,30,30
"5934","Amsterdam_Center",450,450,450,450,450,450,0,0
"5935","Amsterdam_West",245,245,245,245,245,245,0,0
"5936","Amsterdam_Center",186,133,133,133,133,133,-53,53
"5937","Amsterdam_West",85,85,85,85,85,85,0,0
"5938","Amsterdam_West",100,100,100,100,100,100,0,0
"5939","Amsterdam_West",140,140,140,140,140,140,0,0
"5940","Amsterdam_West",160,160,160,160,160,160,0,0
"5941","Amsterdam_Oost",80,80,80,80,80,80,0,0
"5942","Amsterdam_West",120,120,120,120,120,120,0,0
"5943","Amsterdam_Center",112,112,112,112,112,112,0,0
"5944","Amsterdam_West",150,150,150,150,150,150,0,0
"5945","Amsterdam_West",237,237,237,237,237,237,0,0
"5946","Amsterdam_Center",125,125,125,125,125,125,0,0
"5947","Amsterdam_Center",122,122,122,122,122,122,0,0
"5948","Amsterdam_Center",120,120,120,120,120,120,0,0
"5949","Amsterdam_Nieuw_west",121,121,121,121,121,121,0,0
"5950","Amsterdam_West",200,200,200,200,200,200,0,0
"5951","Amsterdam_Zuid",75,75,75,75,75,75,0,0
"5952","Amsterdam_Zuid",139,139,139,139,139,139,0,0
"5953","Amsterdam_Zuid",190,190,190,190,190,190,0,0
"5954","Amsterdam_Nieuw_west",35,35,35,35,35,35,0,0
"5955","Amsterdam_Oost",246,191,192,170,170,170,-76,76
"5956","Amsterdam_Zuid",100,100,100,100,100,100,0,0
"5957","Amsterdam_Oost",40,40,40,40,40,40,0,0
"5958","Amsterdam_Zuid",138,138,138,138,138,138,0,0
"5959","Amsterdam_Center",125,125,125,125,125,125,0,0
"5960","Amsterdam_West",175,175,175,175,175,175,0,0
"5961","Amsterdam_Zuid",68,72,84,76,93,98,30,30
"5962","Amsterdam_Zuidoost",55,55,55,55,55,55,0,0
"5963","Amsterdam_West",100,100,100,100,100,100,0,0
"5964","Amsterdam_Zuid",120,120,120,120,120,120,0,0
"5965","Amsterdam_Zuid",180,180,180,180,180,180,0,0
"5966","Amsterdam_Oost",80,80,80,80,80,80,0,0
"5967","Amsterdam_Center",100,100,100,100,100,100,0,0
"5968","Amsterdam_West",150,150,150,150,150,150,0,0
"5969","Amsterdam_West",100,100,100,100,100,100,0,0
"5970","Amsterdam_Nieuw_west",50,50,50,50,50,50,0,0
"5971","Amsterdam_Zuid",70,70,70,70,70,70,0,0
"5972","Amsterdam_Zuid",50,50,50,50,50,50,0,0
"5973","Amsterdam_Center",99,99,99,99,99,99,0,0
"5974","Amsterdam_Zuid",220,220,220,220,220,220,0,0
"5975","Amsterdam_Zuid",90,90,90,90,90,90,0,0
"5976","Amsterdam_Zuid",130,130,130,130,130,130,0,0
"5977","Amsterdam_Nieuw_west",75,75,75,75,75,75,0,0
"5978","Amsterdam_West",108,108,108,108,108,108,0,0
"5979","Amsterdam_Center",700,700,700,700,700,700,0,0
"5980","Amsterdam_Zuid",60,60,60,60,60,60,0,0
"5981","Amsterdam_Zuid",110,110,110,110,110,110,0,0
"5982","Amsterdam_West",195,195,195,195,195,195,0,0
"5983","Amsterdam_Center",150,150,150,150,150,150,0,0
"5984","Amsterdam_Center",290,290,290,290,290,290,0,0
"5985","Amsterdam_Oost",199,199,199,199,199,199,0,0
"5986","Amsterdam_West",150,150,150,150,150,150,0,0
"5987","Amsterdam_Oost",125,125,125,125,125,125,0,0
"5988","Amsterdam_West",99,99,99,99,99,99,0,0
"5989","Amsterdam_Zuid",200,200,200,200,200,200,0,0
"5990","Amsterdam_Zuid",28,28,28,28,28,28,0,0
"5991","Amsterdam_West",90,90,90,90,90,90,0,0
"5992","Amsterdam_Center",155,155,155,155,155,155,0,0
"5993","Amsterdam_Oost",62,62,62,62,62,62,0,0
"5994","Amsterdam_Center",225,225,225,225,225,225,0,0
"5995","Amsterdam_Noord",70,70,70,70,70,70,0,0
"5996","Amsterdam_Zuid",120,120,120,120,100,100,-20,20
"5997","Amsterdam_Center",160,160,160,160,160,160,0,0
"5998","Amsterdam_West",99,99,99,99,99,99,0,0
"5999","Amsterdam_Oost",199,199,199,199,199,199,0,0
"6000","Amsterdam_Zuid",60,60,60,60,60,60,0,0
"6001","Amsterdam_Nieuw_west",105,105,105,105,105,105,0,0
"6002","Amsterdam_Nieuw_west",79,79,79,79,79,79,0,0
"6003","Amsterdam_West",55,55,55,55,55,55,0,0
"6004","Amsterdam_Zuid",89,89,89,89,89,89,0,0
"6005","Amsterdam_Oost",80,80,80,80,80,80,0,0
"6006","Amsterdam_Zuid",140,140,140,140,140,140,0,0
"6007","Amsterdam_West",110,110,110,110,110,110,0,0
"6008","Amsterdam_Zuid",70,70,70,70,70,70,0,0
"6009","Amsterdam_West",187,198,198,198,198,198,11,11
"6010","Amsterdam_Nieuw_west",75,75,75,75,75,75,0,0
"6011","Amsterdam_Nieuw_west",76,76,76,76,76,76,0,0
"6012","Amsterdam_Center",99,79,78,88,81,96,-3,3
"6013","Amsterdam_Center",78,70,70,73,60,65,-13,13
"6014","Amsterdam_Oost",100,100,100,100,100,100,0,0
"6015","Amsterdam_Zuid",186,186,186,186,186,186,0,0
"6016","Amsterdam_West",110,110,110,110,110,110,0,0
"6017","Amsterdam_Center",120,120,120,120,120,120,0,0
"6018","Amsterdam_Oost",100,100,100,100,100,100,0,0
"6019","Amsterdam_West",75,75,75,75,75,75,0,0
"6020","Amsterdam_Oost",85,85,85,85,85,85,0,0
"6021","Amsterdam_Noord",329,329,329,329,329,329,0,0
"6022","Amsterdam_Zuid",140,140,140,140,140,140,0,0
"6023","Amsterdam_Noord",377,377,377,250,275,377,0,0
"6024","Amsterdam_Zuid",100,100,100,100,100,100,0,0
"6025","Amsterdam_Zuid",250,250,250,250,250,250,0,0
"6026","Amsterdam_Nieuw_west",65,65,65,65,65,65,0,0
"6027","Amsterdam_West",84,84,84,84,84,84,0,0
"6028","Amsterdam_Noord",110,110,110,110,110,110,0,0
"6029","Amsterdam_Zuid",50,50,50,50,50,50,0,0
"6030","Amsterdam_Center",350,350,350,350,350,350,0,0
"6031","Amsterdam_Zuid",350,350,350,350,350,350,0,0
"6032","Amsterdam_Center",75,75,75,75,75,75,0,0
"6033","Amsterdam_West",90,90,90,90,90,90,0,0
"6034","Amsterdam_Noord",75,75,75,75,75,75,0,0
"6035","Amsterdam_Center",60,60,60,60,60,61,1,1
"6036","Amsterdam_West",271,271,271,271,271,271,0,0
"6037","Amsterdam_Zuid",395,395,395,395,395,395,0,0
"6038","Amsterdam_Zuid",107,107,107,107,107,107,0,0
"6039","Amsterdam_Center",100,100,100,100,100,100,0,0
"6040","Amsterdam_Center",158,158,158,158,158,158,0,0
"6041","Amsterdam_Noord",100,100,100,100,100,100,0,0
"6042","Amsterdam_Nieuw_west",323,323,323,323,323,323,0,0
"6043","Amsterdam_Nieuw_west",55,55,55,55,55,55,0,0
"6044","Amsterdam_Zuid",199,199,199,199,199,199,0,0
"6045","Amsterdam_West",110,110,110,110,110,121,11,11
"6046","Amsterdam_West",108,108,108,108,108,108,0,0
"6047","Amsterdam_Center",135,135,135,135,135,135,0,0
"6048","Amsterdam_West",200,200,200,200,200,200,0,0
"6049","Amsterdam_Zuid",249,249,249,249,249,249,0,0
"6050","Amsterdam_West",125,125,125,125,125,125,0,0
"6051","Amsterdam_West",120,120,120,120,120,120,0,0
"6052","Amsterdam_Noord",75,75,75,75,75,75,0,0
"6053","Amsterdam_Center",130,130,130,130,130,130,0,0
"6054","Amsterdam_West",139,139,139,139,139,139,0,0
"6055","Amsterdam_Zuid",213,213,213,213,213,213,0,0
"6056","Amsterdam_Zuid",70,70,70,70,70,70,0,0
"6057","Amsterdam_Center",160,160,160,160,160,160,0,0
"6058","Amsterdam_West",125,125,125,125,125,125,0,0
"6059","Amsterdam_Zuid",180,180,180,180,180,180,0,0
"6060","Amsterdam_Center",130,130,130,130,130,130,0,0
"6061","Amsterdam_West",100,100,100,100,100,100,0,0
"6062","Amsterdam_Zuid",49,49,49,49,49,49,0,0
"6063","Amsterdam_Center",80,80,80,80,80,80,0,0
"6064","Amsterdam_Zuid",225,225,225,225,225,225,0,0
"6065","Amsterdam_West",166,166,166,166,166,166,0,0
"6066","Amsterdam_West",55,55,55,55,75,59,4,4
"6067","Amsterdam_Zuid",170,170,170,170,170,170,0,0
"6068","Amsterdam_West",93,93,93,93,93,93,0,0
"6069","Amsterdam_West",75,75,75,75,75,75,0,0
"6070","Amsterdam_West",95,95,95,95,95,95,0,0
"6071","Amsterdam_West",200,200,200,200,200,200,0,0
"6072","Amsterdam_Zuid",110,110,110,110,110,110,0,0
"6073","Amsterdam_West",71,91,91,91,91,91,20,20
"6074","Amsterdam_Zuid",95,95,95,95,95,95,0,0
"6075","Amsterdam_Zuidoost",44,44,44,44,44,44,0,0
"6076","Amsterdam_Noord",175,175,175,175,175,175,0,0
"6077","Amsterdam_West",89,89,89,89,89,89,0,0
"6078","Amsterdam_Zuid",350,350,350,350,350,350,0,0
"6079","Amsterdam_West",100,100,100,100,100,100,0,0
"6080","Amsterdam_Oost",160,160,160,160,160,160,0,0
"6081","Amsterdam_Center",350,350,350,350,350,350,0,0
"6082","Amsterdam_West",120,120,120,120,120,120,0,0
"6083","Amsterdam_Oost",101,101,101,101,101,101,0,0
"6084","Amsterdam_Zuid",139,139,139,139,139,139,0,0
"6085","Amsterdam_Center",150,150,150,150,150,150,0,0
"6086","Amsterdam_Nieuw_west",50,50,50,50,50,50,0,0
"6087","Amsterdam_Zuidoost",71,71,71,71,71,71,0,0
"6088","Amsterdam_Center",399,328,328,328,328,328,-71,71
"6089","Amsterdam_Center",80,80,80,80,80,80,0,0
"6090","Amsterdam_Center",90,90,90,90,90,90,0,0
"6091","Amsterdam_West",100,100,100,100,100,100,0,0
"6092","Amsterdam_West",80,80,80,80,80,80,0,0
"6093","Amsterdam_West",165,165,165,165,165,165,0,0
"6094","Amsterdam_Center",353,275,276,310,75,75,-278,278
"6095","Amsterdam_West",200,200,200,200,200,200,0,0
"6096","Amsterdam_Oost",150,150,150,150,150,150,0,0
"6097","Amsterdam_Oost",149,149,149,149,149,149,0,0
"6098","Amsterdam_West",160,160,160,160,160,160,0,0
"6099","Amsterdam_Oost",70,70,70,70,70,70,0,0
"6100","Amsterdam_Zuid",89,89,89,89,89,89,0,0
"6101","Amsterdam_Oost",150,150,150,150,150,150,0,0
"6102","Amsterdam_Center",90,90,90,90,90,90,0,0
"6103","Amsterdam_Center",140,140,140,140,140,140,0,0
"6104","Amsterdam_West",120,120,120,120,120,120,0,0
"6105","Amsterdam_Zuid",98,98,98,98,98,98,0,0
"6106","Amsterdam_Nieuw_west",80,80,68,80,80,80,0,0
"6107","Amsterdam_West",100,100,100,100,100,100,0,0
"6108","Amsterdam_Oost",125,125,125,125,125,125,0,0
"6109","Amsterdam_Zuid",189,189,189,189,189,189,0,0
"6110","Amsterdam_West",89,89,89,89,89,89,0,0
"6111","Amsterdam_Zuid",150,150,150,150,150,150,0,0
"6112","Amsterdam_Oost",120,120,120,120,120,120,0,0
"6113","Amsterdam_Center",125,125,125,125,125,125,0,0
"6114","Amsterdam_Zuidoost",152,152,152,152,152,152,0,0
"6115","Amsterdam_Nieuw_west",48,48,48,48,48,48,0,0
"6116","Amsterdam_Nieuw_west",100,100,100,100,100,100,0,0
"6117","Amsterdam_Oost",150,150,150,150,150,150,0,0
"6118","Amsterdam_Zuid",250,250,250,250,250,250,0,0
"6119","Amsterdam_West",200,100,200,200,200,200,0,0
"6120","Amsterdam_West",110,110,110,110,110,110,0,0
"6121","Amsterdam_Oost",49,49,49,49,49,49,0,0
"6122","Amsterdam_Oost",165,165,165,165,165,165,0,0
"6123","Amsterdam_West",79,79,79,79,79,79,0,0
"6124","Amsterdam_Center",100,100,100,100,100,100,0,0
"6125","Amsterdam_West",180,180,180,180,180,180,0,0
"6126","Amsterdam_West",95,95,95,95,95,95,0,0
"6127","Amsterdam_West",115,115,115,115,115,115,0,0
"6128","Amsterdam_Zuid",120,120,120,120,120,120,0,0
"6129","Amsterdam_West",186,186,186,186,186,186,0,0
"6130","Amsterdam_West",124,124,124,124,124,124,0,0
"6131","Amsterdam_Zuid",248,325,325,325,325,325,77,77
"6132","Amsterdam_Zuid",55,55,55,45,45,55,0,0
"6133","Amsterdam_Center",139,139,139,139,139,139,0,0
"6134","Amsterdam_West",286,286,286,286,286,286,0,0
"6135","Amsterdam_Zuid",44,44,44,44,44,44,0,0
"6136","Amsterdam_Oost",82,82,82,82,82,82,0,0
"6137","Amsterdam_West",109,109,109,109,109,109,0,0
"6138","Amsterdam_Center",105,105,105,105,105,105,0,0
"6139","Amsterdam_Oost",400,400,400,400,400,400,0,0
"6140","Amsterdam_Oost",149,149,149,149,149,149,0,0
"6141","Amsterdam_Zuid",56,56,56,57,57,56,0,0
"6142","Amsterdam_Oost",150,150,150,150,150,150,0,0
"6143","Amsterdam_Oost",99,99,99,99,99,99,0,0
"6144","Amsterdam_Oost",99,99,99,99,120,129,30,30
"6145","Amsterdam_West",80,80,80,80,80,80,0,0
"6146","Amsterdam_West",240,240,240,240,240,240,0,0
"6147","Amsterdam_Nieuw_west",65,65,65,65,65,65,0,0
"6148","Amsterdam_Noord",110,110,110,110,110,110,0,0
"6149","Amsterdam_Oost",120,120,120,120,120,120,0,0
"6150","Amsterdam_Zuid",180,180,180,180,180,180,0,0
"6151","Amsterdam_Zuid",230,230,230,230,230,230,0,0
"6152","Amsterdam_West",120,120,120,120,120,120,0,0
"6153","Amsterdam_Center",225,225,225,225,225,225,0,0
"6154","Amsterdam_West",110,110,110,110,110,110,0,0
"6155","Amsterdam_Zuid",101,101,101,101,101,101,0,0
"6156","Amsterdam_Zuid",160,160,160,160,160,160,0,0
"6157","Amsterdam_West",122,122,122,122,122,122,0,0
"6158","Amsterdam_Nieuw_west",35,35,35,35,35,35,0,0
"6159","Amsterdam_West",140,140,140,140,140,140,0,0
"6160","Amsterdam_Zuid",79,79,79,79,79,79,0,0
"6161","Amsterdam_West",75,75,75,75,75,75,0,0
"6162","Amsterdam_Oost",90,90,90,90,90,90,0,0
"6163","Amsterdam_West",120,120,120,120,120,120,0,0
"6164","Amsterdam_West",70,70,70,70,70,70,0,0
"6165","Amsterdam_Oost",96,96,96,96,96,96,0,0
"6166","Amsterdam_Noord",145,145,145,145,145,145,0,0
"6167","Amsterdam_Oost",100,100,100,100,100,100,0,0
"6168","Amsterdam_Center",320,320,320,250,299,324,4,4
"6169","Amsterdam_Zuid",100,100,100,100,100,100,0,0
"6170","Amsterdam_Center",395,395,395,395,395,395,0,0
"6171","Amsterdam_West",150,150,150,150,150,150,0,0
"6172","Amsterdam_West",60,60,60,60,60,60,0,0
"6173","Amsterdam_West",130,130,130,130,130,130,0,0
"6174","Amsterdam_West",95,95,95,95,95,95,0,0
"6175","Amsterdam_West",150,150,150,150,150,150,0,0
"6176","Amsterdam_West",190,190,190,190,190,190,0,0
"6177","Amsterdam_West",120,120,120,120,120,120,0,0
"6178","Amsterdam_West",80,80,80,80,80,80,0,0
"6179","Amsterdam_Zuid",95,95,95,95,95,95,0,0
"6180","Amsterdam_Oost",99,99,99,99,99,99,0,0
"6181","Amsterdam_Oost",175,175,175,175,175,175,0,0
"6182","Amsterdam_Nieuw_west",60,60,60,60,60,60,0,0
"6183","Amsterdam_Zuid",125,125,125,125,125,125,0,0
"6184","Amsterdam_West",86,86,86,86,86,86,0,0
"6185","Amsterdam_Zuid",125,125,125,125,125,125,0,0
"6186","Amsterdam_West",121,121,121,121,121,121,0,0
"6187","Amsterdam_Center",130,130,130,130,130,105,-25,25
"6188","Amsterdam_Center",93,93,93,93,93,93,0,0
"6189","Amsterdam_Oost",80,80,80,80,80,80,0,0
"6190","Amsterdam_Center",250,214,214,214,214,214,-36,36
"6191","Amsterdam_Zuid",218,218,218,218,218,218,0,0
"6192","Amsterdam_West",150,150,150,150,150,150,0,0
"6193","Amsterdam_Oost",427,427,427,427,427,427,0,0
"6194","Amsterdam_West",211,211,211,211,211,211,0,0
"6195","Amsterdam_West",128,119,105,105,119,119,-9,9
"6196","Amsterdam_Zuid",185,185,185,185,185,185,0,0
"6197","Amsterdam_Center",61,42,39,36,43,99,38,38
"6198","Amsterdam_Center",185,185,185,185,185,185,0,0
"6199","Amsterdam_West",75,75,75,75,75,75,0,0
"6200","Amsterdam_West",135,135,135,135,135,135,0,0
"6201","Amsterdam_West",100,100,125,125,125,100,0,0
"6202","Amsterdam_West",99,99,99,99,99,99,0,0
"6203","Amsterdam_West",80,80,80,80,80,80,0,0
"6204","Amsterdam_Oost",99,99,99,99,99,99,0,0
"6205","Amsterdam_West",130,130,130,130,130,130,0,0
"6206","Amsterdam_Center",195,195,195,195,195,195,0,0
"6207","Amsterdam_Zuid",154,154,154,154,154,154,0,0
"6208","Amsterdam_Nieuw_west",90,80,80,80,80,80,-10,10
"6209","Amsterdam_West",85,85,85,85,85,85,0,0
"6210","Amsterdam_Oost",100,100,100,100,100,100,0,0
"6211","Amsterdam_Zuid",125,125,125,125,125,125,0,0
"6212","Amsterdam_West",240,240,240,240,240,240,0,0
"6213","Amsterdam_West",89,89,89,89,89,89,0,0
"6214","Amsterdam_West",126,126,126,126,126,126,0,0
"6215","Amsterdam_West",136,136,136,136,136,136,0,0
"6216","Amsterdam_Center",75,75,75,75,75,81,6,6
"6217","Amsterdam_Center",136,136,136,136,136,136,0,0
"6218","Amsterdam_West",66,66,66,66,66,66,0,0
"6219","Amsterdam_West",150,150,150,150,150,150,0,0
"6220","Amsterdam_West",200,200,200,200,200,200,0,0
"6221","Amsterdam_Nieuw_west",109,109,109,109,109,109,0,0
"6222","Amsterdam_Center",160,150,150,150,150,150,-10,10
"6223","Amsterdam_Noord",76,76,76,76,76,76,0,0
"6224","Amsterdam_West",60,60,60,60,60,60,0,0
"6225","Amsterdam_West",85,85,85,85,85,85,0,0
"6226","Amsterdam_West",320,320,320,320,290,290,-30,30
"6227","Amsterdam_Nieuw_west",149,149,149,149,149,149,0,0
"6228","Amsterdam_Zuid",400,400,400,400,400,386,-14,14
"6229","Amsterdam_Noord",60,60,60,60,60,60,0,0
"6230","Amsterdam_Center",1160,1160,1160,1160,1160,1160,0,0
"6231","Amsterdam_West",50,50,50,50,50,50,0,0
"6232","Amsterdam_Zuid",135,135,135,135,135,135,0,0
"6233","Amsterdam_Noord",67,67,67,67,67,67,0,0
"6234","Amsterdam_West",177,177,177,177,177,177,0,0
"6235","Amsterdam_West",225,225,225,225,225,225,0,0
"6236","Amsterdam_Center",250,250,250,250,250,250,0,0
"6237","Amsterdam_Oost",235,413,413,413,413,413,178,178
"6238","Amsterdam_West",150,150,150,150,150,150,0,0
"6239","Amsterdam_West",89,89,89,89,89,89,0,0
"6240","Amsterdam_Oost",18,18,18,18,18,18,0,0
"6241","Amsterdam_West",120,120,120,120,120,120,0,0
"6242","Amsterdam_Oost",79,79,79,79,79,79,0,0
"6243","Amsterdam_Oost",85,85,85,85,85,85,0,0
"6244","Amsterdam_West",140,140,140,140,140,140,0,0
"6245","Amsterdam_Zuid",75,75,75,75,75,75,0,0
"6246","Amsterdam_Zuid",120,120,120,120,120,120,0,0
"6247","Amsterdam_Oost",140,140,140,140,140,140,0,0
"6248","Amsterdam_Center",299,299,299,299,299,299,0,0
"6249","Amsterdam_Zuid",105,105,105,105,105,105,0,0
"6250","Amsterdam_Oost",118,118,118,118,118,118,0,0
"6251","Amsterdam_West",150,150,150,150,150,150,0,0
"6252","Amsterdam_Zuid",154,175,175,175,175,175,21,21
"6253","Amsterdam_Center",70,75,75,75,75,75,5,5
"6254","Amsterdam_Oost",90,90,90,90,90,90,0,0
"6255","Amsterdam_West",90,90,90,90,90,90,0,0
"6256","Amsterdam_Center",276,276,276,276,276,276,0,0
"6257","Amsterdam_Zuid",85,85,85,85,85,85,0,0
"6258","Amsterdam_West",60,51,50,50,50,50,-10,10
"6259","Amsterdam_Oost",123,123,123,123,123,123,0,0
"6260","Amsterdam_Center",106,106,106,106,106,106,0,0
"6261","Amsterdam_Oost",115,115,115,115,115,115,0,0
"6262","Amsterdam_West",70,70,70,70,70,70,0,0
"6263","Amsterdam_Noord",175,175,175,175,175,175,0,0
"6264","Amsterdam_Center",85,85,85,85,85,85,0,0
"6265","Amsterdam_Noord",150,150,150,150,150,150,0,0
"6266","Amsterdam_Oost",125,125,125,125,125,125,0,0
"6267","Amsterdam_Center",300,300,300,300,300,300,0,0
"6268","Amsterdam_Zuid",126,126,126,126,126,126,0,0
"6269","Amsterdam_Oost",200,200,200,200,200,200,0,0
"6270","Amsterdam_Zuid",110,110,110,110,110,110,0,0
"6271","Amsterdam_Zuid",99,99,99,99,99,99,0,0
"6272","Amsterdam_West",115,115,115,115,115,115,0,0
"6273","Amsterdam_West",80,80,80,80,80,80,0,0
"6274","Amsterdam_Center",221,221,221,221,221,221,0,0
"6275","Amsterdam_Zuid",110,110,110,110,110,110,0,0
"6276","Amsterdam_Zuid",228,250,250,250,250,250,22,22
"6277","Amsterdam_Oost",82,82,82,82,82,82,0,0
"6278","Amsterdam_Oost",44,44,44,44,44,44,0,0
"6279","Amsterdam_Oost",59,59,59,59,59,59,0,0
"6280","Amsterdam_Zuid",95,95,95,95,95,95,0,0
"6281","Amsterdam_West",160,160,160,160,160,160,0,0
"6282","Amsterdam_West",180,180,180,180,180,180,0,0
"6283","Amsterdam_West",85,85,85,85,85,85,0,0
"6284","Amsterdam_Oost",250,250,250,250,250,250,0,0
"6285","Amsterdam_West",56,56,56,56,56,57,1,1
"6286","Amsterdam_Zuid",155,155,155,155,155,155,0,0
"6287","Amsterdam_Center",120,120,120,120,120,120,0,0
"6288","Amsterdam_Zuid",90,90,90,90,90,90,0,0
"6289","Amsterdam_Center",130,130,130,130,130,130,0,0
"6290","Amsterdam_Zuid",110,110,110,110,110,110,0,0
"6291","Amsterdam_Zuid",175,175,175,175,175,175,0,0
"6292","Amsterdam_Center",150,150,150,150,150,150,0,0
"6293","Amsterdam_Noord",150,150,150,150,150,150,0,0
"6294","Amsterdam_Zuid",350,350,350,350,350,350,0,0
"6295","Amsterdam_Center",150,150,150,150,150,150,0,0
"6296","Amsterdam_West",72,70,72,70,70,70,-2,2
"6297","Amsterdam_Zuid",90,90,90,90,90,90,0,0
"6298","Amsterdam_West",90,90,90,90,90,90,0,0
"6299","Amsterdam_Oost",36,40,55,55,35,35,-1,1
"6300","Amsterdam_Nieuw_west",60,60,60,60,60,60,0,0
"6301","Amsterdam_Zuid",106,106,106,106,106,106,0,0
"6302","Amsterdam_Zuid",86,86,86,86,86,86,0,0
"6303","Amsterdam_Oost",36,36,36,36,36,36,0,0
"6304","Amsterdam_West",92,92,92,92,92,92,0,0
"6305","Amsterdam_West",108,108,108,108,108,108,0,0
"6306","Amsterdam_Zuid",75,75,75,75,75,77,2,2
"6307","Amsterdam_Center",155,155,155,155,155,155,0,0
"6308","Amsterdam_Zuid",150,150,150,150,150,150,0,0
"6309","Amsterdam_West",150,150,150,176,451,527,377,377
"6310","Amsterdam_West",100,100,100,100,100,100,0,0
"6311","Amsterdam_West",115,115,115,115,115,115,0,0
"6312","Amsterdam_Zuid",190,190,190,190,190,190,0,0
"6313","Amsterdam_West",215,215,215,215,215,215,0,0
"6314","Amsterdam_West",95,95,95,95,95,95,0,0
"6315","Amsterdam_West",70,70,70,70,70,70,0,0
"6316","Amsterdam_Oost",105,105,105,105,105,105,0,0
"6317","Amsterdam_Nieuw_west",210,210,210,210,210,210,0,0
"6318","Amsterdam_Oost",155,155,155,155,155,155,0,0
"6319","Amsterdam_West",180,180,180,180,180,180,0,0
"6320","Amsterdam_West",120,120,120,120,120,120,0,0
"6321","Amsterdam_Oost",185,185,185,185,185,185,0,0
"6322","Amsterdam_West",195,225,229,195,195,195,0,0
"6323","Amsterdam_Zuid",119,119,119,119,119,119,0,0
"6324","Amsterdam_Zuid",185,185,185,185,185,185,0,0
"6325","Amsterdam_Noord",121,115,115,115,115,115,-6,6
"6326","Amsterdam_Zuid",319,319,319,319,319,319,0,0
"6327","Amsterdam_Oost",117,117,117,117,117,117,0,0
"6328","Amsterdam_Oost",195,195,195,195,195,195,0,0
"6329","Amsterdam_Zuid",90,90,90,90,90,90,0,0
"6330","Amsterdam_Zuid",175,175,175,175,175,175,0,0
"6331","Amsterdam_Oost",400,400,400,400,400,400,0,0
"6332","Amsterdam_West",130,130,130,130,130,130,0,0
"6333","Amsterdam_West",79,79,79,79,79,79,0,0
"6334","Amsterdam_West",90,90,90,90,90,90,0,0
"6335","Amsterdam_Oost",85,85,85,85,85,85,0,0
"6336","Amsterdam_Center",150,150,150,150,150,150,0,0
"6337","Amsterdam_West",130,130,130,130,130,130,0,0
"6338","Amsterdam_Center",300,300,300,300,300,300,0,0
"6339","Amsterdam_Center",295,309,295,295,295,295,0,0
"6340","Amsterdam_West",81,81,81,81,81,81,0,0
"6341","Amsterdam_Zuid",114,100,100,100,100,100,-14,14
"6342","Amsterdam_Center",239,239,239,264,302,354,115,115
"6343","Amsterdam_Noord",119,119,119,119,119,119,0,0
"6344","Amsterdam_Oost",119,119,119,119,119,119,0,0
"6345","Amsterdam_West",95,95,95,95,95,95,0,0
"6346","Amsterdam_West",79,79,79,79,79,79,0,0
"6347","Amsterdam_Center",115,115,115,115,115,115,0,0
"6348","Amsterdam_Oost",87,87,87,87,87,87,0,0
"6349","Amsterdam_Oost",999,999,999,999,999,999,0,0
"6350","Amsterdam_Oost",180,180,180,180,180,180,0,0
"6351","Amsterdam_Center",140,140,140,140,140,140,0,0
"6352","Amsterdam_Zuid",105,105,105,105,105,105,0,0
"6353","Amsterdam_Zuid",100,100,100,100,100,100,0,0
"6354","Amsterdam_Oost",40,40,40,40,40,40,0,0
"6355","Amsterdam_Oost",175,175,175,175,175,175,0,0
"6356","Amsterdam_Oost",150,150,150,150,150,150,0,0
"6357","Amsterdam_West",90,90,90,90,90,90,0,0
"6358","Amsterdam_Zuid",127,127,127,127,127,127,0,0
"6359","Amsterdam_Zuid",130,130,130,130,130,130,0,0
"6360","Amsterdam_Center",120,120,120,120,120,120,0,0
"6361","Amsterdam_Zuid",300,300,300,300,300,300,0,0
"6362","Amsterdam_West",99,99,99,99,99,99,0,0
"6363","Amsterdam_Center",195,195,195,195,195,195,0,0
"6364","Amsterdam_West",150,150,150,150,150,150,0,0
"6365","Amsterdam_West",125,125,125,125,125,125,0,0
"6366","Amsterdam_Noord",85,85,85,85,85,85,0,0
"6367","Amsterdam_West",130,130,130,130,130,130,0,0
"6368","Amsterdam_Oost",95,95,95,95,95,95,0,0
"6369","Amsterdam_Zuid",85,85,85,85,85,85,0,0
"6370","Amsterdam_West",150,150,150,150,150,150,0,0
"6371","Amsterdam_West",159,159,159,159,159,159,0,0
"6372","Amsterdam_Oost",90,90,90,90,90,90,0,0
"6373","Amsterdam_Zuid",300,300,300,300,300,314,14,14
"6374","Amsterdam_Oost",54,54,54,54,54,54,0,0
"6375","Amsterdam_West",95,95,95,95,95,95,0,0
"6376","Amsterdam_Oost",67,67,67,67,67,67,0,0
"6377","Amsterdam_West",355,355,355,355,355,355,0,0
"6378","Amsterdam_Center",336,330,330,336,336,350,14,14
"6379","Amsterdam_Oost",100,100,100,100,100,100,0,0
"6380","Amsterdam_Zuid",100,100,100,100,100,100,0,0
"6381","Amsterdam_Zuid",120,120,120,120,120,120,0,0
"6382","Amsterdam_Nieuw_west",93,93,93,93,93,93,0,0
"6383","Amsterdam_West",169,169,169,169,169,169,0,0
"6384","Amsterdam_West",63,63,63,63,63,64,1,1
"6385","Amsterdam_Oost",150,150,150,150,150,150,0,0
"6386","Amsterdam_Zuidoost",120,120,120,120,120,120,0,0
"6387","Amsterdam_Nieuw_west",156,156,156,156,156,156,0,0
"6388","Amsterdam_Zuid",160,160,160,160,160,160,0,0
"6389","Amsterdam_Oost",112,112,112,112,112,112,0,0
"6390","Amsterdam_West",280,280,280,280,280,280,0,0
"6391","Amsterdam_West",110,110,110,110,110,110,0,0
"6392","Amsterdam_Zuid",140,140,140,140,140,140,0,0
"6393","Amsterdam_Oost",100,100,100,100,100,100,0,0
"6394","Amsterdam_West",170,170,170,170,170,170,0,0
"6395","Amsterdam_West",144,144,144,144,144,144,0,0
"6396","Amsterdam_Zuid",110,110,110,110,110,110,0,0
"6397","Amsterdam_Center",130,130,130,130,130,130,0,0
"6398","Amsterdam_Oost",130,130,130,130,130,130,0,0
"6399","Amsterdam_Zuid",110,110,110,110,110,110,0,0
"6400","Amsterdam_Center",169,169,169,169,169,169,0,0
"6401","Amsterdam_Oost",160,160,160,160,160,160,0,0
"6402","Amsterdam_Center",196,196,196,196,196,196,0,0
"6403","Amsterdam_West",150,150,150,150,150,150,0,0
"6404","Amsterdam_West",207,217,228,228,204,204,-3,3
"6405","Amsterdam_West",106,116,116,116,116,116,10,10
"6406","Amsterdam_Nieuw_west",80,80,80,80,80,80,0,0
"6407","Amsterdam_West",71,71,71,71,71,71,0,0
"6408","Amsterdam_Center",90,90,90,90,90,90,0,0
"6409","Amsterdam_West",110,110,110,110,110,145,35,35
"6410","Amsterdam_West",110,110,110,110,110,110,0,0
"6411","Amsterdam_West",210,210,210,210,210,210,0,0
"6412","Amsterdam_Zuid",109,109,109,109,109,109,0,0
"6413","Amsterdam_West",895,895,895,895,895,895,0,0
"6414","Amsterdam_Zuid",210,210,210,210,210,210,0,0
"6415","Amsterdam_Zuid",140,140,140,140,140,140,0,0
"6416","Amsterdam_West",375,375,375,375,375,375,0,0
"6417","Amsterdam_Center",150,150,150,150,150,150,0,0
"6418","Amsterdam_West",400,400,400,400,400,400,0,0
"6419","Amsterdam_Center",250,250,250,250,250,250,0,0
"6420","Amsterdam_Center",200,200,200,200,200,200,0,0
"6421","Amsterdam_West",74,70,40,50,60,65,-9,9
"6422","Amsterdam_Noord",30,38,38,38,38,38,8,8
"6423","Amsterdam_West",90,90,90,90,90,90,0,0
"6424","Amsterdam_Oost",124,124,124,124,124,124,0,0
"6425","Amsterdam_Center",71,71,71,71,71,71,0,0
"6426","Amsterdam_West",210,210,210,210,210,210,0,0
"6427","Amsterdam_West",100,100,100,100,100,100,0,0
"6428","Amsterdam_West",140,140,140,140,140,140,0,0
"6429","Amsterdam_Zuid",120,125,138,138,138,138,18,18
"6430","Amsterdam_Oost",100,100,100,100,100,100,0,0
"6431","Amsterdam_Zuid",159,159,159,159,159,159,0,0
"6432","Amsterdam_West",85,85,85,85,85,85,0,0
"6433","Amsterdam_Center",115,115,115,115,115,115,0,0
"6434","Amsterdam_West",280,280,280,280,280,280,0,0
"6435","Amsterdam_Zuid",170,170,170,170,170,170,0,0
"6436","Amsterdam_Zuid",150,150,150,150,150,150,0,0
"6437","Amsterdam_Zuidoost",95,95,95,125,125,125,30,30
"6438","Amsterdam_West",214,175,175,196,196,196,-18,18
"6439","Amsterdam_Zuid",250,250,250,250,250,250,0,0
"6440","Amsterdam_Oost",85,85,85,85,85,85,0,0
"6441","Amsterdam_Zuid",115,115,115,115,115,115,0,0
"6442","Amsterdam_West",555,300,300,300,555,300,-255,255
"6443","Amsterdam_West",122,122,122,122,122,122,0,0
"6444","Amsterdam_West",250,250,250,250,250,250,0,0
"6445","Amsterdam_Center",190,190,190,190,190,190,0,0
"6446","Amsterdam_West",75,75,75,75,75,75,0,0
"6447","Amsterdam_West",105,105,105,105,105,105,0,0
"6448","Amsterdam_West",76,76,76,76,76,76,0,0
"6449","Amsterdam_Zuidoost",80,80,80,80,80,80,0,0
"6450","Amsterdam_Noord",94,94,94,94,94,94,0,0
"6451","Amsterdam_West",150,150,150,150,150,150,0,0
"6452","Amsterdam_Center",125,125,125,125,125,125,0,0
"6453","Amsterdam_Center",229,229,229,229,229,229,0,0
"6454","Amsterdam_Center",120,120,120,120,120,120,0,0
"6455","Amsterdam_Noord",95,95,95,95,95,95,0,0
"6456","Amsterdam_Zuid",109,109,109,109,109,109,0,0
"6457","Amsterdam_Oost",125,125,125,125,125,118,-7,7
"6458","Amsterdam_Oost",130,130,130,130,150,119,-11,11
"6459","Amsterdam_Oost",120,120,120,120,120,120,0,0
"6460","Amsterdam_Zuid",78,78,78,78,78,78,0,0
"6461","Amsterdam_Oost",150,150,150,150,150,150,0,0
"6462","Amsterdam_Zuid",100,100,100,100,100,100,0,0
"6463","Amsterdam_West",105,105,105,105,105,105,0,0
"6464","Amsterdam_Oost",165,165,165,165,165,165,0,0
"6465","Amsterdam_Zuid",135,135,135,135,135,135,0,0
"6466","Amsterdam_Center",94,180,180,180,180,180,86,86
"6467","Amsterdam_West",80,80,80,80,80,80,0,0
"6468","Amsterdam_West",150,100,100,100,100,100,-50,50
"6469","Amsterdam_West",109,109,109,109,109,109,0,0
"6470","Amsterdam_West",350,350,350,350,350,350,0,0
"6471","Amsterdam_Center",130,130,130,130,130,130,0,0
"6472","Amsterdam_West",79,79,79,79,79,79,0,0
"6473","Amsterdam_Center",185,185,185,185,185,185,0,0
"6474","Amsterdam_West",170,170,170,170,170,170,0,0
"6475","Amsterdam_West",75,75,75,75,75,75,0,0
"6476","Amsterdam_Center",254,254,254,254,254,254,0,0
"6477","Amsterdam_West",100,100,100,100,100,100,0,0
"6478","Amsterdam_Oost",140,140,140,140,140,140,0,0
"6479","Amsterdam_Zuid",125,125,125,125,125,125,0,0
"6480","Amsterdam_West",113,113,113,113,113,113,0,0
"6481","Amsterdam_Oost",200,200,200,200,200,200,0,0
"6482","Amsterdam_Oost",175,175,175,175,175,175,0,0
"6483","Amsterdam_Oost",275,275,275,275,275,275,0,0
"6484","Amsterdam_Zuid",97,97,97,97,97,97,0,0
"6485","Amsterdam_West",134,134,134,134,134,134,0,0
"6486","Amsterdam_West",100,112,112,112,80,90,-10,10
"6487","Amsterdam_Oost",77,77,77,77,77,77,0,0
"6488","Amsterdam_Zuid",150,150,150,150,150,150,0,0
"6489","Amsterdam_Zuid",114,114,114,114,114,114,0,0
"6490","Amsterdam_Zuid",75,75,75,75,75,75,0,0
"6491","Amsterdam_Nieuw_west",129,129,129,129,129,129,0,0
"6492","Amsterdam_Center",180,180,180,180,180,180,0,0
"6493","Amsterdam_Center",52,57,52,55,54,52,0,0
"6494","Amsterdam_Oost",109,109,109,109,109,109,0,0
"6495","Amsterdam_Center",57,57,57,52,60,53,-4,4
"6496","Amsterdam_Center",72,65,90,67,64,91,19,19
"6497","Amsterdam_West",150,150,150,150,150,150,0,0
"6498","Amsterdam_West",275,275,275,275,275,275,0,0
"6499","Amsterdam_West",96,96,96,96,96,96,0,0
"6500","Amsterdam_West",120,120,120,120,120,120,0,0
"6501","Amsterdam_Center",449,449,449,449,449,449,0,0
"6502","Amsterdam_Oost",88,88,88,88,88,88,0,0
"6503","Amsterdam_Zuid",75,75,75,75,75,75,0,0
"6504","Amsterdam_Center",300,300,300,300,300,300,0,0
"6505","Amsterdam_West",150,150,150,150,150,150,0,0
"6506","Amsterdam_West",109,109,109,109,109,109,0,0
"6507","Amsterdam_Nieuw_west",105,120,104,104,104,104,-1,1
"6508","Amsterdam_Nieuw_west",78,76,58,58,58,92,14,14
"6509","Amsterdam_West",119,119,119,119,119,119,0,0
"6510","Amsterdam_Center",180,180,180,180,180,180,0,0
"6511","Amsterdam_Oost",85,96,96,96,96,75,-10,10
"6512","Amsterdam_Zuid",100,100,100,100,100,100,0,0
"6513","Amsterdam_West",270,270,270,270,270,270,0,0
"6514","Amsterdam_West",96,96,96,96,96,96,0,0
"6515","Amsterdam_West",76,76,76,76,76,76,0,0
"6516","Amsterdam_West",100,100,100,100,100,100,0,0
"6517","Amsterdam_Oost",199,199,199,199,199,199,0,0
"6518","Amsterdam_Oost",110,110,110,110,110,110,0,0
"6519","Amsterdam_Noord",150,150,150,150,150,150,0,0
"6520","Amsterdam_Nieuw_west",160,160,160,160,160,160,0,0
"6521","Amsterdam_West",200,200,200,200,200,200,0,0
"6522","Amsterdam_Oost",336,300,300,300,300,300,-36,36
"6523","Amsterdam_Center",100,100,100,100,100,100,0,0
"6524","Amsterdam_Zuid",112,112,112,112,112,112,0,0
"6525","Amsterdam_Center",110,100,110,110,110,110,0,0
"6526","Amsterdam_West",99,99,99,99,99,99,0,0
"6527","Amsterdam_West",70,70,70,70,70,70,0,0
"6528","Amsterdam_Oost",90,90,90,90,90,90,0,0
"6529","Amsterdam_Center",225,225,225,225,225,225,0,0
"6530","Amsterdam_West",90,90,90,90,90,90,0,0
"6531","Amsterdam_Center",295,295,295,295,295,295,0,0
"6532","Amsterdam_Zuid",100,100,100,128,139,139,39,39
"6533","Amsterdam_Noord",60,60,60,60,70,70,10,10
"6534","Amsterdam_West",95,95,95,95,95,95,0,0
"6535","Amsterdam_West",120,120,120,120,120,120,0,0
"6536","Amsterdam_Center",1200,1200,1200,1200,1200,1200,0,0
"6537","Amsterdam_Center",242,193,203,238,260,318,76,76
"6538","Amsterdam_Zuid",150,150,150,150,150,150,0,0
"6539","Amsterdam_Zuid",150,150,150,150,150,150,0,0
"6540","Amsterdam_West",74,76,101,74,66,70,-4,4
"6541","Amsterdam_West",109,109,109,109,109,109,0,0
"6542","Amsterdam_Zuid",150,150,150,150,150,150,0,0
"6543","Amsterdam_West",95,95,95,95,95,95,0,0
"6544","Amsterdam_Zuid",95,95,95,95,95,95,0,0
"6545","Amsterdam_Oost",100,100,100,100,100,100,0,0
"6546","Amsterdam_Oost",220,220,220,220,220,220,0,0
"6547","Amsterdam_Zuid",130,130,130,130,130,130,0,0
"6548","Amsterdam_Zuid",85,85,85,85,85,85,0,0
"6549","Amsterdam_Center",140,189,171,171,175,175,35,35
"6550","Amsterdam_West",110,110,110,110,110,110,0,0
"6551","Amsterdam_Oost",86,86,86,86,86,86,0,0
"6552","Amsterdam_Zuid",130,130,77,77,77,77,-53,53
"6553","Amsterdam_Center",124,160,251,255,125,137,13,13
"6554","Amsterdam_West",150,150,150,150,150,150,0,0
"6555","Amsterdam_West",136,136,136,136,136,136,0,0
"6556","Amsterdam_West",138,138,138,138,138,173,35,35
"6557","Amsterdam_Oost",150,150,150,150,150,150,0,0
"6558","Amsterdam_Center",120,120,120,120,120,120,0,0
"6559","Amsterdam_West",119,119,119,119,119,119,0,0
"6560","Amsterdam_Center",230,230,230,230,230,230,0,0
"6561","Amsterdam_West",102,102,102,102,102,102,0,0
"6562","Amsterdam_Nieuw_west",84,92,93,93,94,94,10,10
"6563","Amsterdam_West",139,139,139,139,139,139,0,0
"6564","Amsterdam_Zuid",149,149,149,149,149,149,0,0
"6565","Amsterdam_Center",110,110,110,110,110,110,0,0
"6566","Amsterdam_Oost",293,293,293,295,290,295,2,2
"6567","Amsterdam_West",80,80,80,80,80,80,0,0
"6568","Amsterdam_West",99,99,99,99,99,99,0,0
"6569","Amsterdam_West",189,209,199,129,129,189,0,0
"6570","Amsterdam_Zuid",221,221,221,221,221,221,0,0
"6571","Amsterdam_Zuid",349,349,349,349,349,349,0,0
"6572","Amsterdam_Center",130,130,130,130,130,130,0,0
"6573","Amsterdam_Zuid",395,395,395,395,395,395,0,0
"6574","Amsterdam_Center",150,150,150,150,150,150,0,0
"6575","Amsterdam_West",100,100,100,100,100,100,0,0
"6576","Amsterdam_West",140,140,140,140,140,140,0,0
"6577","Amsterdam_West",100,100,100,100,100,100,0,0
"6578","Amsterdam_Zuid",95,95,95,95,95,95,0,0
"6579","Amsterdam_Noord",139,139,139,139,139,139,0,0
"6580","Amsterdam_Zuid",55,48,52,70,67,89,34,34
"6581","Amsterdam_Zuid",600,600,600,600,600,600,0,0
"6582","Amsterdam_Zuid",550,550,550,550,550,550,0,0
"6583","Amsterdam_Oost",110,110,110,110,110,110,0,0
"6584","Amsterdam_West",80,80,80,80,80,80,0,0
"6585","Amsterdam_Center",245,245,245,245,245,245,0,0
"6586","Amsterdam_Oost",110,110,110,110,110,110,0,0
"6587","Amsterdam_Zuid",200,85,100,100,100,129,-71,71
"6588","Amsterdam_Oost",170,170,170,170,170,170,0,0
"6589","Amsterdam_West",100,100,100,100,100,100,0,0
"6590","Amsterdam_Oost",125,125,125,125,125,125,0,0
"6591","Amsterdam_West",99,99,99,99,99,99,0,0
"6592","Amsterdam_Zuid",282,282,282,282,282,282,0,0
"6593","Amsterdam_Center",250,250,250,250,250,250,0,0
"6594","Amsterdam_West",80,80,80,80,80,80,0,0
"6595","Amsterdam_Zuid",100,100,100,100,100,100,0,0
"6596","Amsterdam_Center",100,100,100,100,100,100,0,0
"6597","Amsterdam_Center",275,275,275,275,275,275,0,0
"6598","Amsterdam_Zuidoost",55,55,55,55,55,55,0,0
"6599","Amsterdam_Zuid",50,50,50,50,50,50,0,0
"6600","Amsterdam_Zuid",180,180,180,180,180,180,0,0
"6601","Amsterdam_Center",139,139,139,139,139,139,0,0
"6602","Amsterdam_Zuid",62,64,55,85,100,71,9,9
"6603","Amsterdam_Zuid",110,110,110,110,110,110,0,0
"6604","Amsterdam_Center",200,200,200,200,200,200,0,0
"6605","Amsterdam_Center",690,1490,1490,1490,1490,1490,800,800
"6606","Amsterdam_West",107,107,107,107,107,107,0,0
"6607","Amsterdam_Oost",100,100,100,100,100,100,0,0
"6608","Amsterdam_Center",340,340,340,340,340,340,0,0
"6609","Amsterdam_Zuid",179,179,179,179,179,179,0,0
"6610","Amsterdam_Zuid",127,127,127,127,127,127,0,0
"6611","Amsterdam_Center",95,95,95,95,95,95,0,0
"6612","Amsterdam_West",225,225,225,225,225,225,0,0
"6613","Amsterdam_Center",250,250,250,250,250,250,0,0
"6614","Amsterdam_Zuid",135,135,135,135,135,135,0,0
"6615","Amsterdam_West",100,100,100,100,100,100,0,0
"6616","Amsterdam_Oost",59,59,59,59,59,59,0,0
"6617","Amsterdam_Zuid",120,120,120,120,120,120,0,0
"6618","Amsterdam_West",90,90,90,90,90,90,0,0
"6619","Amsterdam_West",69,69,69,69,69,69,0,0
"6620","Amsterdam_Oost",138,140,140,140,125,145,7,7
"6621","Amsterdam_Oost",89,89,89,89,89,89,0,0
"6622","Amsterdam_Oost",90,90,90,90,90,90,0,0
"6623","Amsterdam_Noord",60,60,60,60,60,60,0,0
"6624","Amsterdam_Center",200,200,200,200,200,200,0,0
"6625","Amsterdam_Center",125,125,125,125,125,125,0,0
"6626","Amsterdam_West",350,350,350,350,350,350,0,0
"6627","Amsterdam_Zuid",110,110,110,110,110,110,0,0
"6628","Amsterdam_Zuid",90,90,90,90,90,90,0,0
"6629","Amsterdam_Oost",110,99,99,150,150,150,40,40
"6630","Amsterdam_Center",162,208,339,288,204,282,120,120
"6631","Amsterdam_Oost",200,200,200,200,200,200,0,0
"6632","Amsterdam_West",90,90,90,90,90,90,0,0
"6633","Amsterdam_West",89,89,89,89,89,89,0,0
"6634","Amsterdam_West",150,150,150,150,150,150,0,0
"6635","Amsterdam_Center",150,150,150,150,150,150,0,0
"6636","Amsterdam_Oost",140,140,140,140,140,140,0,0
"6637","Amsterdam_Zuid",50,50,50,50,50,50,0,0
"6638","Amsterdam_Center",205,205,205,205,205,205,0,0
"6639","Amsterdam_Noord",89,89,100,100,100,100,11,11
"6640","Amsterdam_West",200,200,200,200,200,200,0,0
"6641","Amsterdam_Noord",215,215,215,215,215,215,0,0
"6642","Amsterdam_Zuid",169,169,169,169,169,169,0,0
"6643","Amsterdam_Center",112,112,112,112,112,112,0,0
"6644","Amsterdam_West",125,125,125,125,125,125,0,0
"6645","Amsterdam_Zuid",120,120,120,120,120,120,0,0
"6646","Amsterdam_Center",120,120,120,120,120,120,0,0
"6647","Amsterdam_Oost",95,95,95,95,95,95,0,0
"6648","Amsterdam_West",100,100,100,100,100,100,0,0
"6649","Amsterdam_Zuid",110,110,110,110,110,110,0,0
"6650","Amsterdam_Center",100,100,100,100,100,100,0,0
"6651","Amsterdam_West",105,105,105,105,105,105,0,0
"6652","Amsterdam_Center",163,145,155,147,158,101,-62,62
"6653","Amsterdam_Zuid",94,94,94,94,94,94,0,0
"6654","Amsterdam_West",159,159,159,159,159,159,0,0
"6655","Amsterdam_West",243,250,250,250,250,300,57,57
"6656","Amsterdam_Oost",80,80,80,80,80,80,0,0
"6657","Amsterdam_Oost",200,200,200,200,200,200,0,0
"6658","Amsterdam_West",120,120,120,120,120,120,0,0
"6659","Amsterdam_Nieuw_west",130,130,130,130,130,130,0,0
"6660","Amsterdam_West",78,78,78,78,78,78,0,0
"6661","Amsterdam_West",165,165,165,165,165,165,0,0
"6662","Amsterdam_Zuid",150,150,150,150,150,150,0,0
"6663","Amsterdam_Oost",150,150,150,150,150,150,0,0
"6664","Amsterdam_Center",165,165,165,165,165,165,0,0
"6665","Amsterdam_West",115,115,115,115,115,115,0,0
"6666","Amsterdam_Oost",200,200,200,200,200,200,0,0
"6667","Amsterdam_Zuid",130,130,130,130,130,130,0,0
"6668","Amsterdam_West",80,80,80,80,80,80,0,0
"6669","Amsterdam_Noord",99,99,99,99,99,99,0,0
"6670","Amsterdam_Oost",175,175,175,175,175,175,0,0
"6671","Amsterdam_West",165,165,165,165,165,165,0,0
"6672","Amsterdam_Noord",130,130,130,130,130,130,0,0
"6673","Amsterdam_Oost",95,95,95,95,95,95,0,0
"6674","Amsterdam_Center",265,265,265,265,265,265,0,0
"6675","Amsterdam_Center",179,179,179,179,179,179,0,0
"6676","Amsterdam_Zuidoost",125,125,125,125,125,125,0,0
"6677","Amsterdam_Noord",85,85,85,85,85,85,0,0
"6678","Amsterdam_Center",225,225,225,225,225,225,0,0
"6679","Amsterdam_Nieuw_west",45,45,45,45,45,45,0,0
"6680","Amsterdam_West",101,101,101,101,101,101,0,0
"6681","Amsterdam_Zuid",140,140,140,140,140,140,0,0
"6682","Amsterdam_Center",157,157,157,157,157,157,0,0
"6683","Amsterdam_Oost",100,100,100,100,100,100,0,0
"6684","Amsterdam_Noord",185,185,185,185,185,185,0,0
"6685","Amsterdam_Zuid",100,100,100,100,100,100,0,0
"6686","Amsterdam_Nieuw_west",60,60,60,60,60,60,0,0
"6687","Amsterdam_West",106,106,106,106,106,106,0,0
"6688","Amsterdam_Center",86,89,89,82,57,57,-29,29
"6689","Amsterdam_Center",140,140,140,140,140,140,0,0
"6690","Amsterdam_West",125,125,125,125,125,125,0,0
"6691","Amsterdam_Oost",180,180,180,180,180,180,0,0
"6692","Amsterdam_West",200,200,200,200,180,180,-20,20
"6693","Amsterdam_Nieuw_west",299,299,299,299,299,299,0,0
"6694","Amsterdam_West",120,120,120,120,120,120,0,0
"6695","Amsterdam_West",106,106,106,106,106,106,0,0
"6696","Amsterdam_West",140,140,140,140,140,140,0,0
"6697","Amsterdam_West",65,65,65,65,65,65,0,0
"6698","Amsterdam_Oost",120,120,120,120,120,120,0,0
"6699","Amsterdam_Zuid",139,139,139,139,139,139,0,0
"6700","Amsterdam_West",110,110,110,110,110,110,0,0
"6701","Amsterdam_West",86,86,86,86,86,86,0,0
"6702","Amsterdam_West",150,150,150,150,150,150,0,0
"6703","Amsterdam_Center",200,200,200,200,200,200,0,0
"6704","Amsterdam_Oost",115,115,115,115,115,115,0,0
"6705","Amsterdam_West",105,105,105,86,105,88,-17,17
"6706","Amsterdam_Oost",109,109,109,109,109,109,0,0
"6707","Amsterdam_West",112,112,112,112,112,112,0,0
"6708","Amsterdam_West",150,150,150,150,150,150,0,0
"6709","Amsterdam_Oost",180,180,180,180,180,180,0,0
"6710","Amsterdam_Oost",63,63,63,63,63,63,0,0
"6711","Amsterdam_Oost",85,85,85,85,85,85,0,0
"6712","Amsterdam_Zuid",625,625,625,625,625,750,125,125
"6713","Amsterdam_Zuid",185,185,185,185,185,185,0,0
"6714","Amsterdam_Center",125,125,125,125,125,125,0,0
"6715","Amsterdam_Zuid",114,114,114,114,114,114,0,0
"6716","Amsterdam_Zuid",150,150,150,150,150,150,0,0
"6717","Amsterdam_Center",300,300,300,300,300,300,0,0
"6718","Amsterdam_West",45,45,45,45,45,45,0,0
"6719","Amsterdam_Oost",106,106,106,106,106,106,0,0
"6720","Amsterdam_Oost",149,149,149,149,149,138,-11,11
"6721","Amsterdam_Center",300,300,300,300,300,300,0,0
"6722","Amsterdam_West",85,85,85,85,85,85,0,0
"6723","Amsterdam_Center",101,103,167,84,98,106,5,5
"6724","Amsterdam_Noord",90,90,90,90,90,90,0,0
"6725","Amsterdam_Zuid",180,180,180,180,180,180,0,0
"6726","Amsterdam_Oost",154,154,154,154,154,154,0,0
"6727","Amsterdam_West",213,213,213,213,213,213,0,0
"6728","Amsterdam_Nieuw_west",89,89,89,89,89,89,0,0
"6729","Amsterdam_Oost",186,186,186,186,186,186,0,0
"6730","Amsterdam_Zuid",135,110,110,110,110,130,-5,5
"6731","Amsterdam_Center",72,72,72,72,72,72,0,0
"6732","Amsterdam_Noord",175,175,175,175,175,175,0,0
"6733","Amsterdam_West",75,75,75,75,75,75,0,0
"6734","Amsterdam_West",140,140,140,140,140,140,0,0
"6735","Amsterdam_Noord",229,229,229,229,229,229,0,0
"6736","Amsterdam_Zuid",70,70,70,70,70,70,0,0
"6737","Amsterdam_Zuid",110,110,110,110,110,110,0,0
"6738","Amsterdam_Center",140,140,140,140,140,140,0,0
"6739","Amsterdam_Zuid",85,85,85,85,85,85,0,0
"6740","Amsterdam_Noord",48,48,48,48,48,48,0,0
"6741","Amsterdam_Zuid",300,300,300,300,300,300,0,0
"6742","Amsterdam_West",228,184,178,200,406,406,178,178
"6743","Amsterdam_West",240,240,240,240,240,240,0,0
"6744","Amsterdam_West",80,80,80,80,80,80,0,0
"6745","Amsterdam_West",99,99,99,99,99,99,0,0
"6746","Amsterdam_West",79,79,79,79,79,79,0,0
"6747","Amsterdam_Noord",110,110,110,110,110,110,0,0
"6748","Amsterdam_Noord",100,100,100,100,100,100,0,0
"6749","Amsterdam_Nieuw_west",250,250,250,250,250,250,0,0
"6750","Amsterdam_Center",129,129,129,129,129,129,0,0
"6751","Amsterdam_Oost",249,249,249,249,249,249,0,0
"6752","Amsterdam_West",115,115,115,115,115,115,0,0
"6753","Amsterdam_Oost",225,225,225,225,225,225,0,0
"6754","Amsterdam_West",300,300,300,300,300,300,0,0
"6755","Amsterdam_Zuid",150,150,150,150,150,150,0,0
"6756","Amsterdam_Nieuw_west",78,78,78,78,78,78,0,0
"6757","Amsterdam_Center",195,195,195,195,195,195,0,0
"6758","Amsterdam_Zuid",110,103,103,103,103,103,-7,7
"6759","Amsterdam_Center",150,150,150,150,150,150,0,0
"6760","Amsterdam_Center",119,109,109,139,122,103,-16,16
"6761","Amsterdam_Zuid",125,125,125,125,125,125,0,0
"6762","Amsterdam_Center",179,109,109,118,99,118,-61,61
"6763","Amsterdam_Zuid",100,100,100,100,100,100,0,0
"6764","Amsterdam_Center",100,104,100,100,100,100,0,0
"6765","Amsterdam_Oost",130,130,130,130,130,130,0,0
"6766","Amsterdam_West",109,109,109,109,119,119,10,10
"6767","Amsterdam_Oost",85,85,85,85,85,85,0,0
"6768","Amsterdam_Nieuw_west",60,60,60,60,60,60,0,0
"6769","Amsterdam_Zuid",300,300,300,300,225,225,-75,75
"6770","Amsterdam_Noord",55,60,73,67,62,69,14,14
"6771","Amsterdam_Oost",149,149,149,149,149,149,0,0
"6772","Amsterdam_Oost",90,90,90,90,105,120,30,30
"6773","Amsterdam_West",70,70,70,70,70,70,0,0
"6774","Amsterdam_Oost",600,600,600,600,600,600,0,0
"6775","Amsterdam_Noord",56,60,69,65,100,61,5,5
"6776","Amsterdam_Oost",122,122,122,122,122,122,0,0
"6777","Amsterdam_Noord",90,90,90,90,90,90,0,0
"6778","Amsterdam_Oost",146,146,146,146,146,146,0,0
"6779","Amsterdam_West",90,90,90,90,90,90,0,0
"6780","Amsterdam_West",120,120,120,120,120,120,0,0
"6781","Amsterdam_West",100,100,100,100,100,100,0,0
"6782","Amsterdam_Center",51,51,50,50,59,48,-3,3
"6783","Amsterdam_Oost",201,201,201,201,201,201,0,0
"6784","Amsterdam_Oost",355,355,355,355,355,355,0,0
"6785","Amsterdam_West",85,85,85,85,85,85,0,0
"6786","Amsterdam_Zuid",75,75,75,75,75,75,0,0
"6787","Amsterdam_Oost",78,78,78,78,78,78,0,0
"6788","Amsterdam_Oost",160,160,160,160,160,160,0,0
"6789","Amsterdam_Center",199,199,199,199,199,199,0,0
"6790","Amsterdam_Nieuw_west",85,85,85,85,85,85,0,0
"6791","Amsterdam_Zuid",300,300,300,300,300,300,0,0
"6792","Amsterdam_Oost",175,175,175,175,175,175,0,0
"6793","Amsterdam_West",140,140,140,140,140,140,0,0
"6794","Amsterdam_West",180,180,180,180,180,180,0,0
"6795","Amsterdam_West",109,109,109,109,109,109,0,0
"6796","Amsterdam_West",115,115,115,115,115,115,0,0
"6797","Amsterdam_West",89,89,89,89,89,89,0,0
"6798","Amsterdam_Center",139,139,139,139,139,139,0,0
"6799","Amsterdam_Oost",86,86,86,86,86,86,0,0
"6800","Amsterdam_Zuid",135,135,135,135,135,135,0,0
"6801","Amsterdam_West",100,100,100,100,100,100,0,0
"6802","Amsterdam_Zuid",170,170,170,170,170,170,0,0
"6803","Amsterdam_Center",200,200,200,200,200,200,0,0
"6804","Amsterdam_West",98,98,98,98,98,98,0,0
"6805","Amsterdam_West",90,90,90,90,90,90,0,0
"6806","Amsterdam_West",250,250,250,250,250,250,0,0
"6807","Amsterdam_Noord",140,262,187,206,246,276,136,136
"6808","Amsterdam_Center",450,450,450,450,450,450,0,0
"6809","Amsterdam_West",100,100,100,100,100,100,0,0
"6810","Amsterdam_West",127,127,127,127,127,127,0,0
"6811","Amsterdam_Zuid",193,193,193,193,193,193,0,0
"6812","Amsterdam_West",96,96,96,96,96,96,0,0
"6813","Amsterdam_Oost",135,135,135,135,135,135,0,0
"6814","Amsterdam_Zuid",89,89,99,109,99,99,10,10
"6815","Amsterdam_Center",49,99,49,75,89,65,16,16
"6816","Amsterdam_Noord",125,125,125,125,125,125,0,0
"6817","Amsterdam_West",65,65,65,65,65,65,0,0
"6818","Amsterdam_Nieuw_west",85,85,85,85,85,85,0,0
"6819","Amsterdam_West",168,119,130,141,201,206,38,38
"6820","Amsterdam_Oost",175,175,175,175,175,175,0,0
"6821","Amsterdam_Oost",103,103,103,103,103,103,0,0
"6822","Amsterdam_Zuid",150,150,150,150,150,150,0,0
"6823","Amsterdam_West",125,125,125,125,125,125,0,0
"6824","Amsterdam_Noord",182,182,182,182,182,182,0,0
"6825","Amsterdam_West",300,300,300,300,300,300,0,0
"6826","Amsterdam_Center",170,170,170,170,170,170,0,0
"6827","Amsterdam_West",174,174,174,174,174,174,0,0
"6828","Amsterdam_Zuid",75,75,75,75,75,75,0,0
"6829","Amsterdam_Zuid",59,59,59,59,59,59,0,0
"6830","Amsterdam_Zuid",130,130,130,130,130,130,0,0
"6831","Amsterdam_Center",99,99,99,99,99,99,0,0
"6832","Amsterdam_Zuid",170,170,170,170,170,170,0,0
"6833","Amsterdam_West",60,60,60,70,60,55,-5,5
"6834","Amsterdam_Oost",140,140,140,140,140,140,0,0
"6835","Amsterdam_Center",140,140,140,140,140,140,0,0
"6836","Amsterdam_Nieuw_west",90,90,90,90,90,90,0,0
"6837","Amsterdam_Oost",74,74,74,74,74,74,0,0
"6838","Amsterdam_Zuidoost",106,106,106,106,106,106,0,0
"6839","Amsterdam_Center",495,495,495,495,380,420,-75,75
"6840","Amsterdam_West",125,125,125,125,125,125,0,0
"6841","Amsterdam_West",175,175,175,175,175,175,0,0
"6842","Amsterdam_West",250,250,250,250,250,250,0,0
"6843","Amsterdam_West",75,75,75,75,75,75,0,0
"6844","Amsterdam_Zuid",220,220,220,220,220,220,0,0
"6845","Amsterdam_Oost",250,250,250,250,250,250,0,0
"6846","Amsterdam_Oost",90,90,90,90,90,90,0,0
"6847","Amsterdam_Zuid",139,139,139,139,139,139,0,0
"6848","Amsterdam_Zuidoost",129,129,129,129,129,129,0,0
"6849","Amsterdam_Nieuw_west",52,52,52,52,52,52,0,0
"6850","Amsterdam_Oost",190,188,188,188,157,157,-33,33
"6851","Amsterdam_West",80,80,80,80,80,80,0,0
"6852","Amsterdam_Oost",95,95,95,95,95,95,0,0
"6853","Amsterdam_Oost",180,180,180,180,180,180,0,0
"6854","Amsterdam_Center",165,165,165,165,165,165,0,0
"6855","Amsterdam_Oost",89,89,89,89,89,89,0,0
"6856","Amsterdam_Center",115,115,115,115,115,115,0,0
"6857","Amsterdam_Zuid",690,690,690,690,690,690,0,0
"6858","Amsterdam_West",120,120,120,120,120,120,0,0
"6859","Amsterdam_Zuid",100,100,100,100,100,100,0,0
"6860","Amsterdam_Zuid",135,135,135,135,135,135,0,0
"6861","Amsterdam_Zuid",250,250,250,250,250,250,0,0
"6862","Amsterdam_Noord",54,54,54,54,54,54,0,0
"6863","Amsterdam_Zuid",314,314,314,314,314,314,0,0
"6864","Amsterdam_Oost",100,100,100,100,100,100,0,0
"6865","Amsterdam_Noord",145,145,145,145,145,145,0,0
"6866","Amsterdam_West",72,72,72,72,72,72,0,0
"6867","Amsterdam_Zuidoost",42,42,42,42,42,42,0,0
"6868","Amsterdam_Zuid",130,130,130,130,130,130,0,0
"6869","Amsterdam_Nieuw_west",112,112,112,112,112,112,0,0
"6870","Amsterdam_Center",180,180,180,180,180,180,0,0
"6871","Amsterdam_Center",350,350,350,350,350,350,0,0
"6872","Amsterdam_Center",145,115,129,149,189,189,44,44
"6873","Amsterdam_Center",150,150,150,150,150,150,0,0
"6874","Amsterdam_Noord",66,66,66,66,66,66,0,0
"6875","Amsterdam_Oost",125,125,125,125,125,125,0,0
"6876","Amsterdam_Oost",80,80,80,80,80,80,0,0
"6877","Amsterdam_Center",199,149,169,179,179,189,-10,10
"6878","Amsterdam_West",170,170,170,170,170,170,0,0
"6879","Amsterdam_Oost",71,71,71,71,71,71,0,0
"6880","Amsterdam_Center",165,165,165,165,165,165,0,0
"6881","Amsterdam_Nieuw_west",126,126,126,126,126,126,0,0
"6882","Amsterdam_West",150,150,150,150,150,150,0,0
"6883","Amsterdam_Center",200,200,200,200,200,200,0,0
"6884","Amsterdam_Center",112,95,95,95,125,125,13,13
"6885","Amsterdam_Zuid",200,200,200,200,200,200,0,0
"6886","Amsterdam_Center",146,146,146,146,146,146,0,0
"6887","Amsterdam_Nieuw_west",67,67,67,67,67,67,0,0
"6888","Amsterdam_Oost",400,400,400,400,400,400,0,0
"6889","Amsterdam_Center",180,180,180,180,180,180,0,0
"6890","Amsterdam_Oost",58,58,58,58,58,58,0,0
"6891","Amsterdam_West",130,130,130,130,130,130,0,0
"6892","Amsterdam_West",115,115,115,115,115,115,0,0
"6893","Amsterdam_West",106,106,106,106,106,106,0,0
"6894","Amsterdam_West",53,53,53,53,53,90,37,37
"6895","Amsterdam_Zuidoost",75,75,75,75,75,75,0,0
"6896","Amsterdam_West",96,96,96,96,96,96,0,0
"6897","Amsterdam_Center",95,95,95,95,95,95,0,0
"6898","Amsterdam_Noord",139,139,139,139,139,139,0,0
"6899","Amsterdam_West",250,250,250,250,250,250,0,0
"6900","Amsterdam_Center",240,240,240,240,240,240,0,0
"6901","Amsterdam_Zuid",150,150,150,150,150,150,0,0
"6902","Amsterdam_Zuidoost",51,51,51,51,51,51,0,0
"6903","Amsterdam_Oost",125,125,125,125,125,125,0,0
"6904","Amsterdam_Oost",225,225,225,225,225,225,0,0
"6905","Amsterdam_West",400,400,400,400,400,400,0,0
"6906","Amsterdam_Zuid",100,100,100,100,100,100,0,0
"6907","Amsterdam_Noord",102,102,102,102,102,102,0,0
"6908","Amsterdam_Oost",140,140,140,140,140,140,0,0
"6909","Amsterdam_West",200,200,200,200,200,200,0,0
"6910","Amsterdam_Zuid",79,79,79,79,79,79,0,0
"6911","Amsterdam_West",119,119,119,119,119,119,0,0
"6912","Amsterdam_Zuid",80,80,80,80,80,80,0,0
"6913","Amsterdam_Center",400,400,400,400,400,400,0,0
"6914","Amsterdam_Center",95,95,95,95,95,95,0,0
"6915","Amsterdam_West",119,119,119,119,119,119,0,0
"6916","Amsterdam_West",89,89,89,89,89,89,0,0
"6917","Amsterdam_Zuid",135,135,135,135,135,135,0,0
"6918","Amsterdam_Oost",150,150,150,150,150,150,0,0
"6919","Amsterdam_West",199,199,199,199,199,199,0,0
"6920","Amsterdam_Center",116,111,111,111,111,111,-5,5
"6921","Amsterdam_Oost",140,140,140,140,140,140,0,0
"6922","Amsterdam_Oost",180,180,180,180,180,180,0,0
"6923","Amsterdam_West",140,140,140,140,140,140,0,0
"6924","Amsterdam_Oost",80,80,80,80,80,80,0,0
"6925","Amsterdam_West",140,140,140,140,140,140,0,0
"6926","Amsterdam_Oost",73,70,70,70,70,70,-3,3
"6927","Amsterdam_West",150,150,150,150,150,150,0,0
"6928","Amsterdam_West",120,120,120,120,120,120,0,0
"6929","Amsterdam_Oost",198,198,198,198,198,198,0,0
"6930","Amsterdam_Oost",83,82,83,83,84,82,-1,1
"6931","Amsterdam_Zuid",140,140,140,140,140,140,0,0
"6932","Amsterdam_Zuid",79,79,79,79,79,79,0,0
"6933","Amsterdam_West",170,170,170,170,170,170,0,0
"6934","Amsterdam_Center",135,135,135,135,135,135,0,0
"6935","Amsterdam_West",200,200,200,200,200,200,0,0
"6936","Amsterdam_West",90,90,90,90,90,90,0,0
"6937","Amsterdam_West",239,239,239,239,239,239,0,0
"6938","Amsterdam_Noord",49,48,47,50,54,54,5,5
"6939","Amsterdam_Zuid",100,100,100,100,100,100,0,0
"6940","Amsterdam_Center",184,184,184,184,184,184,0,0
"6941","Amsterdam_Zuid",96,96,96,96,96,96,0,0
"6942","Amsterdam_Oost",250,250,250,250,250,250,0,0
"6943","Amsterdam_Center",100,100,100,100,100,100,0,0
"6944","Amsterdam_Zuid",89,89,89,89,89,89,0,0
"6945","Amsterdam_West",82,82,82,82,82,82,0,0
"6946","Amsterdam_Oost",150,150,150,150,150,150,0,0
"6947","Amsterdam_Zuid",170,150,150,150,150,159,-11,11
"6948","Amsterdam_West",89,79,64,62,69,95,6,6
"6949","Amsterdam_Center",70,70,70,70,70,70,0,0
"6950","Amsterdam_Center",200,200,200,200,200,200,0,0
"6951","Amsterdam_Center",450,450,450,450,450,450,0,0
"6952","Amsterdam_Oost",130,130,130,130,130,130,0,0
"6953","Amsterdam_West",200,200,200,200,200,200,0,0
"6954","Amsterdam_Nieuw_west",150,150,150,150,150,150,0,0
"6955","Amsterdam_Zuid",300,300,300,300,300,300,0,0
"6956","Amsterdam_Noord",118,118,118,118,118,118,0,0
"6957","Amsterdam_Oost",150,150,150,150,150,150,0,0
"6958","Amsterdam_West",90,90,90,90,90,90,0,0
"6959","Amsterdam_West",250,250,250,214,250,207,-43,43
"6960","Amsterdam_Noord",75,75,75,75,75,75,0,0
"6961","Amsterdam_Oost",98,98,98,98,98,98,0,0
"6962","Amsterdam_Zuid",45,45,45,45,45,45,0,0
"6963","Amsterdam_Oost",100,100,100,100,100,100,0,0
"6964","Amsterdam_Zuid",150,150,150,150,150,150,0,0
"6965","Amsterdam_West",315,315,315,315,269,242,-73,73
"6966","Amsterdam_West",300,300,300,300,300,300,0,0
"6967","Amsterdam_West",61,61,61,61,61,62,1,1
"6968","Amsterdam_West",100,100,100,100,100,100,0,0
"6969","Amsterdam_Oost",41,41,41,41,41,41,0,0
"6970","Amsterdam_Oost",125,125,125,125,125,125,0,0
"6971","Amsterdam_West",130,130,130,130,130,130,0,0
"6972","Amsterdam_Zuid",255,255,255,255,255,255,0,0
"6973","Amsterdam_Center",257,257,257,257,257,257,0,0
"6974","Amsterdam_Zuid",140,140,140,140,140,140,0,0
"6975","Amsterdam_Zuid",180,180,180,180,180,180,0,0
"6976","Amsterdam_West",109,109,109,109,109,109,0,0
"6977","Amsterdam_Noord",110,110,110,110,110,110,0,0
"6978","Amsterdam_West",100,100,100,100,100,100,0,0
"6979","Amsterdam_West",176,176,176,176,176,176,0,0
"6980","Amsterdam_Zuid",250,250,250,165,165,200,-50,50
"6981","Amsterdam_Zuid",195,195,195,195,195,195,0,0
"6982","Amsterdam_Zuid",95,95,95,95,95,95,0,0
"6983","Amsterdam_Oost",200,200,200,200,200,200,0,0
"6984","Amsterdam_Noord",100,100,100,100,100,100,0,0
"6985","Amsterdam_Zuid",148,148,148,148,148,148,0,0
"6986","Amsterdam_Nieuw_west",105,105,105,105,105,105,0,0
"6987","Amsterdam_Center",100,100,100,100,100,100,0,0
"6988","Amsterdam_Nieuw_west",250,250,293,250,250,250,0,0
"6989","Amsterdam_Zuid",175,175,175,175,175,175,0,0
"6990","Amsterdam_Oost",109,109,109,109,109,109,0,0
"6991","Amsterdam_Oost",200,160,160,160,160,160,-40,40
"6992","Amsterdam_Zuid",180,180,180,180,180,180,0,0
"6993","Amsterdam_Center",170,170,170,170,170,170,0,0
"6994","Amsterdam_Zuid",190,190,190,190,190,190,0,0
"6995","Amsterdam_Center",125,125,125,125,125,125,0,0
"6996","Amsterdam_West",125,125,125,125,125,125,0,0
"6997","Amsterdam_Oost",113,113,180,113,113,113,0,0
"6998","Amsterdam_Zuid",90,90,90,90,90,90,0,0
"6999","Amsterdam_Oost",175,175,175,175,175,175,0,0
"7000","Amsterdam_Center",164,164,164,164,164,164,0,0
"7001","Amsterdam_Center",164,164,164,164,164,164,0,0
"7002","Amsterdam_Oost",595,595,595,595,595,595,0,0
"7003","Amsterdam_West",93,93,93,93,93,93,0,0
"7004","Amsterdam_Oost",74,74,74,74,74,74,0,0
"7005","Amsterdam_West",99,99,99,99,99,99,0,0
"7006","Amsterdam_West",69,69,69,69,69,69,0,0
"7007","Amsterdam_West",109,109,109,109,109,109,0,0
"7008","Amsterdam_Nieuw_west",119,119,119,119,119,119,0,0
"7009","Amsterdam_Oost",74,74,74,74,74,74,0,0
"7010","Amsterdam_Oost",74,74,74,74,74,74,0,0
"7011","Amsterdam_Oost",74,74,74,74,74,74,0,0
"7012","Amsterdam_Oost",74,74,74,74,74,74,0,0
"7013","Amsterdam_Oost",74,74,74,74,74,74,0,0
"7014","Amsterdam_Center",210,210,210,210,210,210,0,0
"7015","Amsterdam_Zuid",95,95,95,95,95,95,0,0
"7016","Amsterdam_Center",149,149,149,149,149,214,65,65
"7017","Amsterdam_Center",160,160,160,160,160,160,0,0
"7018","Amsterdam_Zuid",179,179,179,179,179,179,0,0
"7019","Amsterdam_Center",85,85,85,85,85,85,0,0
"7020","Amsterdam_West",49,49,49,49,49,49,0,0
"7021","Amsterdam_West",110,110,110,110,110,110,0,0
"7022","Amsterdam_Oost",53,53,53,53,53,53,0,0
"7023","Amsterdam_Zuid",114,114,114,114,114,114,0,0
"7024","Amsterdam_West",90,90,90,90,90,90,0,0
"7025","Amsterdam_Oost",160,160,160,160,160,160,0,0
"7026","Amsterdam_Center",251,251,251,251,251,251,0,0
"7027","Amsterdam_Noord",120,120,120,120,120,120,0,0
"7028","Amsterdam_West",48,48,48,48,48,48,0,0
"7029","Amsterdam_Zuid",75,75,75,75,75,78,3,3
"7030","Amsterdam_West",999,999,999,999,149,149,-850,850
"7031","Amsterdam_Zuid",185,185,185,185,185,185,0,0
"7032","Amsterdam_Zuid",150,150,150,150,150,150,0,0
"7033","Amsterdam_Center",247,177,173,243,300,355,108,108
"7034","Amsterdam_West",200,200,200,200,200,200,0,0
"7035","Amsterdam_West",110,110,110,110,110,110,0,0
"7036","Amsterdam_Center",199,199,199,199,199,199,0,0
"7037","Amsterdam_Nieuw_west",500,500,500,500,500,500,0,0
"7038","Amsterdam_Zuid",225,225,225,225,225,123,-102,102
"7039","Amsterdam_Zuid",130,130,130,130,130,130,0,0
"7040","Amsterdam_West",90,90,90,90,90,90,0,0
"7041","Amsterdam_Zuid",135,135,135,135,135,135,0,0
"7042","Amsterdam_Oost",125,125,125,125,125,125,0,0
"7043","Amsterdam_Center",65,65,65,65,65,65,0,0
"7044","Amsterdam_Zuid",50,50,50,50,50,50,0,0
"7045","Amsterdam_Center",121,121,121,121,121,121,0,0
"7046","Amsterdam_Center",210,210,210,210,210,210,0,0
"7047","Amsterdam_Noord",150,150,150,150,150,150,0,0
"7048","Amsterdam_Oost",70,70,70,70,70,70,0,0
"7049","Amsterdam_West",120,120,120,120,120,120,0,0
"7050","Amsterdam_Noord",39,39,39,39,39,39,0,0
"7051","Amsterdam_Center",120,120,120,120,120,120,0,0
"7052","Amsterdam_West",154,154,154,154,154,154,0,0
"7053","Amsterdam_West",150,150,150,150,150,150,0,0
"7054","Amsterdam_Oost",149,149,149,149,149,149,0,0
"7055","Amsterdam_Zuid",200,200,200,200,200,200,0,0
"7056","Amsterdam_Noord",100,100,100,100,100,100,0,0
"7057","Amsterdam_West",70,70,70,70,70,70,0,0
"7058","Amsterdam_Zuid",90,90,90,90,90,90,0,0
"7059","Amsterdam_Zuid",89,89,89,89,89,89,0,0
"7060","Amsterdam_Oost",65,65,65,65,65,65,0,0
"7061","Amsterdam_West",60,60,60,60,60,60,0,0
"7062","Amsterdam_Oost",110,110,110,110,110,95,-15,15
"7063","Amsterdam_Oost",95,95,95,95,95,95,0,0
"7064","Amsterdam_Zuidoost",118,118,118,118,118,118,0,0
"7065","Amsterdam_West",125,125,125,125,125,125,0,0
"7066","Amsterdam_Center",275,275,275,275,275,275,0,0
"7067","Amsterdam_Oost",142,142,142,142,142,142,0,0
"7068","Amsterdam_Center",300,300,300,300,300,300,0,0
"7069","Amsterdam_Oost",125,125,125,125,125,125,0,0
"7070","Amsterdam_Center",57,58,56,48,129,71,14,14
"7071","Amsterdam_Nieuw_west",50,50,50,50,50,50,0,0
"7072","Amsterdam_West",92,92,92,92,92,92,0,0
"7073","Amsterdam_Center",38,38,38,38,45,38,0,0
"7074","Amsterdam_Zuid",79,79,79,79,79,79,0,0
"7075","Amsterdam_Center",38,38,38,38,45,38,0,0
"7076","Amsterdam_Oost",126,126,126,126,126,126,0,0
"7077","Amsterdam_Center",57,57,57,57,57,57,0,0
"7078","Amsterdam_Center",180,180,180,180,180,180,0,0
"7079","Amsterdam_Oost",140,140,140,140,140,140,0,0
"7080","Amsterdam_Center",96,96,96,96,96,96,0,0
"7081","Amsterdam_West",79,79,89,99,89,89,10,10
"7082","Amsterdam_Noord",250,250,250,250,250,250,0,0
"7083","Amsterdam_Zuid",110,110,110,110,110,130,20,20
"7084","Amsterdam_Center",49,49,49,49,49,49,0,0
"7085","Amsterdam_Zuid",90,90,90,90,90,90,0,0
"7086","Amsterdam_Zuid",100,100,100,100,100,100,0,0
"7087","Amsterdam_Zuid",105,105,105,105,105,105,0,0
"7088","Amsterdam_Noord",205,205,205,205,205,205,0,0
"7089","Amsterdam_West",149,149,149,149,149,149,0,0
"7090","Amsterdam_West",96,96,96,96,69,83,-13,13
"7091","Amsterdam_Noord",77,77,77,77,77,77,0,0
"7092","Amsterdam_West",75,75,75,75,75,75,0,0
"7093","Amsterdam_Zuid",136,136,136,136,136,136,0,0
"7094","Amsterdam_Center",150,150,150,150,150,150,0,0
"7095","Amsterdam_Noord",150,150,150,150,150,150,0,0
"7096","Amsterdam_Oost",45,45,45,45,45,45,0,0
"7097","Amsterdam_West",176,175,177,177,179,175,-1,1
"7098","Amsterdam_West",90,90,90,90,90,90,0,0
"7099","Amsterdam_Noord",55,55,55,55,55,55,0,0
"7100","Amsterdam_Zuid",75,75,75,75,75,75,0,0
"7101","Amsterdam_West",155,155,155,155,155,155,0,0
"7102","Amsterdam_Center",180,180,180,180,180,180,0,0
"7103","Amsterdam_Oost",180,180,180,180,180,180,0,0
"7104","Amsterdam_Noord",70,70,70,70,70,70,0,0
"7105","Amsterdam_West",57,58,95,92,78,87,30,30
"7106","Amsterdam_Center",55,65,98,113,62,69,14,14
"7107","Amsterdam_Center",194,194,194,194,194,194,0,0
"7108","Amsterdam_West",200,200,200,200,200,200,0,0
"7109","Amsterdam_West",102,102,102,102,102,102,0,0
"7110","Amsterdam_Zuidoost",47,47,47,47,47,47,0,0
"7111","Amsterdam_West",105,105,105,105,105,105,0,0
"7112","Amsterdam_Center",74,76,123,61,69,76,2,2
"7113","Amsterdam_Center",77,79,105,77,69,76,-1,1
"7114","Amsterdam_Noord",203,210,210,210,210,210,7,7
"7115","Amsterdam_Center",350,250,250,395,350,350,0,0
"7116","Amsterdam_Oost",31,31,31,31,31,31,0,0
"7117","Amsterdam_West",65,65,65,65,65,65,0,0
"7118","Amsterdam_West",199,199,199,199,199,199,0,0
"7119","Amsterdam_Zuid",165,165,165,165,165,165,0,0
"7120","Amsterdam_West",214,175,175,196,196,196,-18,18
"7121","Amsterdam_Zuid",150,150,150,150,150,150,0,0
"7122","Amsterdam_Oost",190,190,190,190,190,190,0,0
"7123","Amsterdam_Center",130,130,130,130,130,130,0,0
"7124","Amsterdam_West",119,119,119,119,119,119,0,0
"7125","Amsterdam_Zuid",260,260,260,260,260,260,0,0
"7126","Amsterdam_Oost",80,80,80,80,80,80,0,0
"7127","Amsterdam_West",89,89,89,66,66,68,-21,21
"7128","Amsterdam_West",100,100,100,100,100,100,0,0
"7129","Amsterdam_West",100,100,100,100,100,100,0,0
"7130","Amsterdam_Center",100,80,80,80,80,80,-20,20
"7131","Amsterdam_West",110,110,110,110,110,110,0,0
"7132","Amsterdam_West",213,208,208,208,208,205,-8,8
"7133","Amsterdam_West",120,120,120,120,120,120,0,0
"7134","Amsterdam_Zuid",110,110,110,110,110,110,0,0
"7135","Amsterdam_Nieuw_west",150,150,150,150,150,150,0,0
"7136","Amsterdam_Zuid",130,130,130,130,130,130,0,0
"7137","Amsterdam_Center",245,245,245,245,245,245,0,0
"7138","Amsterdam_Oost",95,95,95,95,95,95,0,0
"7139","Amsterdam_West",110,110,110,110,110,110,0,0
"7140","Amsterdam_Oost",140,140,140,140,140,140,0,0
"7141","Amsterdam_Zuid",150,150,150,150,150,150,0,0
"7142","Amsterdam_Nieuw_west",250,250,250,250,250,250,0,0
"7143","Amsterdam_Zuidoost",85,85,85,120,95,89,4,4
"7144","Amsterdam_Zuid",130,130,130,130,130,130,0,0
"7145","Amsterdam_Zuid",115,115,115,115,115,115,0,0
"7146","Amsterdam_Oost",99,99,99,99,99,99,0,0
"7147","Amsterdam_Zuid",90,90,90,90,90,90,0,0
"7148","Amsterdam_Center",252,252,252,252,252,252,0,0
"7149","Amsterdam_Center",199,199,199,199,199,199,0,0
"7150","Amsterdam_Center",110,110,110,110,110,110,0,0
"7151","Amsterdam_Center",311,311,311,311,311,311,0,0
"7152","Amsterdam_Oost",275,275,275,275,275,275,0,0
"7153","Amsterdam_West",135,150,150,150,175,175,40,40
"7154","Amsterdam_Center",599,359,359,400,400,400,-199,199
"7155","Amsterdam_Center",550,550,550,550,550,550,0,0
"7156","Amsterdam_West",99,99,99,99,99,99,0,0
"7157","Amsterdam_West",135,171,184,190,190,163,28,28
"7158","Amsterdam_Center",190,190,190,190,170,170,-20,20
"7159","Amsterdam_Oost",215,215,215,215,215,215,0,0
"7160","Amsterdam_Center",180,180,200,200,175,170,-10,10
"7161","Amsterdam_West",87,90,90,90,90,90,3,3
"7162","Amsterdam_Oost",229,229,229,229,229,229,0,0
"7163","Amsterdam_Center",166,166,166,166,166,166,0,0
"7164","Amsterdam_West",110,110,110,110,110,110,0,0
"7165","Amsterdam_West",89,89,89,89,100,100,11,11
"7166","Amsterdam_Oost",100,100,100,100,100,100,0,0
"7167","Amsterdam_Zuid",137,140,140,140,140,140,3,3
"7168","Amsterdam_Noord",204,357,357,366,366,366,162,162
"7169","Amsterdam_West",95,95,95,95,95,95,0,0
"7170","Amsterdam_Oost",66,66,66,66,66,66,0,0
"7171","Amsterdam_West",94,94,94,94,94,94,0,0
"7172","Amsterdam_West",110,110,110,110,110,110,0,0
"7173","Amsterdam_Zuid",80,80,80,80,80,80,0,0
"7174","Amsterdam_Zuid",350,350,350,350,350,350,0,0
"7175","Amsterdam_Oost",129,129,129,129,129,129,0,0
"7176","Amsterdam_Center",130,130,130,130,130,130,0,0
"7177","Amsterdam_Zuid",59,60,79,59,53,57,-2,2
"7178","Amsterdam_West",253,253,253,253,253,253,0,0
"7179","Amsterdam_Oost",229,229,229,229,229,229,0,0
"7180","Amsterdam_Nieuw_west",165,165,165,165,165,165,0,0
"7181","Amsterdam_Center",20,20,20,20,20,20,0,0
"7182","Amsterdam_Oost",200,200,200,200,200,200,0,0
"7183","Amsterdam_Center",149,149,149,149,149,149,0,0
"7184","Amsterdam_West",29,34,26,34,18,42,13,13
"7185","Amsterdam_West",80,80,80,80,80,80,0,0
"7186","Amsterdam_Oost",95,95,95,95,95,95,0,0
"7187","Amsterdam_Center",120,120,120,120,120,120,0,0
"7188","Amsterdam_Noord",105,105,88,105,105,105,0,0
"7189","Amsterdam_Zuid",250,250,250,250,250,250,0,0
"7190","Amsterdam_Center",99,99,99,99,99,99,0,0
"7191","Amsterdam_Zuidoost",63,63,63,63,63,63,0,0
"7192","Amsterdam_Zuid",111,111,111,111,111,111,0,0
"7193","Amsterdam_Zuid",80,100,100,100,100,100,20,20
"7194","Amsterdam_West",135,135,135,135,135,135,0,0
"7195","Amsterdam_West",90,90,90,90,90,90,0,0
"7196","Amsterdam_West",60,60,60,60,60,60,0,0
"7197","Amsterdam_Zuid",150,150,150,150,150,150,0,0
"7198","Amsterdam_Zuid",82,75,75,120,75,93,11,11
"7199","Amsterdam_Noord",60,60,60,60,60,60,0,0
"7200","Amsterdam_West",220,220,220,220,220,220,0,0
"7201","Amsterdam_West",62,62,62,62,62,62,0,0
"7202","Amsterdam_West",129,129,129,129,129,129,0,0
"7203","Amsterdam_Noord",107,100,100,100,100,100,-7,7
"7204","Amsterdam_Oost",75,75,75,75,75,75,0,0
"7205","Amsterdam_Zuidoost",99,99,99,99,99,99,0,0
"7206","Amsterdam_Zuid",829,829,829,829,829,829,0,0
"7207","Amsterdam_West",125,125,125,125,125,125,0,0
"7208","Amsterdam_Zuid",280,280,280,280,280,280,0,0
"7209","Amsterdam_Center",126,90,146,120,155,155,29,29
"7210","Amsterdam_Zuid",100,100,100,100,100,100,0,0
"7211","Amsterdam_Zuid",80,80,80,80,80,80,0,0
"7212","Amsterdam_West",136,136,136,136,136,136,0,0
"7213","Amsterdam_Zuid",140,140,140,140,140,140,0,0
"7214","Amsterdam_Zuidoost",215,215,215,215,215,215,0,0
"7215","Amsterdam_West",120,120,120,120,120,120,0,0
"7216","Amsterdam_Nieuw_west",220,220,220,220,220,220,0,0
"7217","Amsterdam_Center",144,144,144,144,144,144,0,0
"7218","Amsterdam_Zuid",100,100,100,100,100,100,0,0
"7219","Amsterdam_Zuid",150,150,150,150,150,150,0,0
"7220","Amsterdam_West",83,83,83,83,83,83,0,0
"7221","Amsterdam_West",39,39,39,39,39,39,0,0
"7222","Amsterdam_West",139,139,139,139,139,139,0,0
"7223","Amsterdam_West",120,120,120,120,120,120,0,0
"7224","Amsterdam_West",55,50,50,55,67,67,12,12
"7225","Amsterdam_Center",168,168,168,168,168,168,0,0
"7226","Amsterdam_Zuid",90,90,90,90,90,90,0,0
"7227","Amsterdam_West",45,45,45,45,45,45,0,0
"7228","Amsterdam_Zuidoost",42,42,42,42,42,42,0,0
"7229","Amsterdam_Zuid",63,63,63,63,63,63,0,0
"7230","Amsterdam_Oost",115,115,115,115,115,115,0,0
"7231","Amsterdam_West",102,102,102,102,102,102,0,0
"7232","Amsterdam_Center",135,135,135,135,135,135,0,0
"7233","Amsterdam_Nieuw_west",174,174,174,174,174,174,0,0
"7234","Amsterdam_Noord",125,125,125,125,125,125,0,0
"7235","Amsterdam_Center",73,70,70,70,70,70,-3,3
"7236","Amsterdam_Oost",56,56,56,56,56,56,0,0
"7237","Amsterdam_Noord",103,103,103,103,103,103,0,0
"7238","Amsterdam_Oost",100,100,100,100,100,100,0,0
"7239","Amsterdam_Oost",86,86,76,135,135,153,67,67
"7240","Amsterdam_Oost",129,129,129,129,129,129,0,0
"7241","Amsterdam_West",135,135,135,135,70,78,-57,57
"7242","Amsterdam_West",90,90,90,90,90,90,0,0
"7243","Amsterdam_West",76,76,76,76,76,76,0,0
"7244","Amsterdam_Nieuw_west",50,50,50,50,50,50,0,0
"7245","Amsterdam_Zuid",114,114,114,114,114,114,0,0
"7246","Amsterdam_Zuid",80,80,80,80,80,80,0,0
"7247","Amsterdam_Oost",110,110,110,110,110,110,0,0
"7248","Amsterdam_Zuid",95,95,95,95,95,95,0,0
"7249","Amsterdam_West",90,90,90,90,90,90,0,0
"7250","Amsterdam_Oost",275,275,276,275,289,276,1,1
"7251","Amsterdam_Zuidoost",43,43,43,43,43,43,0,0
"7252","Amsterdam_West",95,95,145,145,155,155,60,60
"7253","Amsterdam_Center",200,200,200,200,200,300,100,100
"7254","Amsterdam_Zuidoost",176,176,176,176,176,176,0,0
"7255","Amsterdam_Center",131,131,131,131,131,131,0,0
"7256","Amsterdam_West",179,179,179,179,179,179,0,0
"7257","Amsterdam_Center",95,95,95,95,95,95,0,0
"7258","Amsterdam_Noord",125,125,125,125,125,125,0,0
"7259","Amsterdam_Oost",86,86,86,86,99,99,13,13
"7260","Amsterdam_Oost",95,95,95,95,95,95,0,0
"7261","Amsterdam_West",170,170,170,170,170,170,0,0
"7262","Amsterdam_Zuid",100,100,100,100,100,100,0,0
"7263","Amsterdam_Oost",94,94,94,94,94,94,0,0
"7264","Amsterdam_Noord",80,80,80,80,80,80,0,0
"7265","Amsterdam_Zuid",98,98,98,98,98,98,0,0
"7266","Amsterdam_Zuid",220,187,191,190,258,294,74,74
"7267","Amsterdam_Zuid",180,186,186,186,200,180,0,0
"7268","Amsterdam_Oost",103,103,103,103,103,103,0,0
"7269","Amsterdam_Center",200,200,200,200,200,245,45,45
"7270","Amsterdam_Zuid",150,150,150,150,150,150,0,0
"7271","Amsterdam_Zuid",121,121,121,121,121,121,0,0
"7272","Amsterdam_West",129,129,129,129,129,129,0,0
"7273","Amsterdam_West",350,350,350,350,350,350,0,0
"7274","Amsterdam_West",100,100,100,100,100,100,0,0
"7275","Amsterdam_Zuidoost",50,50,50,50,50,50,0,0
"7276","Amsterdam_Center",200,200,200,200,200,200,0,0
"7277","Amsterdam_Noord",90,90,90,90,90,90,0,0
"7278","Amsterdam_Noord",170,170,170,170,170,170,0,0
"7279","Amsterdam_West",94,94,94,94,94,94,0,0
"7280","Amsterdam_West",100,100,100,100,100,100,0,0
"7281","Amsterdam_West",75,75,75,75,75,75,0,0
"7282","Amsterdam_West",99,99,99,99,99,99,0,0
"7283","Amsterdam_West",225,225,225,225,225,225,0,0
"7284","Amsterdam_Noord",129,129,129,129,129,129,0,0
"7285","Amsterdam_Zuid",160,160,160,160,160,160,0,0
"7286","Amsterdam_Center",85,85,85,85,85,85,0,0
"7287","Amsterdam_Center",103,103,103,103,103,103,0,0
"7288","Amsterdam_Zuid",108,108,108,108,108,108,0,0
"7289","Amsterdam_Oost",140,140,140,140,140,140,0,0
"7290","Amsterdam_Oost",76,75,75,75,75,75,-1,1
"7291","Amsterdam_Center",130,130,130,130,130,130,0,0
"7292","Amsterdam_West",115,115,115,115,115,115,0,0
"7293","Amsterdam_West",140,140,110,110,110,110,-30,30
"7294","Amsterdam_Oost",125,113,125,125,125,159,34,34
"7295","Amsterdam_Zuid",135,135,135,135,135,135,0,0
"7296","Amsterdam_West",214,136,164,164,164,164,-50,50
"7297","Amsterdam_Zuid",180,180,180,180,180,180,0,0
"7298","Amsterdam_West",260,260,260,260,260,260,0,0
"7299","Amsterdam_Zuid",118,118,118,118,118,118,0,0
"7300","Amsterdam_Zuid",270,270,270,270,270,270,0,0
"7301","Amsterdam_West",70,70,70,70,70,70,0,0
"7302","Amsterdam_West",100,100,100,100,100,100,0,0
"7303","Amsterdam_West",79,79,79,79,79,79,0,0
"7304","Amsterdam_Oost",250,250,250,250,250,250,0,0
"7305","Amsterdam_West",80,80,80,80,80,80,0,0
"7306","Amsterdam_Zuid",170,170,170,170,170,170,0,0
"7307","Amsterdam_Zuid",614,614,614,614,614,614,0,0
"7308","Amsterdam_West",160,160,160,160,160,160,0,0
"7309","Amsterdam_Zuid",280,280,280,280,280,280,0,0
"7310","Amsterdam_Zuid",250,250,250,250,250,250,0,0
"7311","Amsterdam_Oost",250,250,250,250,250,250,0,0
"7312","Amsterdam_West",290,247,238,265,175,175,-115,115
"7313","Amsterdam_Center",76,82,82,82,70,76,0,0
"7314","Amsterdam_Nieuw_west",95,95,95,95,95,95,0,0
"7315","Amsterdam_West",143,143,143,143,143,143,0,0
"7316","Amsterdam_Zuid",250,250,250,250,250,250,0,0
"7317","Amsterdam_Zuid",83,83,83,83,83,83,0,0
"7318","Amsterdam_Oost",128,128,128,128,128,128,0,0
"7319","Amsterdam_West",148,148,148,148,148,148,0,0
"7320","Amsterdam_West",150,150,150,150,150,150,0,0
"7321","Amsterdam_West",99,99,99,99,99,99,0,0
"7322","Amsterdam_Center",150,150,150,150,150,150,0,0
"7323","Amsterdam_Center",200,200,200,200,200,200,0,0
"7324","Amsterdam_West",220,220,220,220,220,220,0,0
"7325","Amsterdam_West",140,140,140,140,140,140,0,0
"7326","Amsterdam_Oost",80,80,80,80,80,80,0,0
"7327","Amsterdam_West",135,135,135,135,135,135,0,0
"7328","Amsterdam_Zuid",100,100,100,100,100,100,0,0
"7329","Amsterdam_Zuid",156,156,156,156,156,156,0,0
"7330","Amsterdam_Zuid",79,79,79,79,85,85,6,6
"7331","Amsterdam_Center",500,318,318,368,500,500,0,0
"7332","Amsterdam_West",90,90,90,90,90,90,0,0
"7333","Amsterdam_Zuid",195,195,195,195,195,195,0,0
"7334","Amsterdam_Zuid",130,130,130,130,130,130,0,0
"7335","Amsterdam_West",277,277,277,277,277,277,0,0
"7336","Amsterdam_Zuid",80,80,80,80,80,80,0,0
"7337","Amsterdam_West",100,100,100,100,100,100,0,0
"7338","Amsterdam_Nieuw_west",120,120,120,120,120,120,0,0
"7339","Amsterdam_Zuid",155,155,155,155,155,155,0,0
"7340","Amsterdam_Oost",200,250,250,250,250,250,50,50
"7341","Amsterdam_West",55,55,55,55,55,55,0,0
"7342","Amsterdam_West",70,70,70,70,70,70,0,0
"7343","Amsterdam_Oost",99,99,99,99,99,99,0,0
"7344","Amsterdam_West",255,255,255,255,255,255,0,0
"7345","Amsterdam_Oost",230,230,230,230,230,230,0,0
"7346","Amsterdam_West",80,80,80,80,80,80,0,0
"7347","Amsterdam_West",199,199,199,199,199,199,0,0
"7348","Amsterdam_Zuid",139,139,139,139,139,139,0,0
"7349","Amsterdam_West",280,280,280,280,280,280,0,0
"7350","Amsterdam_Oost",75,75,75,75,75,75,0,0
"7351","Amsterdam_West",250,250,250,250,250,250,0,0
"7352","Amsterdam_West",250,250,250,250,250,250,0,0
"7353","Amsterdam_Nieuw_west",153,153,153,153,153,153,0,0
"7354","Amsterdam_Noord",175,175,175,175,175,175,0,0
"7355","Amsterdam_Zuid",80,80,80,80,80,80,0,0
"7356","Amsterdam_Zuid",180,180,180,180,180,180,0,0
"7357","Amsterdam_Zuid",95,95,95,95,95,95,0,0
"7358","Amsterdam_Center",130,130,130,130,130,130,0,0
"7359","Amsterdam_West",110,110,110,110,110,110,0,0
"7360","Amsterdam_Noord",87,87,87,87,87,87,0,0
"7361","Amsterdam_Oost",200,200,200,200,200,200,0,0
"7362","Amsterdam_Nieuw_west",133,133,133,133,133,133,0,0
"7363","Amsterdam_West",79,79,79,79,79,79,0,0
"7364","Amsterdam_Noord",55,55,55,55,55,55,0,0
"7365","Amsterdam_West",125,125,125,125,125,125,0,0
"7366","Amsterdam_West",249,249,249,249,249,249,0,0
"7367","Amsterdam_West",100,100,100,100,100,100,0,0
"7368","Amsterdam_Noord",150,150,150,150,150,150,0,0
"7369","Amsterdam_West",130,130,130,130,130,130,0,0
"7370","Amsterdam_Nieuw_west",124,124,124,124,124,124,0,0
"7371","Amsterdam_Noord",39,39,39,39,39,39,0,0
"7372","Amsterdam_West",95,95,95,95,95,95,0,0
"7373","Amsterdam_Zuid",89,89,89,89,89,89,0,0
"7374","Amsterdam_Oost",108,108,108,108,108,108,0,0
"7375","Amsterdam_West",145,145,145,145,145,145,0,0
"7376","Amsterdam_West",170,170,170,170,170,170,0,0
"7377","Amsterdam_West",89,89,89,89,89,89,0,0
"7378","Amsterdam_Oost",120,120,120,120,120,120,0,0
"7379","Amsterdam_West",110,110,110,110,110,110,0,0
"7380","Amsterdam_West",120,120,120,120,120,120,0,0
"7381","Amsterdam_West",99,99,99,99,99,99,0,0
"7382","Amsterdam_Center",168,238,238,238,149,149,-19,19
"7383","Amsterdam_West",130,130,130,130,130,130,0,0
"7384","Amsterdam_Center",395,395,395,395,395,395,0,0
"7385","Amsterdam_West",99,99,99,99,99,99,0,0
"7386","Amsterdam_West",50,50,50,50,50,50,0,0
"7387","Amsterdam_Noord",170,140,140,140,140,147,-23,23
"7388","Amsterdam_Oost",117,117,117,117,117,117,0,0
"7389","Amsterdam_Center",199,199,199,199,199,199,0,0
"7390","Amsterdam_West",145,145,145,145,145,145,0,0
"7391","Amsterdam_Center",124,124,124,124,124,124,0,0
"7392","Amsterdam_Zuid",300,300,300,300,300,300,0,0
"7393","Amsterdam_West",100,100,100,100,100,100,0,0
"7394","Amsterdam_Zuid",234,234,234,234,234,234,0,0
"7395","Amsterdam_West",85,85,85,85,85,85,0,0
"7396","Amsterdam_Oost",110,110,110,110,110,110,0,0
"7397","Amsterdam_Zuid",105,105,105,105,105,105,0,0
"7398","Amsterdam_West",110,110,110,110,110,110,0,0
"7399","Amsterdam_Center",110,110,110,110,110,110,0,0
"7400","Amsterdam_Nieuw_west",65,65,65,65,65,65,0,0
"7401","Amsterdam_West",180,180,180,180,180,180,0,0
"7402","Amsterdam_Noord",77,77,77,77,77,77,0,0
"7403","Amsterdam_West",150,150,150,150,150,150,0,0
"7404","Amsterdam_Nieuw_west",75,75,75,75,75,75,0,0
"7405","Amsterdam_Center",120,120,120,120,120,120,0,0
"7406","Amsterdam_Zuid",180,180,180,180,180,180,0,0
"7407","Amsterdam_Center",170,170,170,170,170,170,0,0
"7408","Amsterdam_West",150,150,150,150,150,150,0,0
"7409","Amsterdam_Oost",249,249,249,249,249,249,0,0
"7410","Amsterdam_West",75,75,75,75,75,75,0,0
"7411","Amsterdam_Center",175,175,175,175,175,175,0,0
"7412","Amsterdam_Noord",23,23,23,23,24,23,0,0
"7413","Amsterdam_West",100,100,100,100,100,100,0,0
"7414","Amsterdam_Zuid",116,116,116,116,116,116,0,0
"7415","Amsterdam_West",125,125,125,125,125,125,0,0
"7416","Amsterdam_Oost",150,150,150,150,150,150,0,0
"7417","Amsterdam_Zuid",95,95,95,95,95,95,0,0
"7418","Amsterdam_Center",615,615,615,615,615,615,0,0
"7419","Amsterdam_Zuid",120,120,120,120,120,120,0,0
"7420","Amsterdam_Noord",124,124,124,124,124,124,0,0
"7421","Amsterdam_West",90,90,90,90,90,90,0,0
"7422","Amsterdam_Center",132,139,138,141,189,189,57,57
"7423","Amsterdam_Zuid",120,120,120,120,120,120,0,0
"7424","Amsterdam_Oost",100,100,100,100,100,100,0,0
"7425","Amsterdam_Oost",75,75,75,75,75,75,0,0
"7426","Amsterdam_Zuid",125,125,125,125,125,125,0,0
"7427","Amsterdam_Zuid",125,125,125,125,125,125,0,0
"7428","Amsterdam_West",95,95,95,95,95,95,0,0
"7429","Amsterdam_Oost",85,85,85,85,85,85,0,0
"7430","Amsterdam_West",85,85,85,85,85,85,0,0
"7431","Amsterdam_Zuid",200,200,200,200,200,200,0,0
"7432","Amsterdam_Oost",115,115,115,115,115,115,0,0
"7433","Amsterdam_Oost",75,75,75,75,75,75,0,0
"7434","Amsterdam_West",105,105,105,105,105,105,0,0
"7435","Amsterdam_Nieuw_west",170,170,170,170,170,170,0,0
"7436","Amsterdam_Zuid",40,40,81,40,40,41,1,1
"7437","Amsterdam_West",210,210,210,210,210,210,0,0
"7438","Amsterdam_Zuid",165,165,165,165,165,165,0,0
"7439","Amsterdam_West",131,131,131,131,131,131,0,0
"7440","Amsterdam_Oost",82,82,82,82,82,82,0,0
"7441","Amsterdam_Center",250,250,225,225,225,225,-25,25
"7442","Amsterdam_Center",314,262,270,273,311,72,-242,242
"7443","Amsterdam_Oost",75,75,75,90,78,90,15,15
"7444","Amsterdam_Noord",95,95,95,95,95,95,0,0
"7445","Amsterdam_Center",95,95,95,95,95,95,0,0
"7446","Amsterdam_Zuidoost",45,45,45,45,45,45,0,0
"7447","Amsterdam_Nieuw_west",72,72,72,72,72,72,0,0
"7448","Amsterdam_Zuidoost",65,65,65,65,65,65,0,0
"7449","Amsterdam_Center",75,75,75,75,75,75,0,0
"7450","Amsterdam_Nieuw_west",180,180,180,180,180,153,-27,27
"7451","Amsterdam_Zuid",125,125,125,125,125,125,0,0
"7452","Amsterdam_West",199,199,199,199,199,199,0,0
"7453","Amsterdam_Zuid",150,150,150,150,150,150,0,0
"7454","Amsterdam_Oost",150,150,150,150,150,150,0,0
"7455","Amsterdam_Nieuw_west",75,75,75,75,75,75,0,0
"7456","Amsterdam_West",150,150,150,150,150,150,0,0
"7457","Amsterdam_Oost",157,157,157,157,157,157,0,0
"7458","Amsterdam_Zuid",800,800,800,800,800,800,0,0
"7459","Amsterdam_West",110,110,110,110,110,110,0,0
"7460","Amsterdam_Noord",79,79,79,79,79,79,0,0
"7461","Amsterdam_Center",120,120,120,120,120,120,0,0
"7462","Amsterdam_West",110,110,110,110,110,110,0,0
"7463","Amsterdam_Zuid",325,275,275,275,275,275,-50,50
"7464","Amsterdam_Oost",95,95,95,95,95,95,0,0
"7465","Amsterdam_West",220,220,220,220,220,220,0,0
"7466","Amsterdam_Nieuw_west",1500,1500,1500,1500,1500,1500,0,0
"7467","Amsterdam_Nieuw_west",55,55,55,55,55,55,0,0
"7468","Amsterdam_West",115,115,115,115,115,115,0,0
"7469","Amsterdam_Zuid",86,175,175,175,175,143,57,57
"7470","Amsterdam_West",148,148,148,148,148,148,0,0
"7471","Amsterdam_Zuid",164,164,164,164,164,164,0,0
"7472","Amsterdam_Oost",157,157,157,157,157,157,0,0
"7473","Amsterdam_West",85,85,85,85,85,85,0,0
"7474","Amsterdam_Nieuw_west",75,75,75,75,75,125,50,50
"7475","Amsterdam_Center",307,307,307,307,307,307,0,0
"7476","Amsterdam_Nieuw_west",165,165,165,165,165,165,0,0
"7477","Amsterdam_Nieuw_west",999,999,999,999,999,999,0,0
"7478","Amsterdam_West",132,132,132,132,132,132,0,0
"7479","Amsterdam_Zuid",140,140,140,140,140,140,0,0
"7480","Amsterdam_Oost",185,185,185,185,175,175,-10,10
"7481","Amsterdam_Zuid",129,129,129,129,129,129,0,0
"7482","Amsterdam_Zuid",300,225,225,225,225,250,-50,50
"7483","Amsterdam_Zuid",224,224,224,224,224,224,0,0
"7484","Amsterdam_Center",169,169,169,169,169,169,0,0
"7485","Amsterdam_Center",300,300,300,300,300,300,0,0
"7486","Amsterdam_West",68,68,68,68,68,68,0,0
"7487","Amsterdam_West",228,228,228,228,228,228,0,0
"7488","Amsterdam_West",150,150,150,150,150,150,0,0
"7489","Amsterdam_Oost",98,98,98,98,98,98,0,0
"7490","Amsterdam_Zuid",900,900,900,900,900,900,0,0
"7491","Amsterdam_Nieuw_west",180,180,180,180,180,180,0,0
"7492","Amsterdam_Center",149,149,149,149,149,149,0,0
"7493","Amsterdam_West",161,104,104,104,104,104,-57,57
"7494","Amsterdam_West",170,170,170,170,170,170,0,0
"7495","Amsterdam_Zuid",149,149,149,149,149,149,0,0
"7496","Amsterdam_Zuidoost",120,120,120,120,120,120,0,0
"7497","Amsterdam_West",175,175,175,175,175,164,-11,11
"7498","Amsterdam_West",150,150,150,150,150,150,0,0
"7499","Amsterdam_West",59,52,35,34,34,49,-10,10
"7500","Amsterdam_Noord",95,95,95,95,95,95,0,0
"7501","Amsterdam_Zuid",159,159,159,159,159,159,0,0
"7502","Amsterdam_Center",225,225,225,225,225,225,0,0
"7503","Amsterdam_Oost",216,216,216,216,216,216,0,0
"7504","Amsterdam_Noord",70,70,70,70,70,70,0,0
"7505","Amsterdam_West",200,200,200,200,200,200,0,0
"7506","Amsterdam_Noord",85,85,85,85,85,85,0,0
"7507","Amsterdam_Oost",285,285,285,285,285,285,0,0
"7508","Amsterdam_West",166,166,166,166,166,166,0,0
"7509","Amsterdam_West",219,219,219,219,219,219,0,0
"7510","Amsterdam_Center",121,144,144,144,164,164,43,43
"7511","Amsterdam_West",91,91,91,91,91,91,0,0
"7512","Amsterdam_Oost",130,130,130,130,130,130,0,0
"7513","Amsterdam_West",95,95,95,95,95,95,0,0
"7514","Amsterdam_West",220,220,220,220,220,220,0,0
"7515","Amsterdam_Zuid",69,55,55,46,58,76,7,7
"7516","Amsterdam_Noord",70,70,70,70,70,70,0,0
"7517","Amsterdam_West",125,125,125,125,155,146,21,21
"7518","Amsterdam_West",60,80,80,75,67,63,3,3
"7519","Amsterdam_West",180,180,180,180,259,263,83,83
"7520","Amsterdam_Zuid",119,119,119,119,119,119,0,0
"7521","Amsterdam_Oost",72,72,72,72,72,72,0,0
"7522","Amsterdam_Zuid",150,150,150,150,150,150,0,0
"7523","Amsterdam_Noord",214,235,267,264,281,289,75,75
"7524","Amsterdam_Center",110,130,130,130,110,128,18,18
"7525","Amsterdam_Center",80,80,80,80,80,80,0,0
"7526","Amsterdam_Zuid",175,175,175,175,175,175,0,0
"7527","Amsterdam_Zuid",80,80,80,80,80,80,0,0
"7528","Amsterdam_Zuid",89,110,110,120,127,103,14,14
"7529","Amsterdam_West",100,100,100,100,100,100,0,0
"7530","Amsterdam_Center",223,204,204,207,236,149,-74,74
"7531","Amsterdam_Zuid",99,125,125,125,160,160,61,61
"7532","Amsterdam_West",225,225,225,225,225,225,0,0
"7533","Amsterdam_Zuid",220,220,220,220,220,220,0,0
"7534","Amsterdam_Zuid",95,95,95,95,95,95,0,0
"7535","Amsterdam_West",90,90,90,90,90,90,0,0
"7536","Amsterdam_Center",350,350,350,350,350,350,0,0
"7537","Amsterdam_Oost",139,139,139,139,139,139,0,0
"7538","Amsterdam_Zuid",190,190,190,190,190,190,0,0
"7539","Amsterdam_West",160,130,130,130,130,130,-30,30
"7540","Amsterdam_Center",257,257,257,167,169,169,-88,88
"7541","Amsterdam_Zuid",300,300,300,300,300,300,0,0
"7542","Amsterdam_Oost",40,60,60,60,60,60,20,20
"7543","Amsterdam_West",75,75,75,75,75,75,0,0
"7544","Amsterdam_West",200,200,200,200,200,200,0,0
"7545","Amsterdam_Center",200,200,200,200,200,200,0,0
"7546","Amsterdam_Oost",90,90,90,90,90,90,0,0
"7547","Amsterdam_Zuid",150,150,150,150,150,150,0,0
"7548","Amsterdam_Center",129,129,129,129,129,129,0,0
"7549","Amsterdam_Noord",198,198,198,198,198,198,0,0
"7550","Amsterdam_Zuid",110,110,110,110,110,110,0,0
"7551","Amsterdam_West",147,147,147,147,147,147,0,0
"7552","Amsterdam_Zuid",82,82,82,82,82,82,0,0
"7553","Amsterdam_Oost",140,140,140,140,140,140,0,0
"7554","Amsterdam_Zuid",155,155,155,155,155,155,0,0
"7555","Amsterdam_Oost",89,89,89,89,89,89,0,0
"7556","Amsterdam_Center",88,88,88,88,115,126,38,38
"7557","Amsterdam_Oost",216,216,216,216,216,216,0,0
"7558","Amsterdam_West",186,186,186,186,186,186,0,0
"7559","Amsterdam_Center",500,500,500,500,500,200,-300,300
"7560","Amsterdam_Zuidoost",63,63,63,63,63,63,0,0
"7561","Amsterdam_Oost",95,95,95,95,95,95,0,0
"7562","Amsterdam_Center",133,133,133,133,133,133,0,0
"7563","Amsterdam_Center",150,150,150,150,150,150,0,0
"7564","Amsterdam_Noord",220,220,220,220,220,220,0,0
"7565","Amsterdam_Zuid",140,140,140,140,140,140,0,0
"7566","Amsterdam_Center",500,500,500,500,500,120,-380,380
"7567","Amsterdam_Oost",165,134,132,149,134,117,-48,48
"7568","Amsterdam_Center",136,136,136,136,175,177,41,41
"7569","Amsterdam_Noord",147,147,149,149,147,180,33,33
"7570","Amsterdam_Center",175,175,175,175,175,175,0,0
"7571","Amsterdam_Zuid",125,125,125,125,125,125,0,0
"7572","Amsterdam_Center",168,168,168,168,168,168,0,0
"7573","Amsterdam_Oost",100,83,100,60,90,90,-10,10
"7574","Amsterdam_West",210,210,210,210,210,210,0,0
"7575","Amsterdam_Zuidoost",85,85,85,85,85,85,0,0
"7576","Amsterdam_Zuid",200,200,200,200,200,200,0,0
"7577","Amsterdam_West",125,125,125,125,125,125,0,0
"7578","Amsterdam_West",110,110,110,110,110,110,0,0
"7579","Amsterdam_Zuid",155,155,155,155,155,155,0,0
"7580","Amsterdam_Oost",110,110,110,110,110,110,0,0
"7581","Amsterdam_West",189,189,189,189,189,189,0,0
"7582","Amsterdam_Oost",159,159,159,159,159,159,0,0
"7583","Amsterdam_Oost",107,107,107,107,107,107,0,0
"7584","Amsterdam_West",95,95,95,95,95,95,0,0
"7585","Amsterdam_Zuid",110,110,110,110,110,110,0,0
"7586","Amsterdam_Zuid",79,79,79,79,79,79,0,0
"7587","Amsterdam_West",90,90,90,90,90,90,0,0
"7588","Amsterdam_Oost",60,60,60,60,60,60,0,0
"7589","Amsterdam_Center",180,180,180,180,180,180,0,0
"7590","Amsterdam_West",250,250,250,250,250,250,0,0
"7591","Amsterdam_West",100,100,104,100,100,100,0,0
"7592","Amsterdam_Center",100,100,100,100,100,100,0,0
"7593","Amsterdam_Nieuw_west",20,30,25,25,25,25,5,5
"7594","Amsterdam_Center",223,204,204,207,236,149,-74,74
"7595","Amsterdam_West",150,150,150,150,150,150,0,0
"7596","Amsterdam_Zuid",900,900,900,900,900,900,0,0
"7597","Amsterdam_West",98,98,98,98,98,98,0,0
"7598","Amsterdam_Oost",50,50,50,50,50,50,0,0
"7599","Amsterdam_Oost",275,275,275,275,275,275,0,0
"7600","Amsterdam_Zuid",80,80,80,80,80,80,0,0
"7601","Amsterdam_Oost",175,175,175,175,175,175,0,0
"7602","Amsterdam_Oost",81,81,81,81,81,81,0,0
"7603","Amsterdam_Zuidoost",40,40,40,40,40,40,0,0
"7604","Amsterdam_Center",199,199,199,199,199,199,0,0
"7605","Amsterdam_Zuid",70,70,70,70,70,70,0,0
"7606","Amsterdam_Center",181,181,181,181,181,212,31,31
"7607","Amsterdam_Oost",80,80,80,80,80,80,0,0
"7608","Amsterdam_Nieuw_west",100,100,100,100,100,100,0,0
"7609","Amsterdam_Oost",140,140,140,140,140,140,0,0
"7610","Amsterdam_Oost",230,209,180,230,230,230,0,0
"7611","Amsterdam_West",110,110,110,110,110,110,0,0
"7612","Amsterdam_West",500,500,500,500,500,500,0,0
"7613","Amsterdam_Zuid",95,95,95,95,95,95,0,0
"7614","Amsterdam_Center",202,202,202,202,202,202,0,0
"7615","Amsterdam_West",130,130,130,130,130,130,0,0
"7616","Amsterdam_Oost",81,81,81,81,81,81,0,0
"7617","Amsterdam_Center",60,70,70,70,70,89,29,29
"7618","Amsterdam_Zuid",180,180,180,180,180,180,0,0
"7619","Amsterdam_West",150,150,150,150,150,150,0,0
"7620","Amsterdam_Center",170,170,170,170,170,170,0,0
"7621","Amsterdam_Center",160,160,160,160,160,160,0,0
"7622","Amsterdam_Zuid",212,173,160,160,160,160,-52,52
"7623","Amsterdam_West",200,200,200,200,200,200,0,0
"7624","Amsterdam_Zuid",148,148,148,148,148,148,0,0
"7625","Amsterdam_Nieuw_west",150,150,150,150,150,150,0,0
"7626","Amsterdam_West",135,135,135,135,135,125,-10,10
"7627","Amsterdam_West",246,240,240,240,240,240,-6,6
"7628","Amsterdam_West",200,200,200,200,200,200,0,0
"7629","Amsterdam_West",70,70,70,70,70,70,0,0
"7630","Amsterdam_West",120,120,120,120,120,120,0,0
"7631","Amsterdam_Center",120,120,120,120,120,120,0,0
"7632","Amsterdam_Oost",83,83,79,96,94,89,6,6
"7633","Amsterdam_West",125,125,125,125,125,125,0,0
"7634","Amsterdam_Oost",275,275,275,275,275,275,0,0
"7635","Amsterdam_Zuidoost",204,204,204,204,204,204,0,0
"7636","Amsterdam_Zuid",149,149,149,149,149,149,0,0
"7637","Amsterdam_Zuid",120,120,120,120,120,120,0,0
"7638","Amsterdam_Zuid",100,100,100,100,100,100,0,0
"7639","Amsterdam_Oost",106,106,106,106,106,106,0,0
"7640","Amsterdam_West",160,160,160,160,160,160,0,0
"7641","Amsterdam_Oost",250,250,250,250,250,250,0,0
"7642","Amsterdam_Zuid",145,145,145,145,145,145,0,0
"7643","Amsterdam_Zuid",165,165,165,165,165,165,0,0
"7644","Amsterdam_Center",215,215,215,215,215,215,0,0
"7645","Amsterdam_Zuid",50,50,49,50,80,88,38,38
"7646","Amsterdam_Center",150,150,150,150,150,150,0,0
"7647","Amsterdam_Center",94,90,101,101,100,110,16,16
"7648","Amsterdam_Noord",88,88,88,88,88,88,0,0
"7649","Amsterdam_Oost",60,60,60,60,60,60,0,0
"7650","Amsterdam_Center",130,130,130,130,130,130,0,0
"7651","Amsterdam_Noord",150,150,150,150,150,150,0,0
"7652","Amsterdam_West",250,250,250,250,250,250,0,0
"7653","Amsterdam_Noord",155,155,155,155,155,155,0,0
"7654","Amsterdam_Nieuw_west",68,68,68,68,68,68,0,0
"7655","Amsterdam_West",200,200,200,200,200,200,0,0
"7656","Amsterdam_Oost",275,275,275,275,275,275,0,0
"7657","Amsterdam_Zuid",109,109,85,85,72,92,-17,17
"7658","Amsterdam_West",132,132,132,132,132,132,0,0
"7659","Amsterdam_West",169,169,169,169,169,169,0,0
"7660","Amsterdam_West",240,240,240,240,240,240,0,0
"7661","Amsterdam_Noord",60,60,60,60,60,60,0,0
"7662","Amsterdam_West",120,120,120,120,120,120,0,0
"7663","Amsterdam_Nieuw_west",20,54,26,21,25,26,6,6
"7664","Amsterdam_Oost",130,130,130,130,130,130,0,0
"7665","Amsterdam_Center",96,90,90,91,80,90,-6,6
"7666","Amsterdam_Center",225,225,225,225,225,225,0,0
"7667","Amsterdam_Oost",186,186,186,186,186,186,0,0
"7668","Amsterdam_Oost",199,199,199,199,199,199,0,0
"7669","Amsterdam_West",70,70,70,70,70,70,0,0
"7670","Amsterdam_Oost",200,200,200,200,200,200,0,0
"7671","Amsterdam_West",120,120,120,120,120,120,0,0
"7672","Amsterdam_Noord",155,155,155,155,155,155,0,0
"7673","Amsterdam_West",85,85,85,85,100,100,15,15
"7674","Amsterdam_Noord",125,125,125,125,125,125,0,0
"7675","Amsterdam_West",110,110,110,110,110,110,0,0
"7676","Amsterdam_Oost",120,120,120,120,120,120,0,0
"7677","Amsterdam_West",80,80,80,80,80,80,0,0
"7678","Amsterdam_Zuid",130,130,130,130,130,130,0,0
"7679","Amsterdam_Center",208,208,208,208,208,208,0,0
"7680","Amsterdam_Oost",150,150,150,150,150,150,0,0
"7681","Amsterdam_Zuid",120,120,120,120,120,120,0,0
"7682","Amsterdam_Nieuw_west",60,60,60,60,60,60,0,0
"7683","Amsterdam_Zuid",153,153,153,153,153,153,0,0
"7684","Amsterdam_Center",270,270,270,270,270,270,0,0
"7685","Amsterdam_Center",250,250,250,250,250,250,0,0
"7686","Amsterdam_West",142,142,142,142,142,142,0,0
"7687","Amsterdam_Zuid",65,65,65,65,98,65,0,0
"7688","Amsterdam_Oost",135,135,135,135,135,135,0,0
"7689","Amsterdam_Nieuw_west",160,125,160,160,160,160,0,0
"7690","Amsterdam_Oost",130,130,130,130,130,130,0,0
"7691","Amsterdam_Oost",180,180,180,180,180,180,0,0
"7692","Amsterdam_Zuid",200,184,184,184,200,209,9,9
"7693","Amsterdam_Oost",206,163,152,152,152,152,-54,54
"7694","Amsterdam_Zuid",179,179,179,179,179,179,0,0
"7695","Amsterdam_Zuid",350,350,350,350,350,350,0,0
"7696","Amsterdam_West",130,130,130,130,130,130,0,0
"7697","Amsterdam_Oost",165,165,165,165,165,165,0,0
"7698","Amsterdam_Zuid",101,100,100,100,100,100,-1,1
"7699","Amsterdam_Oost",199,199,199,199,199,199,0,0
"7700","Amsterdam_Zuid",149,149,149,149,149,149,0,0
"7701","Amsterdam_Center",100,100,100,100,100,100,0,0
"7702","Amsterdam_Zuid",175,175,175,175,175,175,0,0
"7703","Amsterdam_Nieuw_west",185,185,185,185,185,245,60,60
"7704","Amsterdam_Oost",300,300,300,300,300,300,0,0
"7705","Amsterdam_West",237,237,237,237,237,237,0,0
"7706","Amsterdam_Oost",100,100,100,100,100,100,0,0
"7707","Amsterdam_West",182,182,182,182,182,182,0,0
"7708","Amsterdam_West",120,120,120,120,120,120,0,0
"7709","Amsterdam_Oost",55,55,55,55,55,55,0,0
"7710","Amsterdam_Zuid",120,120,120,120,120,120,0,0
"7711","Amsterdam_Oost",240,240,240,240,240,240,0,0
"7712","Amsterdam_Oost",130,130,130,130,130,130,0,0
"7713","Amsterdam_West",220,220,220,220,220,220,0,0
"7714","Amsterdam_West",85,85,85,85,85,85,0,0
"7715","Amsterdam_Zuid",210,210,210,210,210,210,0,0
"7716","Amsterdam_Center",75,75,75,75,75,75,0,0
"7717","Amsterdam_West",50,50,50,50,50,50,0,0
"7718","Amsterdam_Center",200,200,200,200,200,200,0,0
"7719","Amsterdam_Oost",80,80,80,80,80,80,0,0
"7720","Amsterdam_Noord",155,155,155,155,155,155,0,0
"7721","Amsterdam_Noord",58,58,58,58,58,58,0,0
"7722","Amsterdam_Center",400,400,400,400,400,400,0,0
"7723","Amsterdam_Center",79,79,79,79,79,79,0,0
"7724","Amsterdam_West",70,70,100,70,70,70,0,0
"7725","Amsterdam_West",236,236,236,236,236,236,0,0
"7726","Amsterdam_Center",120,120,120,120,120,120,0,0
"7727","Amsterdam_West",106,106,106,106,106,106,0,0
"7728","Amsterdam_West",150,150,150,150,150,150,0,0
"7729","Amsterdam_Noord",65,103,65,103,103,103,38,38
"7730","Amsterdam_Oost",200,200,200,200,200,200,0,0
"7731","Amsterdam_West",100,100,100,100,100,100,0,0
"7732","Amsterdam_West",314,314,314,314,314,314,0,0
"7733","Amsterdam_Noord",107,107,107,107,107,107,0,0
"7734","Amsterdam_West",165,165,165,165,165,165,0,0
"7735","Amsterdam_Zuid",259,259,259,259,259,259,0,0
"7736","Amsterdam_Zuid",170,170,170,170,170,170,0,0
"7737","Amsterdam_Center",145,145,145,145,145,145,0,0
"7738","Amsterdam_Center",95,73,77,54,60,81,-14,14
"7739","Amsterdam_Zuid",88,112,112,112,52,61,-27,27
"7740","Amsterdam_Zuid",150,150,150,150,150,150,0,0
"7741","Amsterdam_Zuid",331,244,283,289,430,230,-101,101
"7742","Amsterdam_Zuid",65,65,65,65,65,65,0,0
"7743","Amsterdam_Zuid",141,141,141,141,141,141,0,0
"7744","Amsterdam_Zuidoost",214,214,214,214,214,214,0,0
"7745","Amsterdam_West",220,220,220,220,220,220,0,0
"7746","Amsterdam_West",150,150,150,150,150,150,0,0
"7747","Amsterdam_Oost",120,120,120,120,120,120,0,0
"7748","Amsterdam_Zuid",115,115,115,115,115,115,0,0
"7749","Amsterdam_West",189,157,151,209,262,303,114,114
"7750","Amsterdam_West",160,160,160,160,160,160,0,0
"7751","Amsterdam_Zuid",140,140,140,140,140,140,0,0
"7752","Amsterdam_Oost",138,138,138,138,138,138,0,0
"7753","Amsterdam_Center",85,85,85,85,85,85,0,0
"7754","Amsterdam_Zuid",150,150,150,150,150,150,0,0
"7755","Amsterdam_Center",169,169,169,169,169,169,0,0
"7756","Amsterdam_Zuid",450,450,450,450,450,450,0,0
"7757","Amsterdam_West",137,137,137,137,137,137,0,0
"7758","Amsterdam_Center",117,117,117,117,117,117,0,0
"7759","Amsterdam_Center",118,118,118,118,118,118,0,0
"7760","Amsterdam_Noord",30,30,31,30,30,32,2,2
"7761","Amsterdam_Center",173,173,173,173,173,173,0,0
"7762","Amsterdam_Zuid",135,135,135,135,135,135,0,0
"7763","Amsterdam_West",120,120,120,120,120,120,0,0
"7764","Amsterdam_Center",195,195,195,195,195,195,0,0
"7765","Amsterdam_Oost",87,87,87,87,87,87,0,0
"7766","Amsterdam_Noord",159,159,159,159,159,159,0,0
"7767","Amsterdam_Center",111,118,118,118,118,118,7,7
"7768","Amsterdam_Oost",437,389,389,443,480,542,105,105
"7769","Amsterdam_Noord",215,215,215,215,215,215,0,0
"7770","Amsterdam_West",150,150,150,150,150,150,0,0
"7771","Amsterdam_Zuid",150,150,150,150,175,175,25,25
"7772","Amsterdam_Nieuw_west",70,70,70,70,70,70,0,0
"7773","Amsterdam_Oost",171,171,171,171,171,171,0,0
"7774","Amsterdam_West",350,350,350,350,350,350,0,0
"7775","Amsterdam_Zuid",45,45,45,45,45,45,0,0
"7776","Amsterdam_West",164,164,164,164,164,164,0,0
"7777","Amsterdam_Zuid",300,300,300,300,300,300,0,0
"7778","Amsterdam_Oost",196,196,196,196,196,196,0,0
"7779","Amsterdam_Zuid",80,80,80,80,80,80,0,0
"7780","Amsterdam_Center",148,148,148,148,148,148,0,0
"7781","Amsterdam_West",90,90,90,90,90,90,0,0
"7782","Amsterdam_Center",230,230,230,230,230,230,0,0
"7783","Amsterdam_West",115,115,115,115,115,115,0,0
"7784","Amsterdam_Zuid",100,100,100,100,100,100,0,0
"7785","Amsterdam_West",76,76,76,76,76,76,0,0
"7786","Amsterdam_Oost",170,170,170,170,158,179,9,9
"7787","Amsterdam_Zuid",97,97,97,97,97,97,0,0
"7788","Amsterdam_West",165,165,165,165,165,165,0,0
"7789","Amsterdam_Oost",82,82,82,82,82,82,0,0
"7790","Amsterdam_West",105,105,105,105,105,105,0,0
"7791","Amsterdam_West",400,400,400,400,400,400,0,0
"7792","Amsterdam_Center",85,85,85,85,85,85,0,0
"7793","Amsterdam_Center",129,129,129,129,129,129,0,0
"7794","Amsterdam_Oost",102,102,102,102,102,102,0,0
"7795","Amsterdam_West",140,140,140,140,140,140,0,0
"7796","Amsterdam_West",60,60,60,60,60,60,0,0
"7797","Amsterdam_West",120,120,120,120,120,120,0,0
"7798","Amsterdam_Nieuw_west",77,77,77,77,77,77,0,0
"7799","Amsterdam_West",118,118,118,118,118,118,0,0
"7800","Amsterdam_Zuidoost",55,55,55,55,55,55,0,0
"7801","Amsterdam_West",130,130,130,130,130,130,0,0
"7802","Amsterdam_Center",249,249,249,249,249,249,0,0
"7803","Amsterdam_Center",201,201,201,201,201,201,0,0
"7804","Amsterdam_Noord",100,100,100,100,100,100,0,0
"7805","Amsterdam_Center",159,149,149,149,149,158,-1,1
"7806","Amsterdam_Oost",130,130,130,130,130,130,0,0
"7807","Amsterdam_Oost",90,90,90,90,90,90,0,0
"7808","Amsterdam_Oost",109,109,109,109,109,109,0,0
"7809","Amsterdam_Noord",40,40,40,40,40,41,1,1
"7810","Amsterdam_West",165,165,165,165,165,165,0,0
"7811","Amsterdam_Zuid",74,74,74,74,74,74,0,0
"7812","Amsterdam_West",150,150,150,150,150,150,0,0
"7813","Amsterdam_Center",136,136,136,136,136,136,0,0
"7814","Amsterdam_West",100,100,100,100,100,100,0,0
"7815","Amsterdam_Zuid",184,184,184,184,184,184,0,0
"7816","Amsterdam_West",75,75,75,75,75,75,0,0
"7817","Amsterdam_West",49,49,49,49,50,49,0,0
"7818","Amsterdam_Zuidoost",100,100,100,100,100,100,0,0
"7819","Amsterdam_West",175,142,140,115,115,115,-60,60
"7820","Amsterdam_West",200,200,200,200,200,175,-25,25
"7821","Amsterdam_West",110,110,110,110,110,110,0,0
"7822","Amsterdam_West",100,100,100,100,100,100,0,0
"7823","Amsterdam_West",73,73,73,73,73,73,0,0
"7824","Amsterdam_Center",175,175,175,175,175,175,0,0
"7825","Amsterdam_Noord",115,115,115,115,115,115,0,0
"7826","Amsterdam_Zuid",150,150,150,150,150,150,0,0
"7827","Amsterdam_West",200,200,200,200,200,188,-12,12
"7828","Amsterdam_Center",350,350,350,350,350,350,0,0
"7829","Amsterdam_West",129,129,129,129,129,129,0,0
"7830","Amsterdam_Noord",70,70,70,70,70,70,0,0
"7831","Amsterdam_West",135,135,135,135,135,135,0,0
"7832","Amsterdam_Nieuw_west",50,50,50,50,50,50,0,0
"7833","Amsterdam_Center",105,105,105,105,105,105,0,0
"7834","Amsterdam_West",120,120,120,120,120,120,0,0
"7835","Amsterdam_Zuid",174,174,174,174,174,174,0,0
"7836","Amsterdam_Zuid",85,85,89,96,100,100,15,15
"7837","Amsterdam_Zuidoost",100,100,100,100,100,100,0,0
"7838","Amsterdam_West",150,150,150,150,150,150,0,0
"7839","Amsterdam_Noord",144,144,144,144,144,144,0,0
"7840","Amsterdam_Oost",198,177,147,163,191,220,22,22
"7841","Amsterdam_Nieuw_west",95,95,95,95,95,95,0,0
"7842","Amsterdam_Zuid",119,119,119,119,119,119,0,0
"7843","Amsterdam_Zuid",175,175,175,175,175,175,0,0
"7844","Amsterdam_Center",97,109,94,91,122,133,36,36
"7845","Amsterdam_Oost",140,140,140,140,140,140,0,0
"7846","Amsterdam_Oost",120,120,120,120,120,120,0,0
"7847","Amsterdam_West",139,139,139,139,139,139,0,0
"7848","Amsterdam_Noord",120,120,120,120,120,120,0,0
"7849","Amsterdam_West",120,120,120,120,120,120,0,0
"7850","Amsterdam_West",125,125,125,125,125,125,0,0
"7851","Amsterdam_Oost",381,381,381,381,500,200,-181,181
"7852","Amsterdam_West",250,340,250,275,275,282,32,32
"7853","Amsterdam_Noord",65,65,65,65,65,65,0,0
"7854","Amsterdam_West",90,90,90,90,90,90,0,0
"7855","Amsterdam_West",99,99,99,99,99,99,0,0
"7856","Amsterdam_West",138,129,129,129,125,102,-36,36
"7857","Amsterdam_Zuid",120,120,120,120,120,120,0,0
"7858","Amsterdam_Oost",70,70,70,70,70,70,0,0
"7859","Amsterdam_West",104,133,140,140,54,54,-50,50
"7860","Amsterdam_West",200,200,200,200,200,200,0,0
"7861","Amsterdam_West",156,156,156,156,156,156,0,0
"7862","Amsterdam_Center",94,120,95,95,180,195,101,101
"7863","Amsterdam_Center",99,99,99,99,99,99,0,0
"7864","Amsterdam_Center",82,59,68,91,89,115,33,33
"7865","Amsterdam_Nieuw_west",83,83,83,83,83,83,0,0
"7866","Amsterdam_West",150,150,150,150,150,150,0,0
"7867","Amsterdam_Oost",88,88,88,88,88,88,0,0
"7868","Amsterdam_Center",166,166,166,166,166,166,0,0
"7869","Amsterdam_Center",190,190,190,190,190,190,0,0
"7870","Amsterdam_West",199,199,199,199,199,199,0,0
"7871","Amsterdam_Noord",84,84,84,84,84,84,0,0
"7872","Amsterdam_Center",132,154,195,195,195,195,63,63
"7873","Amsterdam_Zuid",350,350,350,350,350,350,0,0
"7874","Amsterdam_Zuidoost",95,95,95,95,95,95,0,0
"7875","Amsterdam_Noord",99,99,99,99,99,99,0,0
"7876","Amsterdam_West",92,92,92,92,92,92,0,0
"7877","Amsterdam_Noord",65,65,65,65,65,65,0,0
"7878","Amsterdam_Zuid",180,180,180,180,180,180,0,0
"7879","Amsterdam_Noord",174,174,174,174,174,174,0,0
"7880","Amsterdam_West",150,150,100,90,90,90,-60,60
"7881","Amsterdam_Zuid",100,100,100,100,100,100,0,0
"7882","Amsterdam_West",307,307,307,307,307,307,0,0
"7883","Amsterdam_Oost",135,135,135,135,135,135,0,0
"7884","Amsterdam_Zuid",110,110,110,110,110,110,0,0
"7885","Amsterdam_West",108,108,108,108,108,108,0,0
"7886","Amsterdam_Noord",34,34,34,34,34,34,0,0
"7887","Amsterdam_Oost",185,185,185,185,185,185,0,0
"7888","Amsterdam_Oost",179,179,179,179,179,179,0,0
"7889","Amsterdam_West",420,270,275,311,367,214,-206,206
"7890","Amsterdam_West",100,100,100,100,100,100,0,0
"7891","Amsterdam_Center",180,180,100,103,214,214,34,34
"7892","Amsterdam_Zuid",189,189,189,189,189,189,0,0
"7893","Amsterdam_Center",160,160,160,160,160,160,0,0
"7894","Amsterdam_Center",165,165,165,165,165,165,0,0
"7895","Amsterdam_Zuid",35,50,100,66,51,50,15,15
"7896","Amsterdam_Noord",90,90,90,90,90,90,0,0
"7897","Amsterdam_Center",386,386,386,386,386,386,0,0
"7898","Amsterdam_Zuid",123,123,123,123,123,123,0,0
"7899","Amsterdam_Center",286,286,286,286,286,286,0,0
"7900","Amsterdam_West",120,120,120,120,120,120,0,0
"7901","Amsterdam_West",180,180,180,180,180,180,0,0
"7902","Amsterdam_Zuid",50,50,50,50,50,50,0,0
"7903","Amsterdam_Oost",110,110,110,110,110,110,0,0
"7904","Amsterdam_Noord",110,110,110,110,110,110,0,0
"7905","Amsterdam_Nieuw_west",135,135,135,135,135,135,0,0
"7906","Amsterdam_Center",100,100,100,100,100,100,0,0
"7907","Amsterdam_West",170,170,170,170,170,170,0,0
"7908","Amsterdam_Noord",83,83,83,83,83,83,0,0
"7909","Amsterdam_Oost",65,65,65,65,65,65,0,0
"7910","Amsterdam_Zuid",120,120,120,120,120,120,0,0
"7911","Amsterdam_Oost",128,128,128,128,128,128,0,0
"7912","Amsterdam_Oost",280,280,280,280,280,280,0,0
"7913","Amsterdam_Zuid",100,100,100,100,100,100,0,0
"7914","Amsterdam_West",62,62,62,62,62,62,0,0
"7915","Amsterdam_Center",166,166,166,166,166,166,0,0
"7916","Amsterdam_Center",200,200,200,200,200,200,0,0
"7917","Amsterdam_Noord",229,229,229,229,229,229,0,0
"7918","Amsterdam_Oost",136,136,136,136,136,136,0,0
"7919","Amsterdam_Zuid",95,95,95,95,95,95,0,0
"7920","Amsterdam_Zuid",175,175,175,175,175,175,0,0
"7921","Amsterdam_Center",99,99,99,99,99,99,0,0
"7922","Amsterdam_Oost",40,40,40,40,40,40,0,0
"7923","Amsterdam_Oost",155,155,155,155,155,155,0,0
"7924","Amsterdam_Nieuw_west",100,100,100,100,100,100,0,0
"7925","Amsterdam_Center",145,145,145,145,145,145,0,0
"7926","Amsterdam_Zuid",123,123,123,123,123,123,0,0
"7927","Amsterdam_Nieuw_west",70,70,70,70,70,70,0,0
"7928","Amsterdam_Oost",57,57,57,57,57,57,0,0
"7929","Amsterdam_Oost",275,275,275,163,163,163,-112,112
"7930","Amsterdam_West",120,120,120,120,120,120,0,0
"7931","Amsterdam_Center",190,190,190,190,190,190,0,0
"7932","Amsterdam_West",115,115,115,115,115,115,0,0
"7933","Amsterdam_West",150,150,150,150,150,150,0,0
"7934","Amsterdam_Center",130,130,130,130,130,130,0,0
"7935","Amsterdam_Zuid",50,50,50,50,50,50,0,0
"7936","Amsterdam_Center",1000,1000,1000,1000,1000,1000,0,0
"7937","Amsterdam_Zuidoost",130,130,130,130,130,130,0,0
"7938","Amsterdam_Oost",150,150,150,150,150,150,0,0
"7939","Amsterdam_Zuid",244,244,244,244,244,244,0,0
"7940","Amsterdam_Center",79,79,79,79,79,79,0,0
"7941","Amsterdam_West",131,131,131,131,131,131,0,0
"7942","Amsterdam_Zuid",195,195,195,195,195,195,0,0
"7943","Amsterdam_Noord",120,120,120,120,120,120,0,0
"7944","Amsterdam_West",100,100,100,100,100,100,0,0
"7945","Amsterdam_Zuid",119,119,119,119,119,119,0,0
"7946","Amsterdam_Oost",65,65,65,65,65,65,0,0
"7947","Amsterdam_Oost",199,199,199,199,199,199,0,0
"7948","Amsterdam_Zuid",80,80,80,80,80,80,0,0
"7949","Amsterdam_Center",104,104,104,104,104,104,0,0
"7950","Amsterdam_West",145,145,145,145,145,145,0,0
"7951","Amsterdam_West",108,108,108,108,108,108,0,0
"7952","Amsterdam_Center",135,135,135,135,135,135,0,0
"7953","Amsterdam_Center",165,165,165,165,165,165,0,0
"7954","Amsterdam_Zuid",70,70,70,70,70,70,0,0
"7955","Amsterdam_Zuidoost",135,135,135,135,135,135,0,0
"7956","Amsterdam_West",70,70,70,70,70,70,0,0
"7957","Amsterdam_Zuidoost",110,110,110,110,110,110,0,0
"7958","Amsterdam_Zuid",120,120,120,120,120,123,3,3
"7959","Amsterdam_Nieuw_west",150,85,94,150,150,150,0,0
"7960","Amsterdam_Oost",135,135,135,135,135,135,0,0
"7961","Amsterdam_West",80,80,80,80,80,80,0,0
"7962","Amsterdam_Zuid",125,125,125,125,125,125,0,0
"7963","Amsterdam_Center",96,96,96,96,96,96,0,0
"7964","Amsterdam_Center",187,187,187,187,187,187,0,0
"7965","Amsterdam_Center",130,130,130,130,130,130,0,0
"7966","Amsterdam_Noord",140,140,140,140,140,140,0,0
"7967","Amsterdam_Noord",130,130,130,130,130,130,0,0
"7968","Amsterdam_West",75,75,75,75,75,75,0,0
"7969","Amsterdam_West",79,79,79,79,79,79,0,0
"7970","Amsterdam_West",175,175,175,175,175,175,0,0
"7971","Amsterdam_Zuid",128,128,150,150,150,150,22,22
"7972","Amsterdam_Zuid",225,225,225,225,225,225,0,0
"7973","Amsterdam_West",59,59,59,59,59,59,0,0
"7974","Amsterdam_Center",121,121,121,121,121,121,0,0
"7975","Amsterdam_Center",114,164,171,171,171,171,57,57
"7976","Amsterdam_Oost",100,100,100,100,100,100,0,0
"7977","Amsterdam_Oost",50,50,50,50,50,50,0,0
"7978","Amsterdam_West",130,130,130,130,130,130,0,0
"7979","Amsterdam_West",200,200,200,200,200,200,0,0
"7980","Amsterdam_Oost",125,125,125,125,125,125,0,0
"7981","Amsterdam_Oost",129,129,129,129,129,129,0,0
"7982","Amsterdam_West",120,120,120,120,120,120,0,0
"7983","Amsterdam_Zuid",135,135,135,135,135,135,0,0
"7984","Amsterdam_Nieuw_west",298,298,298,298,298,298,0,0
"7985","Amsterdam_Noord",115,115,115,115,115,115,0,0
"7986","Amsterdam_Nieuw_west",121,121,121,121,121,121,0,0
"7987","Amsterdam_Center",175,139,139,139,139,139,-36,36
"7988","Amsterdam_West",169,169,169,169,169,169,0,0
"7989","Amsterdam_Zuid",140,140,140,140,140,140,0,0
"7990","Amsterdam_Zuid",75,75,75,75,75,75,0,0
"7991","Amsterdam_Oost",80,80,80,80,80,80,0,0
"7992","Amsterdam_Zuid",30,30,30,30,30,32,2,2
"7993","Amsterdam_West",139,139,139,139,139,139,0,0
"7994","Amsterdam_Zuid",95,95,95,95,95,95,0,0
"7995","Amsterdam_Zuid",220,220,220,220,220,220,0,0
"7996","Amsterdam_West",200,200,200,200,200,200,0,0
"7997","Amsterdam_Oost",200,200,200,200,200,200,0,0
"7998","Amsterdam_Zuid",130,130,130,130,130,130,0,0
"7999","Amsterdam_Center",120,120,120,120,120,120,0,0
"8000","Amsterdam_Zuid",189,189,189,189,189,189,0,0
"8001","Amsterdam_West",175,175,175,175,175,175,0,0
"8002","Amsterdam_West",135,160,160,160,220,220,85,85
"8003","Amsterdam_Oost",95,95,95,95,95,95,0,0
"8004","Amsterdam_Zuid",127,113,116,154,200,242,115,115
"8005","Amsterdam_Oost",140,140,140,140,140,140,0,0
"8006","Amsterdam_Noord",75,75,75,75,75,75,0,0
"8007","Amsterdam_Zuid",160,160,160,160,160,160,0,0
"8008","Amsterdam_West",150,150,150,150,150,150,0,0
"8009","Amsterdam_Center",149,149,149,149,149,149,0,0
"8010","Amsterdam_West",90,90,90,90,90,90,0,0
"8011","Amsterdam_Zuid",150,150,150,150,150,150,0,0
"8012","Amsterdam_Zuid",250,250,250,250,250,250,0,0
"8013","Amsterdam_West",180,180,180,180,180,180,0,0
"8014","Amsterdam_Zuid",85,85,85,85,85,85,0,0
"8015","Amsterdam_West",125,125,125,125,125,125,0,0
"8016","Amsterdam_Center",100,85,100,90,128,150,50,50
"8017","Amsterdam_Zuid",145,145,145,145,145,145,0,0
"8018","Amsterdam_Zuid",100,100,100,100,100,100,0,0
"8019","Amsterdam_Nieuw_west",195,195,195,195,195,235,40,40
"8020","Amsterdam_West",129,129,129,129,129,129,0,0
"8021","Amsterdam_West",32,29,29,29,29,28,-4,4
"8022","Amsterdam_Zuid",150,150,150,150,150,150,0,0
"8023","Amsterdam_Center",150,150,150,150,150,150,0,0
"8024","Amsterdam_Zuid",117,117,117,117,117,117,0,0
"8025","Amsterdam_Center",85,85,85,85,93,85,0,0
"8026","Amsterdam_Oost",60,60,60,60,60,60,0,0
"8027","Amsterdam_Nieuw_west",115,115,115,115,115,115,0,0
"8028","Amsterdam_Center",150,150,150,150,150,150,0,0
"8029","Amsterdam_Zuid",130,130,130,130,130,130,0,0
"8030","Amsterdam_Zuid",133,133,133,133,133,133,0,0
"8031","Amsterdam_Zuid",350,247,350,350,350,357,7,7
"8032","Amsterdam_Oost",120,120,120,120,120,120,0,0
"8033","Amsterdam_Zuid",90,90,90,90,90,90,0,0
"8034","Amsterdam_West",200,200,200,200,200,200,0,0
"8035","Amsterdam_West",130,130,130,130,130,130,0,0
"8036","Amsterdam_Oost",199,199,199,199,199,199,0,0
"8037","Amsterdam_West",49,49,49,49,49,49,0,0
"8038","Amsterdam_West",150,150,150,150,150,150,0,0
"8039","Amsterdam_West",150,150,150,150,150,150,0,0
"8040","Amsterdam_Zuid",250,250,250,250,250,250,0,0
"8041","Amsterdam_Zuid",100,100,100,100,100,100,0,0
"8042","Amsterdam_Zuid",120,120,120,120,120,120,0,0
"8043","Amsterdam_Oost",188,188,188,188,188,188,0,0
"8044","Amsterdam_West",209,209,209,209,209,209,0,0
"8045","Amsterdam_Center",135,135,146,141,141,141,6,6
"8046","Amsterdam_Noord",50,50,50,50,50,50,0,0
"8047","Amsterdam_Zuid",108,108,108,108,108,108,0,0
"8048","Amsterdam_Nieuw_west",126,126,126,126,126,126,0,0
"8049","Amsterdam_Center",90,90,90,90,90,90,0,0
"8050","Amsterdam_Center",170,170,170,170,170,170,0,0
"8051","Amsterdam_Center",135,158,158,158,158,158,23,23
"8052","Amsterdam_Center",208,208,208,208,208,208,0,0
"8053","Amsterdam_Nieuw_west",200,200,200,200,200,200,0,0
"8054","Amsterdam_West",99,99,99,99,99,99,0,0
"8055","Amsterdam_Oost",199,199,199,199,199,199,0,0
"8056","Amsterdam_Zuid",130,130,130,130,130,130,0,0
"8057","Amsterdam_Zuid",239,275,250,250,300,300,61,61
"8058","Amsterdam_Zuid",119,119,119,119,119,119,0,0
"8059","Amsterdam_Center",65,65,65,65,65,65,0,0
"8060","Amsterdam_Zuid",300,300,300,300,300,300,0,0
"8061","Amsterdam_West",170,170,170,170,170,170,0,0
"8062","Amsterdam_Oost",130,130,130,130,121,120,-10,10
"8063","Amsterdam_West",152,152,152,152,152,152,0,0
"8064","Amsterdam_Center",150,145,145,161,170,199,49,49
"8065","Amsterdam_Oost",65,65,65,65,65,65,0,0
"8066","Amsterdam_West",125,125,125,125,125,125,0,0
"8067","Amsterdam_Zuid",130,130,130,130,130,130,0,0
"8068","Amsterdam_Center",395,395,395,395,395,395,0,0
"8069","Amsterdam_Zuid",250,250,250,250,250,250,0,0
"8070","Amsterdam_West",67,67,67,67,67,67,0,0
"8071","Amsterdam_Noord",70,70,70,70,70,70,0,0
"8072","Amsterdam_Zuid",115,115,115,115,115,115,0,0
"8073","Amsterdam_Zuid",180,180,180,180,180,180,0,0
"8074","Amsterdam_Oost",129,129,129,129,129,129,0,0
"8075","Amsterdam_Oost",120,120,120,120,120,120,0,0
"8076","Amsterdam_West",175,175,175,175,175,175,0,0
"8077","Amsterdam_Noord",150,150,150,150,150,150,0,0
"8078","Amsterdam_Zuid",49,103,103,103,103,70,21,21
"8079","Amsterdam_West",75,75,75,75,75,75,0,0
"8080","Amsterdam_Oost",110,110,110,110,110,110,0,0
"8081","Amsterdam_Zuid",210,210,210,210,210,210,0,0
"8082","Amsterdam_Oost",101,101,101,101,94,101,0,0
"8083","Amsterdam_Center",100,100,100,100,100,100,0,0
"8084","Amsterdam_Oost",85,85,80,80,80,80,-5,5
"8085","Amsterdam_West",91,91,91,91,91,91,0,0
"8086","Amsterdam_Oost",158,138,158,158,158,158,0,0
"8087","Amsterdam_Noord",135,135,135,135,135,135,0,0
"8088","Amsterdam_Center",200,200,200,200,200,200,0,0
"8089","Amsterdam_Nieuw_west",100,100,100,100,100,100,0,0
"8090","Amsterdam_Zuid",199,199,199,199,199,199,0,0
"8091","Amsterdam_West",139,139,139,139,139,139,0,0
"8092","Amsterdam_West",200,200,200,200,200,200,0,0
"8093","Amsterdam_Zuid",349,349,349,349,349,349,0,0
"8094","Amsterdam_West",150,150,150,150,150,150,0,0
"8095","Amsterdam_Center",90,90,90,90,90,90,0,0
"8096","Amsterdam_West",135,135,135,135,135,135,0,0
"8097","Amsterdam_Zuid",100,100,100,100,100,100,0,0
"8098","Amsterdam_Center",275,275,275,275,275,275,0,0
"8099","Amsterdam_Zuid",210,210,210,210,210,210,0,0
"8100","Amsterdam_Zuid",93,96,85,90,80,111,18,18
"8101","Amsterdam_Zuid",96,82,85,93,159,101,5,5
"8102","Amsterdam_Zuid",436,450,450,450,450,450,14,14
"8103","Amsterdam_West",63,60,60,60,60,60,-3,3
"8104","Amsterdam_West",100,100,100,100,100,100,0,0
"8105","Amsterdam_Zuid",90,90,90,90,90,90,0,0
"8106","Amsterdam_West",150,150,150,150,150,150,0,0
"8107","Amsterdam_Nieuw_west",119,119,119,119,119,119,0,0
"8108","Amsterdam_West",50,50,50,50,50,50,0,0
"8109","Amsterdam_Noord",85,89,89,89,89,89,4,4
"8110","Amsterdam_Oost",150,150,150,150,150,150,0,0
"8111","Amsterdam_Zuid",150,150,150,150,150,150,0,0
"8112","Amsterdam_Noord",120,120,120,120,120,120,0,0
"8113","Amsterdam_West",80,80,80,80,80,80,0,0
"8114","Amsterdam_Oost",131,131,131,131,131,131,0,0
"8115","Amsterdam_Nieuw_west",75,75,75,75,75,75,0,0
"8116","Amsterdam_Center",229,229,229,229,229,229,0,0
"8117","Amsterdam_West",64,64,64,64,64,64,0,0
"8118","Amsterdam_Oost",160,160,160,160,160,160,0,0
"8119","Amsterdam_Zuid",119,119,119,119,119,119,0,0
"8120","Amsterdam_Zuid",130,130,130,130,130,130,0,0
"8121","Amsterdam_Oost",160,160,160,160,160,160,0,0
"8122","Amsterdam_Zuid",135,135,135,135,135,135,0,0
"8123","Amsterdam_Center",149,149,149,149,149,149,0,0
"8124","Amsterdam_West",170,170,170,170,170,170,0,0
"8125","Amsterdam_Noord",150,150,150,150,150,150,0,0
"8126","Amsterdam_Zuid",129,129,129,129,129,129,0,0
"8127","Amsterdam_West",90,90,90,90,90,90,0,0
"8128","Amsterdam_Nieuw_west",145,145,145,145,145,145,0,0
"8129","Amsterdam_Oost",500,500,500,500,500,500,0,0
"8130","Amsterdam_Nieuw_west",184,184,184,184,184,184,0,0
"8131","Amsterdam_Oost",99,99,99,99,99,99,0,0
"8132","Amsterdam_Zuid",150,150,150,150,150,150,0,0
"8133","Amsterdam_West",200,200,200,200,200,200,0,0
"8134","Amsterdam_West",200,200,200,200,200,200,0,0
"8135","Amsterdam_West",220,220,220,220,195,195,-25,25
"8136","Amsterdam_West",150,150,150,150,150,150,0,0
"8137","Amsterdam_Oost",120,120,120,120,120,120,0,0
"8138","Amsterdam_Zuid",395,395,395,395,395,395,0,0
"8139","Amsterdam_West",110,110,110,110,110,110,0,0
"8140","Amsterdam_Oost",135,135,135,135,135,135,0,0
"8141","Amsterdam_West",125,125,125,125,125,125,0,0
"8142","Amsterdam_Zuid",150,150,150,150,150,150,0,0
"8143","Amsterdam_West",100,100,100,100,100,100,0,0
"8144","Amsterdam_Center",1925,1925,1925,1925,1925,1925,0,0
"8145","Amsterdam_Oost",169,169,169,169,169,169,0,0
"8146","Amsterdam_Zuid",60,60,60,60,60,60,0,0
"8147","Amsterdam_Zuid",90,90,90,90,90,90,0,0
"8148","Amsterdam_Zuid",145,145,145,145,145,145,0,0
"8149","Amsterdam_Zuidoost",150,150,150,150,150,150,0,0
"8150","Amsterdam_West",95,95,95,95,95,95,0,0
"8151","Amsterdam_Oost",65,65,65,65,65,65,0,0
"8152","Amsterdam_Oost",77,77,77,77,77,77,0,0
"8153","Amsterdam_West",150,150,150,150,150,150,0,0
"8154","Amsterdam_West",125,125,125,125,125,125,0,0
"8155","Amsterdam_West",44,44,44,44,44,45,1,1
"8156","Amsterdam_West",125,125,125,125,125,125,0,0
"8157","Amsterdam_Zuid",100,100,100,100,100,100,0,0
"8158","Amsterdam_West",150,150,150,150,150,150,0,0
"8159","Amsterdam_West",175,175,175,175,175,175,0,0
"8160","Amsterdam_Noord",100,100,100,100,100,100,0,0
"8161","Amsterdam_Zuid",179,179,179,179,179,179,0,0
"8162","Amsterdam_Center",107,100,100,100,100,100,-7,7
"8163","Amsterdam_Noord",225,225,225,225,225,225,0,0
"8164","Amsterdam_Nieuw_west",60,60,60,35,34,48,-12,12
"8165","Amsterdam_West",125,125,125,125,125,125,0,0
"8166","Amsterdam_Zuid",55,55,55,55,55,55,0,0
"8167","Amsterdam_Noord",103,103,103,103,103,103,0,0
"8168","Amsterdam_Center",250,250,250,250,250,250,0,0
"8169","Amsterdam_Oost",119,119,119,119,119,119,0,0
"8170","Amsterdam_Zuid",159,159,159,159,159,159,0,0
"8171","Amsterdam_West",150,150,150,150,150,150,0,0
"8172","Amsterdam_Zuid",160,160,160,160,160,160,0,0
"8173","Amsterdam_Noord",180,180,180,180,180,180,0,0
"8174","Amsterdam_Zuid",80,80,80,80,80,80,0,0
"8175","Amsterdam_Nieuw_west",65,65,65,85,85,85,20,20
"8176","Amsterdam_Noord",125,125,125,125,125,125,0,0
"8177","Amsterdam_West",85,85,85,85,85,86,1,1
"8178","Amsterdam_Zuid",180,180,180,180,180,180,0,0
"8179","Amsterdam_Zuid",121,121,121,121,121,121,0,0
"8180","Amsterdam_Zuid",100,100,100,100,100,100,0,0
"8181","Amsterdam_Nieuw_west",48,48,48,48,48,48,0,0
"8182","Amsterdam_Zuid",212,212,212,212,212,212,0,0
"8183","Amsterdam_Oost",150,150,150,150,150,200,50,50
"8184","Amsterdam_Zuid",155,155,155,155,155,155,0,0
"8185","Amsterdam_Center",250,250,250,250,250,250,0,0
"8186","Amsterdam_Center",250,250,250,250,250,250,0,0
"8187","Amsterdam_Center",250,250,250,250,250,250,0,0
"8188","Amsterdam_Center",200,200,200,200,200,200,0,0
"8189","Amsterdam_Zuid",240,240,240,240,240,240,0,0
"8190","Amsterdam_Center",139,140,140,140,140,140,1,1
"8191","Amsterdam_Zuid",182,182,182,182,182,182,0,0
"8192","Amsterdam_Zuidoost",80,80,80,80,80,80,0,0
"8193","Amsterdam_Oost",100,100,100,100,100,100,0,0
"8194","Amsterdam_Zuid",100,100,100,100,100,100,0,0
"8195","Amsterdam_Zuid",200,200,200,200,200,200,0,0
"8196","Amsterdam_Zuid",79,79,79,79,79,79,0,0
"8197","Amsterdam_Oost",120,120,120,120,120,120,0,0
"8198","Amsterdam_Oost",330,330,330,330,330,330,0,0
"8199","Amsterdam_West",120,120,120,120,120,120,0,0
"8200","Amsterdam_West",95,95,95,95,95,95,0,0
"8201","Amsterdam_Zuid",100,100,100,100,100,100,0,0
"8202","Amsterdam_Nieuw_west",129,129,129,129,129,129,0,0
"8203","Amsterdam_Noord",29,29,29,29,29,29,0,0
"8204","Amsterdam_West",140,140,140,140,140,140,0,0
"8205","Amsterdam_Center",225,225,225,225,225,225,0,0
"8206","Amsterdam_Oost",144,144,144,144,144,144,0,0
"8207","Amsterdam_West",100,100,100,100,100,100,0,0
"8208","Amsterdam_Center",149,99,99,99,99,99,-50,50
"8209","Amsterdam_West",86,86,86,86,86,86,0,0
"8210","Amsterdam_Oost",129,129,129,129,129,129,0,0
"8211","Amsterdam_Center",150,150,150,150,150,150,0,0
"8212","Amsterdam_West",150,150,150,150,150,150,0,0
"8213","Amsterdam_Nieuw_west",55,49,49,49,49,49,-6,6
"8214","Amsterdam_Oost",131,131,131,131,131,131,0,0
"8215","Amsterdam_Noord",145,145,145,145,145,145,0,0
"8216","Amsterdam_Nieuw_west",158,158,158,158,158,169,11,11
"8217","Amsterdam_Center",190,190,190,190,190,190,0,0
"8218","Amsterdam_Center",75,70,64,59,50,150,75,75
"8219","Amsterdam_Center",69,75,70,71,73,160,91,91
"8220","Amsterdam_Zuidoost",150,150,150,150,150,150,0,0
"8221","Amsterdam_Nieuw_west",60,60,60,60,60,60,0,0
"8222","Amsterdam_Center",225,225,225,225,225,225,0,0
"8223","Amsterdam_Oost",95,95,95,95,95,95,0,0
"8224","Amsterdam_West",70,70,70,70,70,70,0,0
"8225","Amsterdam_Center",150,150,150,150,150,150,0,0
"8226","Amsterdam_Zuid",125,125,125,125,125,125,0,0
"8227","Amsterdam_West",175,175,175,148,148,175,0,0
"8228","Amsterdam_Zuid",70,70,70,70,70,70,0,0
"8229","Amsterdam_Zuid",75,75,75,75,75,75,0,0
"8230","Amsterdam_Center",52,53,53,53,62,53,1,1
"8231","Amsterdam_Oost",229,229,229,229,229,229,0,0
"8232","Amsterdam_Zuid",100,100,100,100,100,100,0,0
"8233","Amsterdam_Zuid",90,90,90,90,90,90,0,0
"8234","Amsterdam_West",229,229,229,229,229,229,0,0
"8235","Amsterdam_Oost",149,149,149,149,149,149,0,0
"8236","Amsterdam_Zuidoost",35,35,35,35,35,35,0,0
"8237","Amsterdam_West",51,51,51,51,51,51,0,0
"8238","Amsterdam_Nieuw_west",143,143,143,143,143,143,0,0
"8239","Amsterdam_West",125,125,125,125,125,125,0,0
"8240","Amsterdam_Zuid",350,350,350,350,350,350,0,0
"8241","Amsterdam_Nieuw_west",120,120,120,120,120,120,0,0
"8242","Amsterdam_West",130,130,130,130,130,130,0,0
"8243","Amsterdam_Nieuw_west",186,180,180,180,95,95,-91,91
"8244","Amsterdam_Zuid",140,140,140,140,140,140,0,0
"8245","Amsterdam_Noord",161,161,161,161,161,161,0,0
"8246","Amsterdam_Zuid",97,97,97,97,97,97,0,0
"8247","Amsterdam_West",160,160,160,160,160,160,0,0
"8248","Amsterdam_West",200,200,200,200,200,200,0,0
"8249","Amsterdam_Noord",100,100,100,100,100,100,0,0
"8250","Amsterdam_West",99,99,99,99,99,99,0,0
"8251","Amsterdam_Oost",120,120,120,120,120,120,0,0
"8252","Amsterdam_Noord",160,160,160,160,160,160,0,0
"8253","Amsterdam_Oost",100,100,100,100,100,100,0,0
"8254","Amsterdam_Zuid",110,110,110,110,110,110,0,0
"8255","Amsterdam_West",70,70,70,70,70,70,0,0
"8256","Amsterdam_Center",115,115,115,115,115,115,0,0
"8257","Amsterdam_Zuid",333,333,333,333,333,333,0,0
"8258","Amsterdam_Zuid",100,100,100,100,100,100,0,0
"8259","Amsterdam_Center",129,125,125,125,125,150,21,21
"8260","Amsterdam_Oost",100,100,100,100,100,100,0,0
"8261","Amsterdam_Zuid",130,130,130,130,130,130,0,0
"8262","Amsterdam_Zuid",95,95,95,95,95,95,0,0
"8263","Amsterdam_West",80,80,80,80,80,80,0,0
"8264","Amsterdam_Oost",140,140,140,140,140,140,0,0
"8265","Amsterdam_Zuid",150,150,150,150,150,150,0,0
"8266","Amsterdam_West",245,245,245,245,200,200,-45,45
"8267","Amsterdam_West",119,119,119,119,119,119,0,0
"8268","Amsterdam_Noord",186,186,186,186,186,186,0,0
"8269","Amsterdam_Zuid",220,220,220,220,220,220,0,0
"8270","Amsterdam_Oost",157,157,157,157,157,157,0,0
"8271","Amsterdam_Oost",125,125,125,125,125,125,0,0
"8272","Amsterdam_Nieuw_west",100,100,100,100,100,100,0,0
"8273","Amsterdam_Oost",112,112,112,112,112,112,0,0
"8274","Amsterdam_West",74,77,66,60,82,81,7,7
"8275","Amsterdam_Center",200,200,200,200,200,200,0,0
"8276","Amsterdam_Oost",179,179,179,179,179,179,0,0
"8277","Amsterdam_Center",120,120,120,120,120,120,0,0
"8278","Amsterdam_West",256,256,256,256,256,256,0,0
"8279","Amsterdam_Zuid",250,250,250,250,250,250,0,0
"8280","Amsterdam_Zuid",210,210,210,210,210,210,0,0
"8281","Amsterdam_West",100,100,100,100,100,100,0,0
"8282","Amsterdam_West",175,175,175,175,175,175,0,0
"8283","Amsterdam_Noord",44,45,35,50,65,50,6,6
"8284","Amsterdam_West",338,338,338,338,338,338,0,0
"8285","Amsterdam_West",119,119,119,119,119,119,0,0
"8286","Amsterdam_Oost",124,124,124,124,124,124,0,0
"8287","Amsterdam_Zuid",249,249,249,249,249,249,0,0
"8288","Amsterdam_Zuid",205,205,205,205,205,235,30,30
"8289","Amsterdam_Noord",71,71,71,71,71,71,0,0
"8290","Amsterdam_Noord",187,187,187,187,187,187,0,0
"8291","Amsterdam_Oost",99,99,99,99,99,99,0,0
"8292","Amsterdam_Center",130,130,130,130,130,130,0,0
"8293","Amsterdam_Zuid",30,30,30,30,30,30,0,0
"8294","Amsterdam_Oost",60,60,60,60,60,60,0,0
"8295","Amsterdam_West",150,150,150,150,150,150,0,0
"8296","Amsterdam_West",140,140,140,140,140,140,0,0
"8297","Amsterdam_West",115,115,115,115,115,115,0,0
"8298","Amsterdam_West",42,42,42,42,42,42,0,0
"8299","Amsterdam_Center",134,134,134,134,134,134,0,0
"8300","Amsterdam_West",211,211,211,211,211,211,0,0
"8301","Amsterdam_Center",225,225,225,225,225,225,0,0
"8302","Amsterdam_West",300,300,300,300,300,300,0,0
"8303","Amsterdam_Oost",140,140,140,140,140,140,0,0
"8304","Amsterdam_West",145,145,145,145,145,145,0,0
"8305","Amsterdam_West",200,200,200,200,200,200,0,0
"8306","Amsterdam_West",200,200,200,200,200,200,0,0
"8307","Amsterdam_Center",244,244,244,244,244,244,0,0
"8308","Amsterdam_Oost",119,119,119,119,119,119,0,0
"8309","Amsterdam_Center",150,150,150,150,150,150,0,0
"8310","Amsterdam_West",195,195,195,195,195,195,0,0
"8311","Amsterdam_West",290,290,290,290,290,290,0,0
"8312","Amsterdam_Nieuw_west",80,80,80,80,80,80,0,0
"8313","Amsterdam_Nieuw_west",395,395,395,395,395,395,0,0
"8314","Amsterdam_West",120,120,120,120,120,120,0,0
"8315","Amsterdam_West",160,160,160,160,160,160,0,0
"8316","Amsterdam_West",300,300,300,300,300,300,0,0
"8317","Amsterdam_Zuid",264,264,264,264,264,264,0,0
"8318","Amsterdam_Center",155,155,155,155,155,155,0,0
"8319","Amsterdam_West",120,120,120,120,120,120,0,0
"8320","Amsterdam_Zuid",110,110,110,110,110,110,0,0
"8321","Amsterdam_Zuid",156,156,156,156,156,156,0,0
"8322","Amsterdam_West",69,69,69,69,69,69,0,0
"8323","Amsterdam_Nieuw_west",53,50,50,50,50,50,-3,3
"8324","Amsterdam_West",100,107,107,111,115,120,20,20
"8325","Amsterdam_West",108,108,108,108,108,108,0,0
"8326","Amsterdam_Zuid",279,279,279,279,279,279,0,0
"8327","Amsterdam_Noord",120,120,120,120,120,120,0,0
"8328","Amsterdam_Zuidoost",102,102,102,102,102,102,0,0
"8329","Amsterdam_Oost",76,76,76,76,76,76,0,0
"8330","Amsterdam_West",90,90,90,90,90,90,0,0
"8331","Amsterdam_Noord",250,250,250,250,250,250,0,0
"8332","Amsterdam_Center",51,61,51,53,100,93,42,42
"8333","Amsterdam_Nieuw_west",149,149,149,149,149,149,0,0
"8334","Amsterdam_Nieuw_west",70,70,70,70,70,70,0,0
"8335","Amsterdam_Zuid",100,100,100,100,100,100,0,0
"8336","Amsterdam_West",140,140,140,140,140,140,0,0
"8337","Amsterdam_Oost",150,150,150,150,150,150,0,0
"8338","Amsterdam_West",129,129,129,129,129,129,0,0
"8339","Amsterdam_Zuid",130,130,130,130,130,130,0,0
"8340","Amsterdam_Oost",175,175,175,175,175,175,0,0
"8341","Amsterdam_Zuid",90,90,90,90,90,90,0,0
"8342","Amsterdam_West",300,300,300,300,300,300,0,0
"8343","Amsterdam_West",139,139,139,139,139,139,0,0
"8344","Amsterdam_Oost",85,85,85,85,85,85,0,0
"8345","Amsterdam_West",106,106,106,106,106,106,0,0
"8346","Amsterdam_Oost",149,149,149,149,149,149,0,0
"8347","Amsterdam_Nieuw_west",165,165,165,165,165,165,0,0
"8348","Amsterdam_Center",176,176,176,176,176,176,0,0
"8349","Amsterdam_Center",65,65,65,65,65,65,0,0
"8350","Amsterdam_Zuid",120,120,120,120,120,120,0,0
"8351","Amsterdam_West",100,100,100,100,100,100,0,0
"8352","Amsterdam_West",110,110,110,110,110,110,0,0
"8353","Amsterdam_Zuid",119,119,119,119,119,119,0,0
"8354","Amsterdam_West",106,106,106,120,106,120,14,14
"8355","Amsterdam_West",132,132,132,132,150,150,18,18
"8356","Amsterdam_Noord",150,150,150,150,150,150,0,0
"8357","Amsterdam_Zuid",120,120,120,120,120,120,0,0
"8358","Amsterdam_Zuid",125,125,125,125,125,125,0,0
"8359","Amsterdam_Zuid",112,112,112,112,112,112,0,0
"8360","Amsterdam_Oost",185,265,265,265,265,265,80,80
"8361","Amsterdam_Noord",179,179,179,179,179,179,0,0
"8362","Amsterdam_Oost",165,165,165,165,165,165,0,0
"8363","Amsterdam_Oost",110,110,110,110,110,110,0,0
"8364","Amsterdam_Center",61,60,66,89,124,106,45,45
"8365","Amsterdam_Zuid",70,70,70,70,70,70,0,0
"8366","Amsterdam_Center",550,550,550,550,550,550,0,0
"8367","Amsterdam_Center",225,225,225,225,225,225,0,0
"8368","Amsterdam_Nieuw_west",199,199,199,199,199,199,0,0
"8369","Amsterdam_Center",140,140,140,140,140,140,0,0
"8370","Amsterdam_Zuid",140,140,140,140,140,140,0,0
"8371","Amsterdam_West",85,85,85,85,85,85,0,0
"8372","Amsterdam_West",130,130,130,130,130,130,0,0
"8373","Amsterdam_West",195,195,195,195,195,195,0,0
"8374","Amsterdam_Center",146,146,146,146,146,146,0,0
"8375","Amsterdam_Zuid",55,65,65,65,85,61,6,6
"8376","Amsterdam_Oost",100,100,100,100,100,100,0,0
"8377","Amsterdam_West",102,102,102,102,102,102,0,0
"8378","Amsterdam_West",279,279,279,279,279,279,0,0
"8379","Amsterdam_West",99,99,99,99,99,99,0,0
"8380","Amsterdam_Noord",99,99,99,99,99,99,0,0
"8381","Amsterdam_Zuid",450,450,450,450,450,450,0,0
"8382","Amsterdam_Center",425,425,425,425,425,425,0,0
"8383","Amsterdam_Zuid",145,145,145,145,145,145,0,0
"8384","Amsterdam_Zuid",264,264,264,264,264,264,0,0
"8385","Amsterdam_Oost",117,117,117,117,117,117,0,0
"8386","Amsterdam_Oost",364,364,364,364,364,364,0,0
"8387","Amsterdam_West",135,135,135,135,135,135,0,0
"8388","Amsterdam_Zuid",75,75,75,75,75,75,0,0
"8389","Amsterdam_Center",200,200,200,200,200,200,0,0
"8390","Amsterdam_Center",125,125,125,135,175,200,75,75
"8391","Amsterdam_Oost",77,77,77,77,77,77,0,0
"8392","Amsterdam_Noord",65,65,65,65,65,65,0,0
"8393","Amsterdam_West",149,149,149,149,149,149,0,0
"8394","Amsterdam_Center",99,99,99,99,99,99,0,0
"8395","Amsterdam_West",139,139,139,139,139,139,0,0
"8396","Amsterdam_Oost",85,85,85,85,85,85,0,0
"8397","Amsterdam_Center",140,140,140,140,140,140,0,0
"8398","Amsterdam_West",145,145,145,145,145,145,0,0
"8399","Amsterdam_Oost",200,200,200,200,200,200,0,0
"8400","Amsterdam_Oost",255,255,255,255,255,255,0,0
"8401","Amsterdam_Oost",115,108,105,122,175,175,60,60
"8402","Amsterdam_Oost",110,110,110,110,110,110,0,0
"8403","Amsterdam_West",99,99,99,99,99,99,0,0
"8404","Amsterdam_Zuid",73,73,73,73,73,73,0,0
"8405","Amsterdam_West",82,82,82,82,82,82,0,0
"8406","Amsterdam_Zuid",109,109,109,109,109,109,0,0
"8407","Amsterdam_West",125,125,125,125,125,125,0,0
"8408","Amsterdam_Zuid",115,115,115,115,115,115,0,0
"8409","Amsterdam_Noord",95,95,95,95,95,129,34,34
"8410","Amsterdam_Center",300,300,300,300,300,300,0,0
"8411","Amsterdam_Oost",139,139,139,139,139,139,0,0
"8412","Amsterdam_Oost",102,102,102,102,102,102,0,0
"8413","Amsterdam_Zuid",130,130,130,130,130,130,0,0
"8414","Amsterdam_Center",180,180,180,180,180,180,0,0
"8415","Amsterdam_West",123,123,123,123,123,123,0,0
"8416","Amsterdam_West",85,85,85,85,85,85,0,0
"8417","Amsterdam_Zuid",199,199,199,199,199,199,0,0
"8418","Amsterdam_West",120,120,120,120,120,120,0,0
"8419","Amsterdam_Zuid",160,160,160,160,160,160,0,0
"8420","Amsterdam_Oost",165,165,165,165,165,165,0,0
"8421","Amsterdam_West",135,135,135,135,135,135,0,0
"8422","Amsterdam_Zuid",40,40,40,40,40,40,0,0
"8423","Amsterdam_Oost",249,249,249,249,249,249,0,0
"8424","Amsterdam_West",200,200,200,200,200,200,0,0
"8425","Amsterdam_Center",125,125,125,125,125,125,0,0
"8426","Amsterdam_Nieuw_west",120,120,120,120,120,120,0,0
"8427","Amsterdam_Oost",100,100,100,100,100,100,0,0
"8428","Amsterdam_Oost",95,95,95,95,95,95,0,0
"8429","Amsterdam_Zuidoost",129,129,129,129,129,129,0,0
"8430","Amsterdam_Center",220,220,220,220,220,220,0,0
"8431","Amsterdam_Zuid",65,65,65,65,65,65,0,0
"8432","Amsterdam_Zuid",1334,1334,1334,1334,1334,1209,-125,125
"8433","Amsterdam_Oost",90,90,90,90,90,90,0,0
"8434","Amsterdam_West",50,50,50,50,50,50,0,0
"8435","Amsterdam_Zuid",275,275,275,275,275,275,0,0
"8436","Amsterdam_Oost",95,95,95,95,95,95,0,0
"8437","Amsterdam_Center",290,290,290,290,290,290,0,0
"8438","Amsterdam_West",184,184,184,184,184,184,0,0
"8439","Amsterdam_Center",245,245,245,245,245,245,0,0
"8440","Amsterdam_Nieuw_west",77,77,77,77,77,77,0,0
"8441","Amsterdam_West",65,65,65,65,65,65,0,0
"8442","Amsterdam_Oost",75,75,75,75,75,75,0,0
"8443","Amsterdam_Center",250,250,250,250,250,250,0,0
"8444","Amsterdam_Oost",200,200,200,200,200,200,0,0
"8445","Amsterdam_Zuidoost",130,130,130,130,130,130,0,0
"8446","Amsterdam_Center",237,237,237,237,237,237,0,0
"8447","Amsterdam_Zuid",255,255,255,255,255,255,0,0
"8448","Amsterdam_Zuid",50,50,50,50,50,50,0,0
"8449","Amsterdam_West",201,201,201,201,201,201,0,0
"8450","Amsterdam_Zuid",150,150,150,150,150,150,0,0
"8451","Amsterdam_West",100,100,100,100,100,100,0,0
"8452","Amsterdam_Center",280,280,280,280,280,280,0,0
"8453","Amsterdam_Zuid",65,65,65,65,65,65,0,0
"8454","Amsterdam_Oost",220,220,220,220,220,220,0,0
"8455","Amsterdam_Zuid",99,99,99,99,99,99,0,0
"8456","Amsterdam_Zuid",300,300,300,300,300,300,0,0
"8457","Amsterdam_West",70,70,70,70,70,70,0,0
"8458","Amsterdam_Oost",157,157,157,157,157,157,0,0
"8459","Amsterdam_Zuid",150,150,150,150,150,150,0,0
"8460","Amsterdam_West",179,179,179,179,179,179,0,0
"8461","Amsterdam_Zuidoost",60,60,60,60,60,60,0,0
"8462","Amsterdam_Zuid",130,130,130,130,130,130,0,0
"8463","Amsterdam_Nieuw_west",32,32,32,32,32,32,0,0
"8464","Amsterdam_Noord",115,121,128,130,163,193,78,78
"8465","Amsterdam_Center",191,191,191,191,191,191,0,0
"8466","Amsterdam_West",120,120,120,120,120,120,0,0
"8467","Amsterdam_Zuid",475,475,475,475,475,475,0,0
"8468","Amsterdam_Zuid",180,180,180,180,180,180,0,0
"8469","Amsterdam_Center",110,110,110,110,110,110,0,0
"8470","Amsterdam_West",160,160,160,160,160,160,0,0
"8471","Amsterdam_Oost",105,105,105,105,105,105,0,0
"8472","Amsterdam_Zuid",90,90,90,90,90,90,0,0
"8473","Amsterdam_Center",175,175,175,175,175,175,0,0
"8474","Amsterdam_Oost",118,118,118,118,118,118,0,0
"8475","Amsterdam_West",128,128,120,120,120,120,-8,8
"8476","Amsterdam_Zuid",150,150,150,150,150,150,0,0
"8477","Amsterdam_Center",150,150,150,150,150,150,0,0
"8478","Amsterdam_West",129,129,129,129,129,129,0,0
"8479","Amsterdam_Noord",150,150,150,150,150,150,0,0
"8480","Amsterdam_Oost",185,185,185,185,185,185,0,0
"8481","Amsterdam_Nieuw_west",115,115,115,115,115,115,0,0
"8482","Amsterdam_West",144,144,144,144,144,144,0,0
"8483","Amsterdam_Zuid",110,110,110,110,110,110,0,0
"8484","Amsterdam_Zuid",190,190,190,190,190,190,0,0
"8485","Amsterdam_Center",198,198,198,198,198,198,0,0
"8486","Amsterdam_Oost",120,120,120,120,120,120,0,0
"8487","Amsterdam_Zuid",89,89,89,89,89,89,0,0
"8488","Amsterdam_Center",94,94,94,94,94,94,0,0
"8489","Amsterdam_Zuid",80,80,80,80,80,80,0,0
"8490","Amsterdam_West",115,115,115,115,115,115,0,0
"8491","Amsterdam_West",199,199,199,199,199,199,0,0
"8492","Amsterdam_Noord",90,90,90,90,90,90,0,0
"8493","Amsterdam_Oost",70,70,70,70,70,70,0,0
"8494","Amsterdam_Center",200,200,200,200,200,200,0,0
"8495","Amsterdam_Oost",146,146,146,146,146,146,0,0
"8496","Amsterdam_Zuid",135,135,135,135,135,135,0,0
"8497","Amsterdam_Oost",159,159,159,159,159,159,0,0
"8498","Amsterdam_Zuid",139,139,139,139,139,139,0,0
"8499","Amsterdam_Zuid",130,130,130,130,130,130,0,0
"8500","Amsterdam_Zuid",158,161,165,168,167,168,10,10
"8501","Amsterdam_West",150,150,150,150,150,150,0,0
"8502","Amsterdam_West",165,165,165,165,165,165,0,0
"8503","Amsterdam_Zuid",140,140,140,140,140,140,0,0
"8504","Amsterdam_Oost",200,200,200,200,200,200,0,0
"8505","Amsterdam_Center",80,80,80,80,80,80,0,0
"8506","Amsterdam_Oost",120,120,120,120,120,120,0,0
"8507","Amsterdam_West",120,120,120,120,120,120,0,0
"8508","Amsterdam_West",140,140,140,140,140,140,0,0
"8509","Amsterdam_Oost",228,228,228,228,228,228,0,0
"8510","Amsterdam_Zuid",68,68,68,68,68,68,0,0
"8511","Amsterdam_Zuid",200,300,300,300,300,300,100,100
"8512","Amsterdam_Oost",490,490,490,490,490,490,0,0
"8513","Amsterdam_West",199,199,199,199,199,199,0,0
"8514","Amsterdam_Zuid",136,136,136,136,136,136,0,0
"8515","Amsterdam_Zuid",130,130,130,130,130,130,0,0
"8516","Amsterdam_West",150,150,150,150,150,150,0,0
"8517","Amsterdam_West",71,71,71,71,71,71,0,0
"8518","Amsterdam_West",108,108,108,108,108,108,0,0
"8519","Amsterdam_Center",300,300,300,300,300,300,0,0
"8520","Amsterdam_Nieuw_west",90,90,90,90,90,90,0,0
"8521","Amsterdam_West",149,149,149,149,149,149,0,0
"8522","Amsterdam_Oost",138,138,138,138,138,138,0,0
"8523","Amsterdam_Noord",500,500,500,500,500,500,0,0
"8524","Amsterdam_West",114,114,114,114,114,114,0,0
"8525","Amsterdam_West",150,150,150,150,150,150,0,0
"8526","Amsterdam_West",159,159,159,159,159,159,0,0
"8527","Amsterdam_Oost",75,75,75,75,75,75,0,0
"8528","Amsterdam_Center",200,200,200,200,200,200,0,0
"8529","Amsterdam_Oost",91,91,91,91,84,81,-10,10
"8530","Amsterdam_West",221,176,193,189,223,252,31,31
"8531","Amsterdam_West",85,85,85,85,85,85,0,0
"8532","Amsterdam_West",125,125,125,125,125,125,0,0
"8533","Amsterdam_West",85,85,85,85,85,85,0,0
"8534","Amsterdam_Zuidoost",102,102,102,102,102,102,0,0
"8535","Amsterdam_Zuid",130,130,130,130,130,130,0,0
"8536","Amsterdam_West",69,69,69,69,69,69,0,0
"8537","Amsterdam_Zuid",138,138,138,138,138,138,0,0
"8538","Amsterdam_Oost",125,125,125,125,125,125,0,0
"8539","Amsterdam_West",45,45,45,45,45,46,1,1
"8540","Amsterdam_Zuid",158,158,158,158,158,158,0,0
"8541","Amsterdam_Oost",30,30,30,30,30,30,0,0
"8542","Amsterdam_West",109,109,109,109,109,109,0,0
"8543","Amsterdam_Zuidoost",45,45,45,45,45,45,0,0
"8544","Amsterdam_Oost",215,215,215,215,215,215,0,0
"8545","Amsterdam_West",99,99,99,99,99,99,0,0
"8546","Amsterdam_Center",149,149,149,149,149,149,0,0
"8547","Amsterdam_Noord",100,100,100,100,100,100,0,0
"8548","Amsterdam_West",120,120,120,120,120,120,0,0
"8549","Amsterdam_Zuid",125,125,125,125,125,125,0,0
"8550","Amsterdam_Center",250,250,250,250,250,250,0,0
"8551","Amsterdam_Zuid",225,225,225,225,225,225,0,0
"8552","Amsterdam_Nieuw_west",300,300,300,300,300,300,0,0
"8553","Amsterdam_Oost",85,85,85,85,85,85,0,0
"8554","Amsterdam_Oost",166,166,166,166,166,166,0,0
"8555","Amsterdam_Oost",99,99,99,99,99,99,0,0
"8556","Amsterdam_Center",89,89,89,89,89,89,0,0
"8557","Amsterdam_West",200,200,200,200,200,200,0,0
"8558","Amsterdam_Oost",75,75,75,75,75,75,0,0
"8559","Amsterdam_Center",298,337,298,298,366,203,-95,95
"8560","Amsterdam_West",279,279,279,279,279,279,0,0
"8561","Amsterdam_Zuidoost",90,90,90,90,90,90,0,0
"8562","Amsterdam_Center",447,447,447,447,447,406,-41,41
"8563","Amsterdam_Zuidoost",70,70,70,70,70,110,40,40
"8564","Amsterdam_Nieuw_west",105,105,105,105,105,105,0,0
"8565","Amsterdam_West",125,125,125,125,125,125,0,0
"8566","Amsterdam_Oost",130,130,130,130,130,130,0,0
"8567","Amsterdam_Center",175,175,175,175,175,175,0,0
"8568","Amsterdam_Nieuw_west",108,104,105,116,120,138,30,30
"8569","Amsterdam_Oost",95,95,95,95,95,95,0,0
"8570","Amsterdam_West",150,150,150,150,150,150,0,0
"8571","Amsterdam_West",375,375,375,375,375,375,0,0
"8572","Amsterdam_Nieuw_west",250,250,250,250,250,250,0,0
"8573","Amsterdam_West",105,105,105,105,105,105,0,0
"8574","Amsterdam_Oost",131,131,131,131,131,131,0,0
"8575","Amsterdam_Zuid",68,68,68,68,68,68,0,0
"8576","Amsterdam_Oost",155,155,155,155,155,155,0,0
"8577","Amsterdam_Zuid",150,150,150,150,150,150,0,0
"8578","Amsterdam_Oost",225,225,225,225,225,225,0,0
"8579","Amsterdam_Zuid",150,150,150,150,150,150,0,0
"8580","Amsterdam_Zuid",250,250,250,250,250,250,0,0
"8581","Amsterdam_West",135,135,135,135,133,133,-2,2
"8582","Amsterdam_Center",2500,2500,2500,2500,2500,2500,0,0
"8583","Amsterdam_West",172,172,172,172,172,172,0,0
"8584","Amsterdam_Noord",113,113,113,113,113,113,0,0
"8585","Amsterdam_Nieuw_west",124,124,124,124,124,124,0,0
"8586","Amsterdam_Nieuw_west",50,50,50,50,50,50,0,0
"8587","Amsterdam_Noord",175,175,175,175,175,175,0,0
"8588","Amsterdam_Oost",250,250,250,250,175,250,0,0
"8589","Amsterdam_West",150,150,150,150,150,150,0,0
"8590","Amsterdam_Nieuw_west",62,62,62,62,62,62,0,0
"8591","Amsterdam_West",130,130,130,130,130,130,0,0
"8592","Amsterdam_Nieuw_west",75,75,75,75,75,75,0,0
"8593","Amsterdam_West",236,236,236,236,236,236,0,0
"8594","Amsterdam_Center",180,180,180,180,180,180,0,0
"8595","Amsterdam_West",195,195,195,195,195,195,0,0
"8596","Amsterdam_Zuid",40,40,40,40,40,42,2,2
"8597","Amsterdam_West",214,214,214,214,214,214,0,0
"8598","Amsterdam_West",149,149,149,149,149,149,0,0
"8599","Amsterdam_Center",195,195,195,195,195,195,0,0
"8600","Amsterdam_West",220,220,220,220,220,220,0,0
"8601","Amsterdam_Center",58,58,58,58,58,58,0,0
"8602","Amsterdam_West",150,150,150,150,150,150,0,0
"8603","Amsterdam_Oost",68,68,68,68,68,68,0,0
"8604","Amsterdam_Center",200,200,200,200,200,200,0,0
"8605","Amsterdam_West",275,275,275,275,275,275,0,0
"8606","Amsterdam_Zuidoost",46,46,46,46,46,46,0,0
"8607","Amsterdam_West",120,120,120,120,120,120,0,0
"8608","Amsterdam_Zuid",50,50,50,50,50,50,0,0
"8609","Amsterdam_Oost",75,75,75,75,75,75,0,0
"8610","Amsterdam_Zuid",329,329,329,329,329,329,0,0
"8611","Amsterdam_West",200,200,200,200,200,200,0,0
"8612","Amsterdam_Zuid",107,107,107,107,107,107,0,0
"8613","Amsterdam_Center",195,195,195,195,195,195,0,0
"8614","Amsterdam_Center",60,60,60,60,60,60,0,0
"8615","Amsterdam_Zuid",130,130,130,130,130,130,0,0
"8616","Amsterdam_Zuid",75,75,75,75,75,75,0,0
"8617","Amsterdam_West",95,95,95,95,95,95,0,0
"8618","Amsterdam_Center",200,200,200,200,200,200,0,0
"8619","Amsterdam_Noord",102,102,102,102,102,102,0,0
"8620","Amsterdam_Zuid",50,50,50,50,50,50,0,0
"8621","Amsterdam_Oost",70,70,70,70,70,70,0,0
"8622","Amsterdam_Zuid",150,150,150,150,150,150,0,0
"8623","Amsterdam_West",90,90,90,90,90,90,0,0
"8624","Amsterdam_Zuid",130,130,150,146,161,170,40,40
"8625","Amsterdam_West",160,160,160,160,160,160,0,0
"8626","Amsterdam_Noord",95,95,95,95,95,95,0,0
"8627","Amsterdam_Oost",295,295,295,295,295,295,0,0
"8628","Amsterdam_Zuid",479,479,479,479,479,479,0,0
"8629","Amsterdam_Oost",140,80,80,80,80,80,-60,60
"8630","Amsterdam_West",119,119,119,119,119,119,0,0
"8631","Amsterdam_Oost",140,140,140,140,140,140,0,0
"8632","Amsterdam_West",150,150,150,150,150,150,0,0
"8633","Amsterdam_Center",175,175,175,175,175,175,0,0
"8634","Amsterdam_Zuid",70,70,70,70,70,70,0,0
"8635","Amsterdam_Center",200,200,200,200,200,200,0,0
"8636","Amsterdam_Oost",243,243,243,243,243,243,0,0
"8637","Amsterdam_West",123,123,123,123,123,123,0,0
"8638","Amsterdam_Oost",175,175,175,175,175,175,0,0
"8639","Amsterdam_Nieuw_west",108,108,108,108,108,108,0,0
"8640","Amsterdam_Center",134,134,134,134,144,134,0,0
"8641","Amsterdam_Zuidoost",85,85,85,85,85,85,0,0
"8642","Amsterdam_West",90,90,90,90,90,90,0,0
"8643","Amsterdam_West",120,120,120,120,120,120,0,0
"8644","Amsterdam_Center",175,175,175,175,175,175,0,0
"8645","Amsterdam_Center",150,150,150,150,150,150,0,0
"8646","Amsterdam_Zuid",50,50,50,50,50,50,0,0
"8647","Amsterdam_West",207,207,207,207,207,207,0,0
"8648","Amsterdam_Zuid",150,150,150,150,150,150,0,0
"8649","Amsterdam_Oost",55,55,55,55,55,55,0,0
"8650","Amsterdam_West",145,145,145,145,145,145,0,0
"8651","Amsterdam_Oost",5000,5000,5000,5000,5000,5000,0,0
"8652","Amsterdam_West",84,84,84,84,84,84,0,0
"8653","Amsterdam_Zuid",150,150,150,150,150,150,0,0
"8654","Amsterdam_Nieuw_west",60,60,60,60,60,60,0,0
"8655","Amsterdam_Oost",155,155,155,155,155,155,0,0
"8656","Amsterdam_Center",66,66,66,66,66,67,1,1
"8657","Amsterdam_Noord",95,95,95,95,95,95,0,0
"8658","Amsterdam_West",30,30,30,30,30,30,0,0
"8659","Amsterdam_West",28,33,28,32,42,42,14,14
"8660","Amsterdam_Zuid",250,250,250,250,250,250,0,0
"8661","Amsterdam_Center",229,229,229,229,229,229,0,0
"8662","Amsterdam_Zuid",139,139,139,139,139,139,0,0
"8663","Amsterdam_Zuid",100,100,100,100,100,100,0,0
"8664","Amsterdam_Center",150,150,150,150,150,150,0,0
"8665","Amsterdam_Center",249,249,249,249,249,249,0,0
"8666","Amsterdam_West",186,186,186,186,186,186,0,0
"8667","Amsterdam_West",120,120,120,120,120,120,0,0
"8668","Amsterdam_West",123,123,123,123,123,123,0,0
"8669","Amsterdam_Oost",110,110,110,110,110,110,0,0
"8670","Amsterdam_Zuidoost",30,30,30,30,30,30,0,0
"8671","Amsterdam_West",180,163,161,179,179,180,0,0
"8672","Amsterdam_Zuid",130,130,130,130,130,130,0,0
"8673","Amsterdam_Oost",250,250,250,250,250,250,0,0
"8674","Amsterdam_Center",74,71,69,78,71,90,16,16
"8675","Amsterdam_West",106,106,106,106,106,106,0,0
"8676","Amsterdam_West",138,138,138,138,138,138,0,0
"8677","Amsterdam_Center",195,195,195,195,195,195,0,0
"8678","Amsterdam_Zuid",90,90,90,90,90,90,0,0
"8679","Amsterdam_West",189,189,189,189,189,189,0,0
"8680","Amsterdam_West",125,125,125,125,125,125,0,0
"8681","Amsterdam_Zuid",70,70,70,70,70,70,0,0
"8682","Amsterdam_Oost",125,125,125,125,125,125,0,0
"8683","Amsterdam_West",100,100,100,100,100,100,0,0
"8684","Amsterdam_Zuid",200,200,200,200,200,200,0,0
"8685","Amsterdam_Center",119,150,150,150,150,150,31,31
"8686","Amsterdam_West",130,130,130,130,130,130,0,0
"8687","Amsterdam_Oost",85,85,75,85,85,85,0,0
"8688","Amsterdam_Oost",149,149,149,149,149,149,0,0
"8689","Amsterdam_Noord",200,200,200,200,200,200,0,0
"8690","Amsterdam_Noord",100,100,100,100,100,100,0,0
"8691","Amsterdam_Nieuw_west",160,160,160,160,160,160,0,0
"8692","Amsterdam_West",150,150,150,150,150,150,0,0
"8693","Amsterdam_West",80,80,80,80,80,80,0,0
"8694","Amsterdam_Center",122,122,122,122,122,122,0,0
"8695","Amsterdam_Oost",200,200,200,200,200,200,0,0
"8696","Amsterdam_Oost",95,95,95,95,95,95,0,0
"8697","Amsterdam_West",95,95,95,95,95,95,0,0
"8698","Amsterdam_West",79,79,79,79,79,79,0,0
"8699","Amsterdam_Nieuw_west",70,70,70,70,70,70,0,0
"8700","Amsterdam_West",110,110,110,110,110,110,0,0
"8701","Amsterdam_Zuid",290,290,290,290,290,290,0,0
"8702","Amsterdam_West",95,95,95,95,95,95,0,0
"8703","Amsterdam_Zuid",400,400,400,400,400,400,0,0
"8704","Amsterdam_West",77,77,77,77,77,77,0,0
"8705","Amsterdam_West",170,170,170,170,170,170,0,0
"8706","Amsterdam_Oost",250,250,250,250,250,250,0,0
"8707","Amsterdam_Zuidoost",50,50,50,50,50,50,0,0
"8708","Amsterdam_West",150,150,150,150,150,150,0,0
"8709","Amsterdam_Noord",120,120,120,120,120,120,0,0
"8710","Amsterdam_West",175,175,175,175,175,175,0,0
"8711","Amsterdam_Zuid",289,289,289,289,289,289,0,0
"8712","Amsterdam_Center",82,75,55,64,79,104,22,22
"8713","Amsterdam_West",124,124,124,124,124,124,0,0
"8714","Amsterdam_Center",200,200,200,200,200,200,0,0
"8715","Amsterdam_West",229,229,229,229,229,229,0,0
"8716","Amsterdam_West",114,114,114,114,114,114,0,0
"8717","Amsterdam_Oost",83,83,83,83,83,83,0,0
"8718","Amsterdam_Zuid",119,119,90,135,125,125,6,6
"8719","Amsterdam_Nieuw_west",95,95,95,95,95,95,0,0
"8720","Amsterdam_West",70,70,70,70,70,70,0,0
"8721","Amsterdam_Noord",100,100,100,100,100,100,0,0
"8722","Amsterdam_Oost",125,125,125,125,125,125,0,0
"8723","Amsterdam_Zuid",150,150,150,150,150,150,0,0
"8724","Amsterdam_West",130,130,130,130,130,130,0,0
"8725","Amsterdam_West",245,245,245,245,245,245,0,0
"8726","Amsterdam_West",110,110,110,110,110,110,0,0
"8727","Amsterdam_Oost",250,250,250,250,250,250,0,0
"8728","Amsterdam_West",121,121,121,121,121,121,0,0
"8729","Amsterdam_Center",139,139,139,139,139,139,0,0
"8730","Amsterdam_Center",99,102,99,99,114,120,21,21
"8731","Amsterdam_West",250,250,250,250,250,250,0,0
"8732","Amsterdam_West",126,126,126,126,120,120,-6,6
"8733","Amsterdam_West",100,100,100,100,100,100,0,0
"8734","Amsterdam_Zuid",32,32,32,32,32,32,0,0
"8735","Amsterdam_Center",206,206,206,206,206,206,0,0
"8736","Amsterdam_Zuidoost",200,200,200,200,200,200,0,0
"8737","Amsterdam_Zuid",190,190,190,190,190,190,0,0
"8738","Amsterdam_West",400,400,400,400,400,400,0,0
"8739","Amsterdam_West",75,75,75,75,75,75,0,0
"8740","Amsterdam_Center",190,190,190,190,190,190,0,0
"8741","Amsterdam_Center",240,240,240,240,240,240,0,0
"8742","Amsterdam_West",100,100,100,100,100,100,0,0
"8743","Amsterdam_West",220,220,220,220,220,220,0,0
"8744","Amsterdam_Zuid",160,160,160,160,160,160,0,0
"8745","Amsterdam_Zuid",145,145,145,145,145,145,0,0
"8746","Amsterdam_Zuid",250,250,250,250,250,250,0,0
"8747","Amsterdam_Zuid",130,130,130,130,130,130,0,0
"8748","Amsterdam_Center",150,150,100,100,100,100,-50,50
"8749","Amsterdam_Oost",90,90,90,90,90,90,0,0
"8750","Amsterdam_Center",325,325,325,325,325,325,0,0
"8751","Amsterdam_Center",135,135,135,135,135,135,0,0
"8752","Amsterdam_Oost",200,200,200,200,200,200,0,0
"8753","Amsterdam_Center",130,130,130,130,130,130,0,0
"8754","Amsterdam_West",80,80,80,80,80,80,0,0
"8755","Amsterdam_Zuid",92,92,92,92,92,92,0,0
"8756","Amsterdam_Noord",170,170,170,170,170,170,0,0
"8757","Amsterdam_Center",120,120,120,120,120,120,0,0
"8758","Amsterdam_West",120,125,175,100,175,139,19,19
"8759","Amsterdam_West",147,147,147,147,147,147,0,0
"8760","Amsterdam_West",110,110,110,110,110,110,0,0
"8761","Amsterdam_Zuid",390,390,390,390,390,390,0,0
"8762","Amsterdam_Oost",245,245,245,245,245,245,0,0
"8763","Amsterdam_West",214,175,175,196,196,196,-18,18
"8764","Amsterdam_Zuid",116,116,116,116,116,116,0,0
"8765","Amsterdam_West",100,100,100,100,100,100,0,0
"8766","Amsterdam_West",119,119,119,119,119,119,0,0
"8767","Amsterdam_Oost",178,150,151,168,165,166,-12,12
"8768","Amsterdam_West",139,139,139,139,139,139,0,0
"8769","Amsterdam_Center",212,166,185,153,167,179,-33,33
"8770","Amsterdam_Zuidoost",250,250,250,250,250,250,0,0
"8771","Amsterdam_Zuid",125,125,125,125,125,125,0,0
"8772","Amsterdam_Oost",92,92,92,92,92,92,0,0
"8773","Amsterdam_Zuid",205,205,205,205,205,205,0,0
"8774","Amsterdam_Zuid",113,113,113,113,113,113,0,0
"8775","Amsterdam_Center",170,170,170,170,170,170,0,0
"8776","Amsterdam_Center",170,170,170,170,170,125,-45,45
"8777","Amsterdam_Noord",150,150,150,150,150,150,0,0
"8778","Amsterdam_Oost",194,194,194,194,194,194,0,0
"8779","Amsterdam_Center",250,250,250,250,250,171,-79,79
"8780","Amsterdam_Zuid",81,99,141,108,103,91,10,10
"8781","Amsterdam_West",170,80,80,80,80,80,-90,90
"8782","Amsterdam_Oost",200,200,200,200,200,200,0,0
"8783","Amsterdam_Zuid",120,120,120,120,120,120,0,0
"8784","Amsterdam_Zuid",110,110,110,110,110,110,0,0
"8785","Amsterdam_Nieuw_west",32,32,32,32,32,32,0,0
"8786","Amsterdam_Zuid",275,275,275,275,275,275,0,0
"8787","Amsterdam_Center",200,200,200,200,200,200,0,0
"8788","Amsterdam_West",120,120,120,120,120,120,0,0
"8789","Amsterdam_Noord",136,136,136,136,136,136,0,0
"8790","Amsterdam_Noord",160,160,160,160,160,160,0,0
"8791","Amsterdam_West",55,57,66,60,60,60,5,5
"8792","Amsterdam_Center",250,250,250,250,250,250,0,0
"8793","Amsterdam_West",300,300,300,300,300,300,0,0
"8794","Amsterdam_Zuid",100,100,100,100,100,100,0,0
"8795","Amsterdam_Center",240,240,240,240,240,240,0,0
"8796","Amsterdam_Center",210,210,210,210,210,210,0,0
"8797","Amsterdam_Center",160,160,160,160,160,160,0,0
"8798","Amsterdam_Center",175,175,175,175,175,175,0,0
"8799","Amsterdam_West",400,400,400,400,400,400,0,0
"8800","Amsterdam_Oost",175,175,175,175,175,175,0,0
"8801","Amsterdam_West",159,159,159,159,159,159,0,0
"8802","Amsterdam_Oost",90,90,90,90,90,90,0,0
"8803","Amsterdam_Zuid",115,115,115,115,115,115,0,0
"8804","Amsterdam_Zuid",234,240,240,240,240,240,6,6
"8805","Amsterdam_West",140,140,140,140,140,140,0,0
"8806","Amsterdam_Center",258,258,258,258,258,258,0,0
"8807","Amsterdam_Zuid",65,65,65,65,65,65,0,0
"8808","Amsterdam_Center",250,250,250,250,250,250,0,0
"8809","Amsterdam_Zuid",368,368,368,368,368,368,0,0
"8810","Amsterdam_Oost",364,364,364,364,314,314,-50,50
"8811","Amsterdam_West",900,900,900,900,900,900,0,0
"8812","Amsterdam_Zuidoost",57,57,57,57,57,57,0,0
"8813","Amsterdam_Zuid",150,150,150,150,150,150,0,0
"8814","Amsterdam_Center",135,135,135,135,135,135,0,0
"8815","Amsterdam_Oost",140,140,140,140,140,140,0,0
"8816","Amsterdam_Noord",85,85,85,85,102,103,18,18
"8817","Amsterdam_Noord",120,120,120,120,120,120,0,0
"8818","Amsterdam_Oost",264,264,274,165,165,165,-99,99
"8819","Amsterdam_Zuid",250,250,250,250,250,250,0,0
"8820","Amsterdam_Zuid",90,90,90,90,90,90,0,0
"8821","Amsterdam_Center",125,125,125,125,125,125,0,0
"8822","Amsterdam_Oost",80,80,80,80,80,80,0,0
"8823","Amsterdam_Center",105,105,105,105,105,105,0,0
"8824","Amsterdam_Zuid",200,200,200,200,200,200,0,0
"8825","Amsterdam_West",117,117,117,117,117,117,0,0
"8826","Amsterdam_West",120,120,120,120,120,120,0,0
"8827","Amsterdam_Nieuw_west",115,115,115,115,115,115,0,0
"8828","Amsterdam_Oost",124,124,124,124,124,124,0,0
"8829","Amsterdam_West",78,78,78,78,78,78,0,0
"8830","Amsterdam_Zuid",79,79,79,79,79,79,0,0
"8831","Amsterdam_Zuid",134,134,134,134,134,134,0,0
"8832","Amsterdam_West",95,95,95,95,95,95,0,0
"8833","Amsterdam_Zuid",140,140,140,140,140,140,0,0
"8834","Amsterdam_Center",157,157,157,157,157,157,0,0
"8835","Amsterdam_Nieuw_west",68,68,68,29,35,68,0,0
"8836","Amsterdam_West",150,150,150,150,150,150,0,0
"8837","Amsterdam_Oost",120,120,120,120,120,120,0,0
"8838","Amsterdam_Oost",159,159,159,159,159,159,0,0
"8839","Amsterdam_Zuid",131,131,131,131,131,131,0,0
"8840","Amsterdam_Center",131,131,131,131,131,131,0,0
"8841","Amsterdam_Oost",105,105,105,105,105,105,0,0
"8842","Amsterdam_Zuid",73,73,73,73,73,73,0,0
"8843","Amsterdam_Center",168,135,132,145,153,140,-28,28
"8844","Amsterdam_Zuidoost",170,170,170,170,170,81,-89,89
"8845","Amsterdam_Zuid",869,681,528,528,414,366,-503,503
"8846","Amsterdam_West",120,120,120,120,120,120,0,0
"8847","Amsterdam_Zuid",123,123,123,123,123,123,0,0
"8848","Amsterdam_West",350,350,350,350,350,350,0,0
"8849","Amsterdam_Nieuw_west",114,114,114,114,114,114,0,0
"8850","Amsterdam_Oost",160,160,160,160,160,160,0,0
"8851","Amsterdam_Noord",130,130,130,130,130,130,0,0
"8852","Amsterdam_Zuid",250,250,250,250,250,250,0,0
"8853","Amsterdam_Zuid",400,400,400,400,400,400,0,0
"8854","Amsterdam_Oost",130,130,130,130,130,130,0,0
"8855","Amsterdam_West",160,160,160,160,160,160,0,0
"8856","Amsterdam_West",104,104,104,104,104,104,0,0
"8857","Amsterdam_Nieuw_west",150,150,150,150,150,150,0,0
"8858","Amsterdam_Zuid",100,100,100,100,100,100,0,0
"8859","Amsterdam_Oost",150,150,150,150,150,150,0,0
"8860","Amsterdam_Center",109,99,140,120,120,159,50,50
"8861","Amsterdam_Center",109,99,140,120,99,159,50,50
"8862","Amsterdam_Nieuw_west",57,57,57,57,57,57,0,0
"8863","Amsterdam_West",99,99,99,99,99,99,0,0
"8864","Amsterdam_Zuid",199,199,199,199,199,199,0,0
"8865","Amsterdam_Zuid",105,105,105,105,105,105,0,0
"8866","Amsterdam_Zuid",385,309,157,157,157,157,-228,228
"8867","Amsterdam_West",169,169,169,101,135,135,-34,34
"8868","Amsterdam_West",153,153,153,153,153,153,0,0
"8869","Amsterdam_Center",155,155,155,155,75,84,-71,71
"8870","Amsterdam_West",110,110,110,110,110,110,0,0
"8871","Amsterdam_Noord",100,100,100,100,100,100,0,0
"8872","Amsterdam_Center",90,90,90,90,90,90,0,0
"8873","Amsterdam_Oost",250,250,250,250,250,250,0,0
"8874","Amsterdam_Center",250,250,250,250,250,250,0,0
"8875","Amsterdam_West",149,149,149,149,149,149,0,0
"8876","Amsterdam_Oost",130,130,130,130,130,130,0,0
"8877","Amsterdam_West",80,80,80,80,80,80,0,0
"8878","Amsterdam_Oost",180,180,180,180,180,180,0,0
"8879","Amsterdam_West",200,200,200,200,200,200,0,0
"8880","Amsterdam_Nieuw_west",94,94,94,94,94,94,0,0
"8881","Amsterdam_Zuid",85,85,85,85,85,85,0,0
"8882","Amsterdam_Oost",115,115,115,115,115,115,0,0
"8883","Amsterdam_Center",135,135,135,135,135,135,0,0
"8884","Amsterdam_West",140,140,140,140,140,140,0,0
"8885","Amsterdam_Oost",145,145,145,145,145,145,0,0
"8886","Amsterdam_Oost",150,150,150,150,150,150,0,0
"8887","Amsterdam_West",125,125,125,125,125,125,0,0
"8888","Amsterdam_Noord",65,65,65,65,65,65,0,0
"8889","Amsterdam_Oost",140,140,140,140,140,140,0,0
"8890","Amsterdam_Center",169,169,169,169,169,169,0,0
"8891","Amsterdam_Oost",156,156,156,156,156,156,0,0
"8892","Amsterdam_Oost",106,106,106,106,106,106,0,0
"8893","Amsterdam_Oost",199,199,199,199,199,199,0,0
"8894","Amsterdam_Noord",170,170,170,170,170,170,0,0
"8895","Amsterdam_West",129,129,129,129,129,129,0,0
"8896","Amsterdam_Noord",65,65,65,65,65,65,0,0
"8897","Amsterdam_West",95,95,95,95,95,95,0,0
"8898","Amsterdam_West",95,95,95,95,95,95,0,0
"8899","Amsterdam_Noord",175,175,175,175,175,175,0,0
"8900","Amsterdam_Zuid",125,125,125,125,125,125,0,0
"8901","Amsterdam_Oost",131,131,131,131,131,131,0,0
"8902","Amsterdam_West",55,55,55,55,55,57,2,2
"8903","Amsterdam_Oost",111,111,111,111,111,111,0,0
"8904","Amsterdam_West",189,189,189,189,189,189,0,0
"8905","Amsterdam_West",50,50,50,50,50,50,0,0
"8906","Amsterdam_West",210,210,210,210,210,210,0,0
"8907","Amsterdam_Oost",150,150,150,150,150,150,0,0
"8908","Amsterdam_West",109,109,109,109,109,109,0,0
"8909","Amsterdam_Center",41,41,41,41,41,41,0,0
"8910","Amsterdam_Nieuw_west",60,60,60,60,60,60,0,0
"8911","Amsterdam_Zuid",120,120,120,120,120,120,0,0
"8912","Amsterdam_Zuid",175,175,175,175,175,175,0,0
"8913","Amsterdam_Noord",80,80,80,80,80,80,0,0
"8914","Amsterdam_Oost",168,168,168,168,168,168,0,0
"8915","Amsterdam_Oost",198,198,198,198,198,198,0,0
"8916","Amsterdam_Oost",80,80,80,80,80,80,0,0
"8917","Amsterdam_Oost",770,450,448,450,450,471,-299,299
"8918","Amsterdam_Center",147,147,147,147,147,147,0,0
"8919","Amsterdam_Noord",65,65,65,65,65,65,0,0
"8920","Amsterdam_Nieuw_west",99,99,99,99,99,99,0,0
"8921","Amsterdam_Center",200,200,200,200,200,200,0,0
"8922","Amsterdam_West",120,120,120,120,120,120,0,0
"8923","Amsterdam_Oost",95,95,95,95,95,97,2,2
"8924","Amsterdam_Center",99,99,99,99,99,99,0,0
"8925","Amsterdam_Center",150,150,150,150,150,150,0,0
"8926","Amsterdam_Zuid",99,99,99,99,99,99,0,0
"8927","Amsterdam_Oost",100,100,100,100,100,100,0,0
"8928","Amsterdam_Center",117,117,189,84,98,98,-19,19
"8929","Amsterdam_Zuid",119,119,119,119,119,119,0,0
"8930","Amsterdam_West",100,100,100,100,100,100,0,0
"8931","Amsterdam_Center",129,129,129,129,129,129,0,0
"8932","Amsterdam_West",180,180,180,180,180,180,0,0
"8933","Amsterdam_Oost",125,125,125,125,125,125,0,0
"8934","Amsterdam_West",140,140,140,140,140,140,0,0
"8935","Amsterdam_Noord",120,120,120,120,120,120,0,0
"8936","Amsterdam_Oost",90,90,90,90,90,90,0,0
"8937","Amsterdam_West",150,150,150,150,150,150,0,0
"8938","Amsterdam_West",125,125,125,125,125,125,0,0
"8939","Amsterdam_Oost",147,147,147,147,147,147,0,0
"8940","Amsterdam_Center",225,225,225,225,225,225,0,0
"8941","Amsterdam_West",321,175,175,175,175,175,-146,146
"8942","Amsterdam_Oost",69,69,69,69,69,69,0,0
"8943","Amsterdam_Noord",85,85,85,85,85,85,0,0
"8944","Amsterdam_Zuid",100,100,68,68,68,68,-32,32
"8945","Amsterdam_Zuid",145,145,145,145,145,145,0,0
"8946","Amsterdam_Center",110,110,110,110,110,110,0,0
"8947","Amsterdam_Center",170,135,130,150,188,165,-5,5
"8948","Amsterdam_Zuid",68,68,68,68,68,68,0,0
"8949","Amsterdam_Noord",195,195,195,195,195,195,0,0
"8950","Amsterdam_Center",300,700,700,700,125,125,-175,175
"8951","Amsterdam_West",45,45,45,45,45,45,0,0
"8952","Amsterdam_Oost",109,109,109,109,109,109,0,0
"8953","Amsterdam_Oost",162,126,135,153,192,225,63,63
"8954","Amsterdam_West",99,99,99,99,99,99,0,0
"8955","Amsterdam_West",131,131,139,139,139,139,8,8
"8956","Amsterdam_Oost",107,107,107,107,107,107,0,0
"8957","Amsterdam_West",220,220,220,220,220,220,0,0
"8958","Amsterdam_Zuid",95,95,95,95,95,95,0,0
"8959","Amsterdam_West",125,125,125,125,125,125,0,0
"8960","Amsterdam_Oost",90,90,90,90,90,90,0,0
"8961","Amsterdam_West",125,125,125,125,125,99,-26,26
"8962","Amsterdam_Oost",155,155,155,155,155,155,0,0
"8963","Amsterdam_Noord",180,180,180,180,180,180,0,0
"8964","Amsterdam_West",173,173,173,173,173,173,0,0
"8965","Amsterdam_Zuid",115,115,115,115,115,115,0,0
"8966","Amsterdam_Oost",100,100,100,100,100,100,0,0
"8967","Amsterdam_West",125,125,125,125,125,125,0,0
"8968","Amsterdam_West",120,120,120,120,120,120,0,0
"8969","Amsterdam_West",189,189,189,189,189,189,0,0
"8970","Amsterdam_Oost",50,50,50,50,50,50,0,0
"8971","Amsterdam_Center",111,110,110,110,119,125,14,14
"8972","Amsterdam_Noord",100,100,100,100,100,100,0,0
"8973","Amsterdam_Zuid",160,160,160,160,160,160,0,0
"8974","Amsterdam_West",185,185,185,185,185,185,0,0
"8975","Amsterdam_West",250,250,250,250,250,250,0,0
"8976","Amsterdam_West",125,125,125,125,125,125,0,0
"8977","Amsterdam_Center",80,80,80,80,80,80,0,0
"8978","Amsterdam_West",89,89,89,89,89,89,0,0
"8979","Amsterdam_Oost",60,60,60,60,60,60,0,0
"8980","Amsterdam_Zuid",157,157,157,157,157,157,0,0
"8981","Amsterdam_West",120,120,120,120,120,120,0,0
"8982","Amsterdam_Oost",178,178,178,178,178,178,0,0
"8983","Amsterdam_Noord",85,85,85,85,85,85,0,0
"8984","Amsterdam_Center",79,80,107,79,65,110,31,31
"8985","Amsterdam_West",170,170,170,170,170,170,0,0
"8986","Amsterdam_Zuid",130,130,130,130,130,130,0,0
"8987","Amsterdam_Zuid",45,45,45,45,45,45,0,0
"8988","Amsterdam_West",125,125,125,125,125,125,0,0
"8989","Amsterdam_West",155,155,155,155,155,155,0,0
"8990","Amsterdam_Zuid",60,60,60,60,60,60,0,0
"8991","Amsterdam_West",150,150,150,150,150,150,0,0
"8992","Amsterdam_Center",186,186,186,186,186,186,0,0
"8993","Amsterdam_West",90,90,90,90,90,90,0,0
"8994","Amsterdam_West",66,65,99,108,101,98,32,32
"8995","Amsterdam_West",458,458,458,537,468,585,127,127
"8996","Amsterdam_Noord",130,130,130,130,130,130,0,0
"8997","Amsterdam_Center",140,140,140,140,140,140,0,0
"8998","Amsterdam_Oost",300,300,300,300,300,300,0,0
"8999","Amsterdam_Oost",70,70,70,70,70,70,0,0
"9000","Amsterdam_West",121,121,121,121,121,121,0,0
"9001","Amsterdam_West",200,200,200,200,200,200,0,0
"9002","Amsterdam_Zuid",100,100,100,100,100,100,0,0
"9003","Amsterdam_Oost",160,160,160,160,160,160,0,0
"9004","Amsterdam_Zuid",325,325,325,325,325,325,0,0
"9005","Amsterdam_West",300,300,300,300,300,300,0,0
"9006","Amsterdam_Zuid",122,122,122,122,122,122,0,0
"9007","Amsterdam_Oost",113,113,113,113,113,113,0,0
"9008","Amsterdam_West",115,115,115,115,115,115,0,0
"9009","Amsterdam_Center",185,185,185,185,185,185,0,0
"9010","Amsterdam_Zuid",159,159,159,159,159,159,0,0
"9011","Amsterdam_Zuid",75,75,75,75,75,75,0,0
"9012","Amsterdam_Oost",166,166,166,166,166,166,0,0
"9013","Amsterdam_West",135,135,135,135,135,135,0,0
"9014","Amsterdam_Zuid",133,133,133,133,133,133,0,0
"9015","Amsterdam_West",196,196,196,196,196,200,4,4
"9016","Amsterdam_Zuid",129,129,129,129,129,129,0,0
"9017","Amsterdam_West",449,349,349,349,349,349,-100,100
"9018","Amsterdam_Center",190,190,190,190,215,190,0,0
"9019","Amsterdam_West",165,165,165,165,165,165,0,0
"9020","Amsterdam_West",200,200,200,200,200,200,0,0
"9021","Amsterdam_Noord",110,110,110,110,110,110,0,0
"9022","Amsterdam_Zuid",400,400,400,400,400,400,0,0
"9023","Amsterdam_Center",125,125,125,125,125,125,0,0
"9024","Amsterdam_West",220,220,220,220,220,220,0,0
"9025","Amsterdam_West",60,60,60,60,60,60,0,0
"9026","Amsterdam_West",85,79,91,85,75,85,0,0
"9027","Amsterdam_Zuidoost",60,60,60,60,60,60,0,0
"9028","Amsterdam_Oost",83,83,83,83,83,83,0,0
"9029","Amsterdam_Oost",141,141,141,141,141,141,0,0
"9030","Amsterdam_Center",147,147,147,147,147,147,0,0
"9031","Amsterdam_West",129,129,129,129,129,129,0,0
"9032","Amsterdam_Oost",106,106,106,106,106,106,0,0
"9033","Amsterdam_Oost",99,99,99,99,99,99,0,0
"9034","Amsterdam_Center",110,110,110,110,110,110,0,0
"9035","Amsterdam_West",100,100,100,100,100,100,0,0
"9036","Amsterdam_Zuid",120,120,120,120,120,120,0,0
"9037","Amsterdam_Oost",20,20,20,20,20,20,0,0
"9038","Amsterdam_Center",175,175,175,175,175,175,0,0
"9039","Amsterdam_West",101,101,101,101,101,101,0,0
"9040","Amsterdam_Center",95,95,95,95,95,95,0,0
"9041","Amsterdam_Zuid",149,149,149,149,149,149,0,0
"9042","Amsterdam_West",120,120,120,120,120,120,0,0
"9043","Amsterdam_Oost",150,150,150,150,150,150,0,0
"9044","Amsterdam_Oost",180,180,180,180,180,180,0,0
"9045","Amsterdam_Noord",85,85,85,85,85,85,0,0
"9046","Amsterdam_Zuid",300,300,300,300,300,300,0,0
"9047","Amsterdam_West",90,90,90,90,90,90,0,0
"9048","Amsterdam_West",185,185,185,185,185,185,0,0
"9049","Amsterdam_Oost",98,98,98,98,98,98,0,0
"9050","Amsterdam_Center",295,295,295,295,295,295,0,0
"9051","Amsterdam_West",175,175,175,175,175,175,0,0
"9052","Amsterdam_Zuid",277,277,277,277,277,277,0,0
"9053","Amsterdam_Oost",175,175,175,175,175,175,0,0
"9054","Amsterdam_Noord",105,105,105,105,105,105,0,0
"9055","Amsterdam_Noord",64,64,64,64,64,64,0,0
"9056","Amsterdam_Center",228,228,228,228,228,228,0,0
"9057","Amsterdam_West",140,140,140,140,140,140,0,0
"9058","Amsterdam_West",127,127,127,127,127,127,0,0
"9059","Amsterdam_West",120,120,120,120,120,120,0,0
"9060","Amsterdam_West",150,150,150,150,150,150,0,0
"9061","Amsterdam_West",115,115,115,115,115,115,0,0
"9062","Amsterdam_West",86,86,86,86,86,86,0,0
"9063","Amsterdam_Oost",110,110,110,110,110,110,0,0
"9064","Amsterdam_Center",182,182,182,182,182,182,0,0
"9065","Amsterdam_West",99,99,99,99,99,99,0,0
"9066","Amsterdam_Center",125,125,125,125,125,125,0,0
"9067","Amsterdam_West",300,300,300,300,300,300,0,0
"9068","Amsterdam_Noord",30,40,40,40,40,40,10,10
"9069","Amsterdam_Oost",119,119,119,119,119,119,0,0
"9070","Amsterdam_Zuidoost",80,80,80,80,80,80,0,0
"9071","Amsterdam_Zuid",229,229,229,229,229,229,0,0
"9072","Amsterdam_Center",200,200,200,200,200,200,0,0
"9073","Amsterdam_Zuid",109,109,109,109,109,109,0,0
"9074","Amsterdam_West",250,250,250,250,250,250,0,0
"9075","Amsterdam_West",95,95,95,95,95,95,0,0
"9076","Amsterdam_Oost",110,110,110,114,117,177,67,67
"9077","Amsterdam_West",45,45,45,45,45,45,0,0
"9078","Amsterdam_West",95,95,95,95,95,95,0,0
"9079","Amsterdam_West",129,129,129,129,129,129,0,0
"9080","Amsterdam_Zuidoost",155,155,155,155,155,155,0,0
"9081","Amsterdam_Noord",200,200,200,200,200,200,0,0
"9082","Amsterdam_West",185,185,185,185,185,185,0,0
"9083","Amsterdam_Zuid",140,140,140,140,140,140,0,0
"9084","Amsterdam_Center",115,115,115,115,115,115,0,0
"9085","Amsterdam_Center",30,25,28,25,25,41,11,11
"9086","Amsterdam_Center",230,230,230,230,230,230,0,0
"9087","Amsterdam_West",100,100,100,100,100,100,0,0
"9088","Amsterdam_West",280,280,280,280,280,280,0,0
"9089","Amsterdam_Center",30,24,30,30,25,38,8,8
"9090","Amsterdam_Zuid",130,130,130,130,130,130,0,0
"9091","Amsterdam_West",185,185,185,185,185,185,0,0
"9092","Amsterdam_Zuid",79,79,79,79,79,79,0,0
"9093","Amsterdam_Zuid",115,115,115,115,115,115,0,0
"9094","Amsterdam_Center",200,200,200,200,200,200,0,0
"9095","Amsterdam_Oost",95,95,95,95,95,95,0,0
"9096","Amsterdam_Center",180,180,180,180,180,180,0,0
"9097","Amsterdam_Oost",85,85,85,85,85,85,0,0
"9098","Amsterdam_West",220,220,220,220,220,220,0,0
"9099","Amsterdam_Center",200,200,200,200,200,200,0,0
"9100","Amsterdam_Oost",175,175,175,175,175,175,0,0
"9101","Amsterdam_Nieuw_west",100,100,100,100,100,100,0,0
"9102","Amsterdam_Zuid",270,270,270,270,270,270,0,0
"9103","Amsterdam_Oost",106,106,106,106,106,106,0,0
"9104","Amsterdam_West",175,175,175,175,175,175,0,0
"9105","Amsterdam_Center",44,40,61,72,46,53,9,9
"9106","Amsterdam_Nieuw_west",60,60,60,60,60,60,0,0
"9107","Amsterdam_Zuid",139,139,139,139,139,139,0,0
"9108","Amsterdam_Zuid",200,200,200,200,200,200,0,0
"9109","Amsterdam_West",100,100,100,100,100,100,0,0
"9110","Amsterdam_Zuid",75,75,75,75,75,75,0,0
"9111","Amsterdam_Oost",250,250,250,250,250,250,0,0
"9112","Amsterdam_Oost",125,125,125,125,125,125,0,0
"9113","Amsterdam_Center",120,120,120,120,120,120,0,0
"9114","Amsterdam_West",280,193,189,212,251,145,-135,135
"9115","Amsterdam_Zuid",99,99,99,99,99,99,0,0
"9116","Amsterdam_Oost",260,260,260,260,260,260,0,0
"9117","Amsterdam_Zuid",156,156,156,156,156,156,0,0
"9118","Amsterdam_West",75,75,75,75,75,75,0,0
"9119","Amsterdam_West",70,70,70,70,70,70,0,0
"9120","Amsterdam_Zuid",50,50,50,50,50,50,0,0
"9121","Amsterdam_West",160,160,160,160,160,160,0,0
"9122","Amsterdam_West",350,350,350,350,350,350,0,0
"9123","Amsterdam_Oost",143,143,143,143,143,143,0,0
"9124","Amsterdam_Noord",131,131,133,136,168,192,61,61
"9125","Amsterdam_West",79,79,79,79,79,79,0,0
"9126","Amsterdam_Zuid",250,250,250,250,250,250,0,0
"9127","Amsterdam_Center",250,250,250,250,250,350,100,100
"9128","Amsterdam_Center",120,120,120,120,120,120,0,0
"9129","Amsterdam_Zuid",159,159,159,159,159,159,0,0
"9130","Amsterdam_West",85,85,85,85,85,85,0,0
"9131","Amsterdam_Center",400,400,400,400,400,400,0,0
"9132","Amsterdam_Oost",130,130,130,130,130,130,0,0
"9133","Amsterdam_Zuid",155,155,155,155,155,155,0,0
"9134","Amsterdam_Center",144,144,144,144,144,144,0,0
"9135","Amsterdam_West",112,112,112,112,119,112,0,0
"9136","Amsterdam_Noord",124,90,125,125,125,90,-34,34
"9137","Amsterdam_Nieuw_west",38,38,38,38,38,38,0,0
"9138","Amsterdam_Center",250,250,250,250,250,250,0,0
"9139","Amsterdam_Oost",199,199,199,199,199,199,0,0
"9140","Amsterdam_West",65,100,100,100,100,70,5,5
"9141","Amsterdam_Noord",150,150,150,150,150,150,0,0
"9142","Amsterdam_West",100,100,100,100,100,100,0,0
"9143","Amsterdam_West",125,125,125,125,125,125,0,0
"9144","Amsterdam_West",114,114,114,114,114,114,0,0
"9145","Amsterdam_Oost",115,115,115,115,115,115,0,0
"9146","Amsterdam_Noord",140,140,140,140,140,140,0,0
"9147","Amsterdam_Noord",100,100,100,100,100,100,0,0
"9148","Amsterdam_Zuid",65,65,65,65,65,65,0,0
"9149","Amsterdam_Zuid",110,110,110,110,110,110,0,0
"9150","Amsterdam_Zuid",99,99,99,99,99,99,0,0
"9151","Amsterdam_Zuid",150,150,150,150,150,150,0,0
"9152","Amsterdam_West",59,59,59,59,59,59,0,0
"9153","Amsterdam_Oost",60,60,60,60,60,60,0,0
"9154","Amsterdam_Noord",126,121,128,130,130,188,62,62
"9155","Amsterdam_Oost",171,171,171,171,171,171,0,0
"9156","Amsterdam_Center",229,229,229,229,229,229,0,0
"9157","Amsterdam_West",159,159,159,159,159,159,0,0
"9158","Amsterdam_Zuid",150,150,150,150,150,150,0,0
"9159","Amsterdam_West",590,590,590,590,590,590,0,0
"9160","Amsterdam_Oost",150,150,150,150,150,150,0,0
"9161","Amsterdam_Oost",165,165,165,165,165,165,0,0
"9162","Amsterdam_West",250,250,250,250,250,250,0,0
"9163","Amsterdam_Zuid",185,185,185,185,185,185,0,0
"9164","Amsterdam_Oost",50,50,50,50,50,50,0,0
"9165","Amsterdam_West",120,120,120,120,120,120,0,0
"9166","Amsterdam_Zuidoost",55,55,55,55,55,55,0,0
"9167","Amsterdam_Noord",135,135,135,135,135,135,0,0
"9168","Amsterdam_Center",149,149,149,149,149,149,0,0
"9169","Amsterdam_West",135,135,135,135,135,135,0,0
"9170","Amsterdam_Oost",81,81,81,81,81,81,0,0
"9171","Amsterdam_West",200,200,200,200,200,200,0,0
"9172","Amsterdam_Noord",85,85,85,85,85,85,0,0
"9173","Amsterdam_Noord",75,75,75,75,75,75,0,0
"9174","Amsterdam_West",110,110,110,110,110,110,0,0
"9175","Amsterdam_Zuid",300,300,300,300,300,300,0,0
"9176","Amsterdam_Zuid",152,152,152,152,152,152,0,0
"9177","Amsterdam_West",210,210,210,186,186,168,-42,42
"9178","Amsterdam_West",180,180,180,180,180,180,0,0
"9179","Amsterdam_Nieuw_west",120,120,120,120,120,120,0,0
"9180","Amsterdam_Zuidoost",40,40,40,40,40,40,0,0
"9181","Amsterdam_Center",149,149,149,99,141,149,0,0
"9182","Amsterdam_Zuid",257,257,283,283,283,283,26,26
"9183","Amsterdam_West",100,100,100,100,100,100,0,0
"9184","Amsterdam_West",119,119,119,119,119,119,0,0
"9185","Amsterdam_Center",240,240,240,240,240,240,0,0
"9186","Amsterdam_Noord",80,80,80,80,80,80,0,0
"9187","Amsterdam_Zuid",190,190,190,190,190,190,0,0
"9188","Amsterdam_Oost",200,200,200,200,200,200,0,0
"9189","Amsterdam_West",160,160,160,160,160,160,0,0
"9190","Amsterdam_West",99,99,99,99,99,99,0,0
"9191","Amsterdam_West",196,246,246,246,246,246,50,50
"9192","Amsterdam_Oost",60,60,60,60,60,60,0,0
"9193","Amsterdam_West",220,220,220,220,220,220,0,0
"9194","Amsterdam_Noord",200,200,200,200,200,200,0,0
"9195","Amsterdam_West",117,117,117,117,117,117,0,0
"9196","Amsterdam_Noord",179,179,179,179,179,179,0,0
"9197","Amsterdam_Noord",180,180,180,180,180,180,0,0
"9198","Amsterdam_West",50,50,50,50,50,50,0,0
"9199","Amsterdam_West",60,60,60,60,60,60,0,0
"9200","Amsterdam_Noord",80,80,80,80,80,80,0,0
"9201","Amsterdam_West",125,125,125,125,125,125,0,0
"9202","Amsterdam_West",50,50,50,50,50,50,0,0
"9203","Amsterdam_Center",250,250,250,250,250,250,0,0
"9204","Amsterdam_Center",178,178,178,178,178,178,0,0
"9205","Amsterdam_Center",149,149,149,149,149,149,0,0
"9206","Amsterdam_Center",335,335,335,335,335,335,0,0
"9207","Amsterdam_Nieuw_west",61,61,61,61,61,62,1,1
"9208","Amsterdam_West",150,150,150,150,150,150,0,0
"9209","Amsterdam_Center",230,230,230,230,230,230,0,0
"9210","Amsterdam_Oost",125,125,125,125,125,125,0,0
"9211","Amsterdam_Zuid",275,275,275,275,275,275,0,0
"9212","Amsterdam_Zuid",119,119,119,119,119,119,0,0
"9213","Amsterdam_Zuid",90,90,90,90,90,90,0,0
"9214","Amsterdam_Zuid",150,150,150,150,150,150,0,0
"9215","Amsterdam_Center",495,495,495,495,495,495,0,0
"9216","Amsterdam_Center",211,211,211,211,211,211,0,0
"9217","Amsterdam_West",600,600,600,600,600,600,0,0
"9218","Amsterdam_Center",100,100,100,100,100,100,0,0
"9219","Amsterdam_Zuid",130,130,130,130,130,130,0,0
"9220","Amsterdam_Center",150,150,150,150,150,150,0,0
"9221","Amsterdam_Oost",67,67,67,67,67,67,0,0
"9222","Amsterdam_Zuid",60,60,60,60,60,60,0,0
"9223","Amsterdam_West",135,135,135,135,135,135,0,0
"9224","Amsterdam_Zuid",115,115,115,115,115,115,0,0
"9225","Amsterdam_Zuid",141,141,141,141,141,141,0,0
"9226","Amsterdam_Noord",95,95,95,95,95,95,0,0
"9227","Amsterdam_Center",275,275,275,275,275,275,0,0
"9228","Amsterdam_Center",160,160,160,160,160,160,0,0
"9229","Amsterdam_Center",130,130,130,130,130,130,0,0
"9230","Amsterdam_Nieuw_west",150,150,150,150,150,150,0,0
"9231","Amsterdam_Center",95,95,95,95,95,96,1,1
"9232","Amsterdam_Center",145,145,145,145,145,145,0,0
"9233","Amsterdam_Zuid",150,150,150,150,150,150,0,0
"9234","Amsterdam_West",75,75,75,75,75,75,0,0
"9235","Amsterdam_Center",175,175,175,175,175,175,0,0
"9236","Amsterdam_Oost",49,49,49,49,49,49,0,0
"9237","Amsterdam_Noord",126,126,128,130,130,188,62,62
"9238","Amsterdam_West",85,85,85,85,85,85,0,0
"9239","Amsterdam_West",250,250,250,250,250,250,0,0
"9240","Amsterdam_West",197,197,197,197,197,197,0,0
"9241","Amsterdam_Zuid",110,110,110,110,110,110,0,0
"9242","Amsterdam_Zuidoost",77,77,77,77,77,77,0,0
"9243","Amsterdam_West",120,120,120,120,120,120,0,0
"9244","Amsterdam_West",115,115,115,115,115,115,0,0
"9245","Amsterdam_Center",160,160,160,160,160,160,0,0
"9246","Amsterdam_West",150,150,150,150,150,150,0,0
"9247","Amsterdam_West",99,99,99,99,99,99,0,0
"9248","Amsterdam_West",140,140,140,140,140,140,0,0
"9249","Amsterdam_Noord",100,100,100,100,100,100,0,0
"9250","Amsterdam_Oost",120,120,120,120,120,120,0,0
"9251","Amsterdam_West",220,220,220,220,220,220,0,0
"9252","Amsterdam_Oost",45,45,45,45,45,45,0,0
"9253","Amsterdam_West",105,105,105,105,105,105,0,0
"9254","Amsterdam_Center",45,41,40,53,51,49,4,4
"9255","Amsterdam_Zuid",155,155,155,155,155,155,0,0
"9256","Amsterdam_Zuidoost",44,44,61,66,74,74,30,30
"9257","Amsterdam_Zuidoost",44,44,62,62,46,57,13,13
"9258","Amsterdam_West",99,99,99,99,99,99,0,0
"9259","Amsterdam_Center",150,150,150,150,150,150,0,0
"9260","Amsterdam_Oost",89,89,89,89,89,89,0,0
"9261","Amsterdam_Zuid",338,150,150,159,159,154,-184,184
"9262","Amsterdam_West",85,85,85,85,85,85,0,0
"9263","Amsterdam_Center",327,252,276,353,455,539,212,212
"9264","Amsterdam_West",130,130,130,130,130,130,0,0
"9265","Amsterdam_West",130,130,130,130,130,130,0,0
"9266","Amsterdam_Zuid",200,200,200,200,200,200,0,0
"9267","Amsterdam_Zuid",128,128,128,128,128,128,0,0
"9268","Amsterdam_Center",204,204,204,204,204,204,0,0
"9269","Amsterdam_Zuid",125,125,125,125,125,125,0,0
"9270","Amsterdam_Zuidoost",54,54,54,54,54,54,0,0
"9271","Amsterdam_Zuid",375,375,375,375,375,275,-100,100
"9272","Amsterdam_Center",178,177,225,225,170,182,4,4
"9273","Amsterdam_Zuid",299,299,299,299,299,299,0,0
"9274","Amsterdam_West",70,70,70,70,70,70,0,0
"9275","Amsterdam_Nieuw_west",65,65,65,65,65,65,0,0
"9276","Amsterdam_Zuid",36,36,36,36,36,36,0,0
"9277","Amsterdam_West",112,131,136,63,138,155,43,43
"9278","Amsterdam_Noord",90,90,90,90,90,90,0,0
"9279","Amsterdam_Oost",509,509,462,462,462,462,-47,47
"9280","Amsterdam_Zuidoost",51,51,51,51,51,51,0,0
"9281","Amsterdam_West",119,119,119,119,119,119,0,0
"9282","Amsterdam_Center",55,55,55,55,55,55,0,0
"9283","Amsterdam_West",299,299,299,299,299,299,0,0
"9284","Amsterdam_Oost",97,97,97,68,76,89,-8,8
"9285","Amsterdam_West",110,110,110,110,110,110,0,0
"9286","Amsterdam_Center",135,135,135,135,135,135,0,0
"9287","Amsterdam_Center",175,175,175,175,175,175,0,0
"9288","Amsterdam_Zuid",135,135,135,135,135,135,0,0
"9289","Amsterdam_West",65,65,65,65,65,65,0,0
"9290","Amsterdam_Oost",140,140,140,140,140,140,0,0
"9291","Amsterdam_West",250,250,250,250,250,250,0,0
"9292","Amsterdam_West",250,250,250,250,250,250,0,0
"9293","Amsterdam_Noord",100,100,100,100,100,100,0,0
"9294","Amsterdam_Zuid",180,180,180,180,180,180,0,0
"9295","Amsterdam_Center",86,86,86,86,86,86,0,0
"9296","Amsterdam_Zuid",125,125,125,125,125,125,0,0
"9297","Amsterdam_Oost",80,80,80,80,80,80,0,0
"9298","Amsterdam_Zuid",119,119,119,119,119,119,0,0
"9299","Amsterdam_West",60,60,60,60,60,60,0,0
"9300","Amsterdam_Oost",80,80,80,80,80,80,0,0
"9301","Amsterdam_West",175,175,175,175,175,175,0,0
"9302","Amsterdam_West",70,70,70,70,70,70,0,0
"9303","Amsterdam_West",100,100,100,100,100,100,0,0
"9304","Amsterdam_West",125,125,125,125,125,125,0,0
"9305","Amsterdam_Zuid",220,220,220,220,220,220,0,0
"9306","Amsterdam_Center",250,250,250,250,250,250,0,0
"9307","Amsterdam_Zuid",500,320,329,180,180,180,-320,320
"9308","Amsterdam_Oost",146,146,146,146,146,146,0,0
"9309","Amsterdam_Noord",125,125,125,125,125,125,0,0
"9310","Amsterdam_Center",73,73,73,73,73,73,0,0
"9311","Amsterdam_West",184,184,184,184,184,184,0,0
"9312","Amsterdam_Zuid",90,80,80,90,90,95,5,5
"9313","Amsterdam_Zuid",123,123,123,123,123,123,0,0
"9314","Amsterdam_Zuidoost",120,120,120,120,120,120,0,0
"9315","Amsterdam_Zuid",209,209,209,209,209,209,0,0
"9316","Amsterdam_West",80,80,80,80,80,80,0,0
"9317","Amsterdam_West",250,175,175,175,175,175,-75,75
"9318","Amsterdam_Nieuw_west",119,119,119,119,119,119,0,0
"9319","Amsterdam_West",143,143,143,143,143,143,0,0
"9320","Amsterdam_Zuid",110,110,110,110,110,110,0,0
"9321","Amsterdam_West",60,60,60,60,60,60,0,0
"9322","Amsterdam_West",120,120,120,120,120,120,0,0
"9323","Amsterdam_Oost",110,110,110,110,110,110,0,0
"9324","Amsterdam_Center",225,225,225,225,225,225,0,0
"9325","Amsterdam_West",149,149,149,149,149,149,0,0
"9326","Amsterdam_Zuid",132,132,132,132,132,132,0,0
"9327","Amsterdam_Oost",118,118,118,118,118,118,0,0
"9328","Amsterdam_Center",170,170,170,170,170,170,0,0
"9329","Amsterdam_Noord",75,99,120,112,125,120,45,45
"9330","Amsterdam_West",160,160,160,160,160,160,0,0
"9331","Amsterdam_Nieuw_west",199,199,199,199,199,199,0,0
"9332","Amsterdam_West",300,300,300,300,300,300,0,0
"9333","Amsterdam_West",103,103,103,103,103,103,0,0
"9334","Amsterdam_Zuid",228,228,228,228,228,228,0,0
"9335","Amsterdam_Oost",80,80,80,80,80,80,0,0
"9336","Amsterdam_Zuid",48,48,48,48,48,48,0,0
"9337","Amsterdam_West",80,80,80,80,80,80,0,0
"9338","Amsterdam_West",88,90,90,90,90,90,2,2
"9339","Amsterdam_West",244,244,244,244,244,244,0,0
"9340","Amsterdam_Zuid",325,325,325,325,325,325,0,0
"9341","Amsterdam_Zuid",143,143,143,143,143,143,0,0
"9342","Amsterdam_West",122,122,122,122,122,122,0,0
"9343","Amsterdam_West",109,109,109,109,109,109,0,0
"9344","Amsterdam_Center",95,95,95,95,95,95,0,0
"9345","Amsterdam_West",98,98,98,98,98,98,0,0
"9346","Amsterdam_Center",185,185,185,185,185,185,0,0
"9347","Amsterdam_West",150,150,150,150,150,150,0,0
"9348","Amsterdam_Noord",126,121,128,130,163,188,62,62
"9349","Amsterdam_West",115,115,115,115,115,115,0,0
"9350","Amsterdam_West",95,95,95,95,95,95,0,0
"9351","Amsterdam_Oost",250,250,250,250,250,250,0,0
"9352","Amsterdam_Zuid",165,165,165,165,165,165,0,0
"9353","Amsterdam_Center",70,70,140,100,90,70,0,0
"9354","Amsterdam_West",304,304,304,304,304,304,0,0
"9355","Amsterdam_West",87,87,87,87,87,87,0,0
"9356","Amsterdam_Zuid",282,282,282,282,282,282,0,0
"9357","Amsterdam_Oost",120,120,120,120,120,120,0,0
"9358","Amsterdam_Center",40,36,37,45,37,42,2,2
"9359","Amsterdam_Oost",168,175,175,175,175,175,7,7
"9360","Amsterdam_Zuid",60,60,60,60,60,60,0,0
"9361","Amsterdam_Center",110,110,110,110,110,110,0,0
"9362","Amsterdam_West",299,299,299,299,299,299,0,0
"9363","Amsterdam_Center",140,140,140,140,140,140,0,0
"9364","Amsterdam_Center",149,149,149,149,149,149,0,0
"9365","Amsterdam_Center",110,110,110,110,110,110,0,0
"9366","Amsterdam_Zuidoost",69,44,45,53,45,45,-24,24
"9367","Amsterdam_Zuid",250,250,250,250,250,250,0,0
"9368","Amsterdam_Oost",106,106,106,106,106,106,0,0
"9369","Amsterdam_West",90,90,90,90,90,90,0,0
"9370","Amsterdam_Zuid",196,196,196,196,196,196,0,0
"9371","Amsterdam_Zuid",80,80,80,80,80,80,0,0
"9372","Amsterdam_Zuid",100,100,100,100,100,100,0,0
"9373","Amsterdam_Nieuw_west",70,70,70,70,70,70,0,0
"9374","Amsterdam_West",150,150,150,150,150,150,0,0
"9375","Amsterdam_West",125,125,125,125,125,125,0,0
"9376","Amsterdam_Oost",85,85,85,85,85,85,0,0
"9377","Amsterdam_West",115,115,115,115,115,115,0,0
"9378","Amsterdam_West",333,333,333,333,333,333,0,0
"9379","Amsterdam_Zuidoost",30,30,30,30,30,30,0,0
"9380","Amsterdam_Noord",199,199,199,199,199,199,0,0
"9381","Amsterdam_Center",150,150,150,150,150,150,0,0
"9382","Amsterdam_West",85,90,85,85,85,85,0,0
"9383","Amsterdam_West",160,160,160,160,160,160,0,0
"9384","Amsterdam_Oost",225,225,225,225,225,232,7,7
"9385","Amsterdam_West",130,130,130,130,130,130,0,0
"9386","Amsterdam_Noord",175,175,175,175,175,175,0,0
"9387","Amsterdam_West",130,130,130,130,130,130,0,0
"9388","Amsterdam_Zuid",120,120,120,120,120,120,0,0
"9389","Amsterdam_Noord",75,75,75,75,75,75,0,0
"9390","Amsterdam_West",110,110,110,110,110,110,0,0
"9391","Amsterdam_West",100,100,100,100,100,100,0,0
"9392","Amsterdam_West",280,280,280,280,280,280,0,0
"9393","Amsterdam_West",84,84,84,84,84,84,0,0
"9394","Amsterdam_Nieuw_west",98,98,98,98,98,98,0,0
"9395","Amsterdam_Zuid",125,125,125,125,125,125,0,0
"9396","Amsterdam_Noord",85,90,90,90,90,90,5,5
"9397","Amsterdam_Zuid",191,191,191,191,191,191,0,0
"9398","Amsterdam_Zuid",45,45,45,45,45,45,0,0
"9399","Amsterdam_Oost",69,69,69,69,69,69,0,0
"9400","Amsterdam_West",375,375,375,375,375,375,0,0
"9401","Amsterdam_West",160,160,160,160,160,160,0,0
"9402","Amsterdam_West",170,170,170,170,170,170,0,0
"9403","Amsterdam_Zuidoost",48,48,37,43,44,50,2,2
"9404","Amsterdam_West",59,75,61,73,52,67,8,8
"9405","Amsterdam_Noord",463,463,463,463,463,463,0,0
"9406","Amsterdam_Center",134,134,134,134,134,134,0,0
"9407","Amsterdam_Center",150,150,150,150,150,150,0,0
"9408","Amsterdam_Zuid",100,100,100,100,100,100,0,0
"9409","Amsterdam_West",190,190,190,190,190,190,0,0
"9410","Amsterdam_West",100,100,100,100,100,100,0,0
"9411","Amsterdam_Zuid",125,125,125,125,125,125,0,0
"9412","Amsterdam_Noord",180,180,180,180,180,180,0,0
"9413","Amsterdam_Zuid",120,120,120,120,120,120,0,0
"9414","Amsterdam_West",199,199,188,199,199,199,0,0
"9415","Amsterdam_West",99,99,99,99,99,99,0,0
"9416","Amsterdam_Oost",156,156,156,156,156,156,0,0
"9417","Amsterdam_Zuid",315,315,315,315,315,315,0,0
"9418","Amsterdam_West",34,34,34,34,34,34,0,0
"9419","Amsterdam_West",110,68,68,68,68,68,-42,42
"9420","Amsterdam_Noord",200,200,200,200,200,200,0,0
"9421","Amsterdam_Center",195,195,195,195,195,195,0,0
"9422","Amsterdam_West",63,59,59,59,59,60,-3,3
"9423","Amsterdam_Oost",125,142,129,125,125,125,0,0
"9424","Amsterdam_Oost",100,100,100,100,100,100,0,0
"9425","Amsterdam_Center",35,35,35,35,35,35,0,0
"9426","Amsterdam_West",110,110,110,110,110,110,0,0
"9427","Amsterdam_West",125,125,125,125,125,125,0,0
"9428","Amsterdam_Oost",120,120,120,120,120,120,0,0
"9429","Amsterdam_Center",300,300,300,300,300,300,0,0
"9430","Amsterdam_Center",150,150,150,150,150,150,0,0
"9431","Amsterdam_Oost",150,150,150,150,150,150,0,0
"9432","Amsterdam_Oost",80,80,80,80,80,80,0,0
"9433","Amsterdam_Zuid",150,150,150,150,150,150,0,0
"9434","Amsterdam_Nieuw_west",200,200,200,200,200,200,0,0
"9435","Amsterdam_Center",250,250,250,250,250,250,0,0
"9436","Amsterdam_Oost",95,80,95,95,95,95,0,0
"9437","Amsterdam_Zuid",440,440,440,440,440,440,0,0
"9438","Amsterdam_West",117,117,117,117,117,117,0,0
"9439","Amsterdam_West",140,140,140,140,140,140,0,0
"9440","Amsterdam_West",65,65,65,65,65,65,0,0
"9441","Amsterdam_Zuid",120,120,120,120,120,120,0,0
"9442","Amsterdam_West",110,110,110,110,110,110,0,0
"9443","Amsterdam_Center",206,206,206,206,206,206,0,0
"9444","Amsterdam_Nieuw_west",98,98,98,98,98,98,0,0
"9445","Amsterdam_West",85,85,85,85,85,85,0,0
"9446","Amsterdam_Zuid",50,50,50,60,77,90,40,40
"9447","Amsterdam_West",200,200,200,200,200,200,0,0
"9448","Amsterdam_Center",110,110,110,110,110,110,0,0
"9449","Amsterdam_Zuid",256,256,256,256,256,256,0,0
"9450","Amsterdam_West",160,160,160,160,160,160,0,0
"9451","Amsterdam_West",110,110,110,110,110,110,0,0
"9452","Amsterdam_Oost",225,225,225,225,225,225,0,0
"9453","Amsterdam_West",65,65,65,65,65,65,0,0
"9454","Amsterdam_Center",225,225,225,225,225,225,0,0
"9455","Amsterdam_Center",95,95,95,95,95,95,0,0
"9456","Amsterdam_Zuid",250,250,250,250,250,250,0,0
"9457","Amsterdam_Center",500,595,595,595,595,795,295,295
"9458","Amsterdam_Oost",137,137,136,136,137,137,0,0
"9459","Amsterdam_Zuid",150,150,150,150,150,150,0,0
"9460","Amsterdam_Center",159,159,159,159,159,159,0,0
"9461","Amsterdam_Center",70,70,70,70,70,70,0,0
"9462","Amsterdam_Center",150,150,150,150,150,150,0,0
"9463","Amsterdam_Zuid",135,135,135,135,135,135,0,0
"9464","Amsterdam_Noord",49,49,49,49,49,49,0,0
"9465","Amsterdam_Nieuw_west",95,95,95,95,95,95,0,0
"9466","Amsterdam_Zuid",330,330,330,330,330,330,0,0
"9467","Amsterdam_West",99,99,99,99,99,99,0,0
"9468","Amsterdam_Center",169,169,171,166,167,169,0,0
"9469","Amsterdam_Oost",165,165,165,165,165,165,0,0
"9470","Amsterdam_Zuid",180,180,180,180,180,180,0,0
"9471","Amsterdam_Zuidoost",175,175,175,175,175,175,0,0
"9472","Amsterdam_Center",250,250,250,250,250,250,0,0
"9473","Amsterdam_Center",102,82,57,57,61,52,-50,50
"9474","Amsterdam_West",77,77,77,77,77,77,0,0
"9475","Amsterdam_Zuid",250,250,250,250,250,240,-10,10
"9476","Amsterdam_Zuid",93,93,93,93,93,93,0,0
"9477","Amsterdam_West",200,200,200,200,200,200,0,0
"9478","Amsterdam_West",137,137,137,137,137,137,0,0
"9479","Amsterdam_Noord",150,150,150,150,150,150,0,0
"9480","Amsterdam_West",97,97,97,97,97,97,0,0
"9481","Amsterdam_West",250,250,250,250,250,250,0,0
"9482","Amsterdam_West",140,140,140,140,140,140,0,0
"9483","Amsterdam_Nieuw_west",45,45,45,45,45,45,0,0
"9484","Amsterdam_Center",100,100,100,100,100,100,0,0
"9485","Amsterdam_West",125,125,125,125,125,125,0,0
"9486","Amsterdam_Noord",200,200,200,200,200,200,0,0
"9487","Amsterdam_Zuid",109,109,109,109,109,109,0,0
"9488","Amsterdam_West",70,70,70,70,70,70,0,0
"9489","Amsterdam_West",125,125,125,125,125,125,0,0
"9490","Amsterdam_Zuid",99,99,99,99,99,99,0,0
"9491","Amsterdam_Center",108,107,107,129,137,137,29,29
"9492","Amsterdam_West",225,250,250,250,250,250,25,25
"9493","Amsterdam_Noord",65,65,65,65,65,65,0,0
"9494","Amsterdam_Center",500,500,500,1071,1071,1071,571,571
"9495","Amsterdam_Nieuw_west",60,60,60,60,60,60,0,0
"9496","Amsterdam_Zuid",250,250,250,250,250,250,0,0
"9497","Amsterdam_West",108,108,108,108,108,108,0,0
"9498","Amsterdam_West",69,69,69,69,69,69,0,0
"9499","Amsterdam_Oost",105,105,105,105,105,105,0,0
"9500","Amsterdam_Zuid",221,221,221,221,221,220,-1,1
"9501","Amsterdam_Oost",457,457,457,457,457,457,0,0
"9502","Amsterdam_Noord",198,198,198,198,198,198,0,0
"9503","Amsterdam_Zuid",140,140,140,140,140,140,0,0
"9504","Amsterdam_Zuid",160,160,160,160,160,160,0,0
"9505","Amsterdam_West",99,100,100,100,200,129,30,30
"9506","Amsterdam_West",80,80,80,80,80,80,0,0
"9507","Amsterdam_Center",120,120,120,120,120,120,0,0
"9508","Amsterdam_Center",599,699,699,599,699,699,100,100
"9509","Amsterdam_Oost",111,111,111,111,111,111,0,0
"9510","Amsterdam_West",74,74,74,74,74,74,0,0
"9511","Amsterdam_West",34,25,27,24,23,30,-4,4
"9512","Amsterdam_Center",175,175,175,175,175,175,0,0
"9513","Amsterdam_Center",65,65,65,65,65,65,0,0
"9514","Amsterdam_West",190,190,190,190,190,190,0,0
"9515","Amsterdam_Zuid",175,175,175,175,175,175,0,0
"9516","Amsterdam_West",80,80,80,80,80,80,0,0
"9517","Amsterdam_Nieuw_west",119,119,119,119,119,119,0,0
"9518","Amsterdam_West",295,295,295,295,295,295,0,0
"9519","Amsterdam_Noord",115,121,128,135,130,188,73,73
"9520","Amsterdam_West",94,94,94,94,94,94,0,0
"9521","Amsterdam_Center",105,105,105,105,105,105,0,0
"9522","Amsterdam_West",100,100,100,100,100,100,0,0
"9523","Amsterdam_Zuid",120,120,120,120,120,120,0,0
"9524","Amsterdam_West",125,125,125,125,125,125,0,0
"9525","Amsterdam_Center",175,175,175,175,175,175,0,0
"9526","Amsterdam_Nieuw_west",49,49,49,49,49,49,0,0
"9527","Amsterdam_Oost",80,80,80,80,80,80,0,0
"9528","Amsterdam_West",140,140,140,140,140,140,0,0
"9529","Amsterdam_Center",169,169,169,169,169,169,0,0
"9530","Amsterdam_Zuid",200,200,200,200,200,200,0,0
"9531","Amsterdam_Center",90,90,90,90,90,90,0,0
"9532","Amsterdam_Zuid",100,100,100,100,100,100,0,0
"9533","Amsterdam_Oost",90,90,90,90,90,90,0,0
"9534","Amsterdam_Zuid",41,41,41,41,41,41,0,0
"9535","Amsterdam_West",100,100,100,100,100,100,0,0
"9536","Amsterdam_Center",120,120,120,120,120,120,0,0
"9537","Amsterdam_Center",500,500,500,500,500,500,0,0
"9538","Amsterdam_Zuid",250,250,250,250,250,250,0,0
"9539","Amsterdam_West",230,230,230,230,230,230,0,0
"9540","Amsterdam_Zuid",150,150,150,150,150,150,0,0
"9541","Amsterdam_West",125,125,125,125,125,125,0,0
"9542","Amsterdam_Center",48,48,48,48,48,48,0,0
"9543","Amsterdam_Center",170,170,170,170,170,170,0,0
"9544","Amsterdam_West",110,110,110,110,110,110,0,0
"9545","Amsterdam_Nieuw_west",270,270,270,270,270,270,0,0
"9546","Amsterdam_West",100,100,100,100,100,100,0,0
"9547","Amsterdam_Zuid",130,130,130,130,130,130,0,0
"9548","Amsterdam_Nieuw_west",120,85,85,125,125,125,5,5
"9549","Amsterdam_Noord",185,185,185,185,185,185,0,0
"9550","Amsterdam_West",125,125,125,125,125,125,0,0
"9551","Amsterdam_Center",395,395,395,395,395,395,0,0
"9552","Amsterdam_Zuid",99,99,99,99,99,99,0,0
"9553","Amsterdam_Center",175,175,175,175,175,175,0,0
"9554","Amsterdam_Zuid",91,91,91,91,91,91,0,0
"9555","Amsterdam_Zuid",145,145,145,145,145,145,0,0
"9556","Amsterdam_Oost",55,55,55,55,55,55,0,0
"9557","Amsterdam_Zuidoost",175,175,175,175,175,175,0,0
"9558","Amsterdam_West",60,60,60,60,60,60,0,0
"9559","Amsterdam_West",280,176,173,196,231,130,-150,150
"9560","Amsterdam_Oost",95,95,95,95,95,95,0,0
"9561","Amsterdam_Noord",255,255,255,255,255,255,0,0
"9562","Amsterdam_Center",200,200,200,200,200,200,0,0
"9563","Amsterdam_West",67,67,67,67,67,67,0,0
"9564","Amsterdam_Noord",145,145,145,145,145,145,0,0
"9565","Amsterdam_Nieuw_west",100,100,100,100,100,100,0,0
"9566","Amsterdam_Zuid",153,153,153,153,153,153,0,0
"9567","Amsterdam_Zuid",94,94,94,94,94,94,0,0
"9568","Amsterdam_West",75,75,75,75,75,75,0,0
"9569","Amsterdam_West",100,106,106,70,83,109,9,9
"9570","Amsterdam_Zuid",118,118,118,118,118,118,0,0
"9571","Amsterdam_West",100,100,100,100,100,100,0,0
"9572","Amsterdam_Oost",60,60,60,60,60,60,0,0
"9573","Amsterdam_Center",149,149,149,149,149,149,0,0
"9574","Amsterdam_West",75,75,75,75,75,75,0,0
"9575","Amsterdam_Zuid",250,250,250,250,250,250,0,0
"9576","Amsterdam_Zuid",230,230,230,230,230,230,0,0
"9577","Amsterdam_West",95,95,95,95,95,95,0,0
"9578","Amsterdam_Zuid",200,200,200,200,200,200,0,0
"9579","Amsterdam_Center",95,95,95,95,95,96,1,1
"9580","Amsterdam_Center",550,550,550,550,550,550,0,0
"9581","Amsterdam_West",89,89,89,89,89,89,0,0
"9582","Amsterdam_Noord",463,463,463,463,463,463,0,0
"9583","Amsterdam_Noord",255,255,255,255,255,255,0,0
"9584","Amsterdam_Noord",243,243,243,243,243,243,0,0
"9585","Amsterdam_Center",203,203,203,203,203,203,0,0
"9586","Amsterdam_Noord",359,359,359,359,359,359,0,0
"9587","Amsterdam_Zuid",200,200,200,200,200,200,0,0
"9588","Amsterdam_West",185,185,185,185,185,185,0,0
"9589","Amsterdam_West",200,200,200,200,200,200,0,0
"9590","Amsterdam_Oost",180,180,180,180,180,180,0,0
"9591","Amsterdam_West",41,89,83,74,49,52,11,11
"9592","Amsterdam_West",175,175,175,175,175,175,0,0
"9593","Amsterdam_Oost",135,135,135,135,135,135,0,0
"9594","Amsterdam_West",80,80,80,80,80,80,0,0
"9595","Amsterdam_Noord",80,80,80,80,80,80,0,0
"9596","Amsterdam_West",99,99,99,99,99,99,0,0
"9597","Amsterdam_West",106,106,106,106,106,106,0,0
"9598","Amsterdam_Center",86,86,86,86,86,86,0,0
"9599","Amsterdam_Zuid",73,73,73,73,73,73,0,0
"9600","Amsterdam_Center",320,320,320,320,320,320,0,0
"9601","Amsterdam_Oost",99,99,99,99,99,99,0,0
"9602","Amsterdam_Center",115,115,115,115,115,115,0,0
"9603","Amsterdam_Noord",1116,402,129,129,129,129,-987,987
"9604","Amsterdam_Zuid",130,130,130,130,130,130,0,0
"9605","Amsterdam_Center",143,143,143,143,143,143,0,0
"9606","Amsterdam_West",150,150,150,150,150,150,0,0
"9607","Amsterdam_Zuid",150,150,150,150,150,150,0,0
"9608","Amsterdam_Oost",125,125,125,125,125,125,0,0
"9609","Amsterdam_Zuid",250,250,250,250,250,250,0,0
"9610","Amsterdam_West",220,220,220,220,220,220,0,0
"9611","Amsterdam_Noord",163,142,137,198,234,275,112,112
"9612","Amsterdam_Center",152,152,152,152,152,152,0,0
"9613","Amsterdam_West",133,139,139,139,139,139,6,6
"9614","Amsterdam_Noord",300,450,400,400,450,450,150,150
"9615","Amsterdam_Zuid",425,425,425,425,425,425,0,0
"9616","Amsterdam_Noord",275,275,275,275,275,275,0,0
"9617","Amsterdam_Oost",125,125,125,125,125,125,0,0
"9618","Amsterdam_Oost",75,75,75,75,75,75,0,0
"9619","Amsterdam_Oost",110,110,110,110,110,110,0,0
"9620","Amsterdam_Noord",375,375,375,375,375,375,0,0
"9621","Amsterdam_West",144,144,144,144,144,144,0,0
"9622","Amsterdam_Center",150,150,150,150,150,137,-13,13
"9623","Amsterdam_Zuid",58,58,58,58,58,58,0,0
"9624","Amsterdam_Zuid",125,125,125,125,125,125,0,0
"9625","Amsterdam_Oost",175,175,175,175,175,175,0,0
"9626","Amsterdam_Center",70,70,70,70,70,70,0,0
"9627","Amsterdam_Oost",125,125,125,125,125,125,0,0
"9628","Amsterdam_Oost",195,195,195,195,195,195,0,0
"9629","Amsterdam_Nieuw_west",28,28,28,28,28,28,0,0
"9630","Amsterdam_Zuid",129,129,129,129,129,129,0,0
"9631","Amsterdam_Zuid",160,160,160,160,160,160,0,0
"9632","Amsterdam_West",54,54,54,54,54,54,0,0
"9633","Amsterdam_Noord",180,180,180,153,149,149,-31,31
"9634","Amsterdam_Zuid",129,129,129,129,129,129,0,0
"9635","Amsterdam_Zuid",125,125,125,125,125,125,0,0
"9636","Amsterdam_Center",50,50,50,50,50,50,0,0
"9637","Amsterdam_Zuid",90,90,90,90,90,90,0,0
"9638","Amsterdam_Center",50,50,50,50,50,50,0,0
"9639","Amsterdam_Zuid",79,79,79,79,79,79,0,0
"9640","Amsterdam_Zuid",120,120,120,120,120,120,0,0
"9641","Amsterdam_West",130,130,130,130,130,130,0,0
"9642","Amsterdam_West",135,135,135,135,135,135,0,0
"9643","Amsterdam_Center",89,89,89,89,89,89,0,0
"9644","Amsterdam_Zuidoost",150,150,150,150,150,150,0,0
"9645","Amsterdam_Noord",100,100,100,100,100,100,0,0
"9646","Amsterdam_Oost",70,70,70,70,70,70,0,0
"9647","Amsterdam_Oost",223,223,223,223,223,223,0,0
"9648","Amsterdam_Nieuw_west",225,225,225,225,225,225,0,0
"9649","Amsterdam_West",100,100,100,100,100,100,0,0
"9650","Amsterdam_Zuid",138,138,138,138,138,138,0,0
"9651","Amsterdam_Center",26,26,26,26,26,26,0,0
"9652","Amsterdam_Oost",150,150,150,150,150,150,0,0
"9653","Amsterdam_Nieuw_west",70,70,70,70,70,70,0,0
"9654","Amsterdam_Oost",149,149,149,149,149,149,0,0
"9655","Amsterdam_Center",200,200,200,200,200,200,0,0
"9656","Amsterdam_Oost",99,99,99,99,99,99,0,0
"9657","Amsterdam_Zuid",109,109,109,109,109,109,0,0
"9658","Amsterdam_Zuid",85,85,85,85,85,85,0,0
"9659","Amsterdam_Oost",135,135,135,135,135,135,0,0
"9660","Amsterdam_Oost",172,172,172,172,172,172,0,0
"9661","Amsterdam_Noord",169,169,169,169,169,169,0,0
"9662","Amsterdam_West",100,100,100,100,100,100,0,0
"9663","Amsterdam_West",200,200,200,200,200,200,0,0
"9664","Amsterdam_West",68,68,98,98,61,46,-22,22
"9665","Amsterdam_Oost",440,440,440,440,440,440,0,0
"9666","Amsterdam_Center",70,70,70,70,70,70,0,0
"9667","Amsterdam_West",79,79,79,79,79,79,0,0
"9668","Amsterdam_West",100,100,100,100,100,100,0,0
"9669","Amsterdam_West",150,150,150,150,150,150,0,0
"9670","Amsterdam_Oost",109,109,109,109,109,109,0,0
"9671","Amsterdam_West",75,75,75,75,75,75,0,0
"9672","Amsterdam_West",88,88,88,88,88,88,0,0
"9673","Amsterdam_Noord",175,175,175,175,175,175,0,0
"9674","Amsterdam_Center",84,84,84,84,84,84,0,0
"9675","Amsterdam_West",500,500,500,500,500,500,0,0
"9676","Amsterdam_Zuid",190,190,190,190,190,190,0,0
"9677","Amsterdam_West",140,140,140,140,140,140,0,0
"9678","Amsterdam_Center",635,635,635,635,635,635,0,0
"9679","Amsterdam_Zuid",70,70,70,70,70,70,0,0
"9680","Amsterdam_Center",50,50,147,60,60,60,10,10
"9681","Amsterdam_Oost",200,200,200,200,200,200,0,0
"9682","Amsterdam_Zuid",149,149,149,149,149,149,0,0
"9683","Amsterdam_West",200,200,200,200,200,200,0,0
"9684","Amsterdam_West",90,90,90,90,90,90,0,0
"9685","Amsterdam_West",250,250,250,250,250,250,0,0
"9686","Amsterdam_Zuid",145,145,145,145,145,145,0,0
"9687","Amsterdam_West",37,30,30,25,30,30,-7,7
"9688","Amsterdam_West",55,55,55,55,55,55,0,0
"9689","Amsterdam_West",100,100,100,100,100,100,0,0
"9690","Amsterdam_Zuid",100,100,100,100,100,100,0,0
"9691","Amsterdam_West",80,80,80,80,80,80,0,0
"9692","Amsterdam_Zuid",95,90,97,93,93,133,38,38
"9693","Amsterdam_Zuid",155,155,155,130,130,130,-25,25
"9694","Amsterdam_West",70,70,70,70,70,70,0,0
"9695","Amsterdam_Center",326,326,326,326,326,326,0,0
"9696","Amsterdam_West",250,250,250,250,250,250,0,0
"9697","Amsterdam_Nieuw_west",125,125,125,125,125,125,0,0
"9698","Amsterdam_West",70,70,70,70,70,70,0,0
"9699","Amsterdam_West",75,75,75,75,75,75,0,0
"9700","Amsterdam_West",80,80,80,80,80,80,0,0
"9701","Amsterdam_West",70,70,70,70,70,70,0,0
"9702","Amsterdam_Zuid",343,247,400,379,279,220,-123,123
"9703","Amsterdam_Center",250,250,250,250,250,125,-125,125
"9704","Amsterdam_West",230,230,230,230,230,230,0,0
"9705","Amsterdam_Zuid",150,150,150,150,150,150,0,0
"9706","Amsterdam_Noord",125,125,125,125,125,125,0,0
"9707","Amsterdam_West",180,180,180,180,180,180,0,0
"9708","Amsterdam_Zuid",82,82,82,82,82,82,0,0
"9709","Amsterdam_West",110,110,110,110,110,110,0,0
"9710","Amsterdam_Center",180,180,180,180,180,180,0,0
"9711","Amsterdam_Oost",134,110,110,120,114,109,-25,25
"9712","Amsterdam_West",130,130,130,130,130,130,0,0
"9713","Amsterdam_Oost",119,119,119,119,119,119,0,0
"9714","Amsterdam_West",120,120,120,120,120,120,0,0
"9715","Amsterdam_West",105,105,105,105,105,105,0,0
"9716","Amsterdam_Center",200,200,200,200,200,200,0,0
"9717","Amsterdam_Zuid",200,200,200,200,200,200,0,0
"9718","Amsterdam_Zuid",160,160,160,160,160,160,0,0
"9719","Amsterdam_Oost",64,64,64,64,64,64,0,0
"9720","Amsterdam_Center",125,125,125,125,125,125,0,0
"9721","Amsterdam_Zuid",109,109,109,109,109,109,0,0
"9722","Amsterdam_Oost",110,110,110,110,110,110,0,0
"9723","Amsterdam_West",95,95,95,95,95,95,0,0
"9724","Amsterdam_West",90,90,90,90,90,90,0,0
"9725","Amsterdam_Center",302,302,302,302,302,302,0,0
"9726","Amsterdam_West",180,180,180,180,180,180,0,0
"9727","Amsterdam_Oost",203,203,203,203,203,203,0,0
"9728","Amsterdam_West",225,225,225,225,225,225,0,0
"9729","Amsterdam_West",149,149,149,149,149,149,0,0
"9730","Amsterdam_West",50,50,50,50,50,50,0,0
"9731","Amsterdam_Nieuw_west",58,58,58,58,58,58,0,0
"9732","Amsterdam_Oost",154,112,109,161,190,215,61,61
"9733","Amsterdam_West",129,129,129,129,129,129,0,0
"9734","Amsterdam_West",105,105,105,105,105,105,0,0
"9735","Amsterdam_West",110,110,110,110,110,110,0,0
"9736","Amsterdam_Zuid",129,129,129,129,129,129,0,0
"9737","Amsterdam_Zuid",110,110,110,110,110,110,0,0
"9738","Amsterdam_Zuid",150,150,150,150,150,150,0,0
"9739","Amsterdam_Zuid",92,92,92,92,92,92,0,0
"9740","Amsterdam_Zuid",129,129,129,129,129,129,0,0
"9741","Amsterdam_West",150,150,150,150,150,150,0,0
"9742","Amsterdam_Oost",115,115,115,115,115,115,0,0
"9743","Amsterdam_Zuid",120,120,120,120,120,120,0,0
"9744","Amsterdam_Zuid",109,109,109,109,109,110,1,1
"9745","Amsterdam_Center",900,900,900,900,340,340,-560,560
"9746","Amsterdam_Zuid",200,200,200,200,200,200,0,0
"9747","Amsterdam_West",240,240,240,240,240,240,0,0
"9748","Amsterdam_Oost",599,599,599,599,599,599,0,0
"9749","Amsterdam_Oost",30,30,30,30,30,30,0,0
"9750","Amsterdam_West",139,139,139,139,139,139,0,0
"9751","Amsterdam_Zuid",200,200,200,200,200,200,0,0
"9752","Amsterdam_Oost",140,140,140,140,140,140,0,0
"9753","Amsterdam_West",295,295,295,160,295,295,0,0
"9754","Amsterdam_West",120,120,120,120,120,120,0,0
"9755","Amsterdam_Center",325,325,325,325,325,301,-24,24
"9756","Amsterdam_Zuid",85,85,85,85,85,85,0,0
"9757","Amsterdam_West",250,250,250,250,250,250,0,0
"9758","Amsterdam_Oost",80,99,99,99,107,70,-10,10
"9759","Amsterdam_Zuid",185,185,185,185,200,200,15,15
"9760","Amsterdam_Oost",85,85,85,85,85,85,0,0
"9761","Amsterdam_Zuid",152,152,152,152,152,152,0,0
"9762","Amsterdam_Center",190,190,190,190,190,190,0,0
"9763","Amsterdam_West",150,150,150,150,150,150,0,0
"9764","Amsterdam_Center",138,138,138,138,138,138,0,0
"9765","Amsterdam_Zuid",109,109,109,109,109,109,0,0
"9766","Amsterdam_Oost",195,195,195,195,195,195,0,0
"9767","Amsterdam_West",214,175,175,196,196,196,-18,18
"9768","Amsterdam_Oost",175,175,175,175,175,175,0,0
"9769","Amsterdam_Zuid",175,175,175,175,175,175,0,0
"9770","Amsterdam_West",48,48,48,48,48,48,0,0
"9771","Amsterdam_West",99,99,99,99,99,99,0,0
"9772","Amsterdam_West",160,160,160,160,160,160,0,0
"9773","Amsterdam_Oost",85,85,85,85,85,85,0,0
"9774","Amsterdam_Noord",90,90,90,90,90,90,0,0
"9775","Amsterdam_Oost",80,80,80,80,80,80,0,0
"9776","Amsterdam_Center",125,125,125,125,125,125,0,0
"9777","Amsterdam_Zuid",130,130,130,130,130,130,0,0
"9778","Amsterdam_Zuid",46,46,46,46,46,46,0,0
"9779","Amsterdam_Nieuw_west",80,100,100,100,100,120,40,40
"9780","Amsterdam_Zuid",125,125,125,125,125,125,0,0
"9781","Amsterdam_Oost",85,85,85,85,85,85,0,0
"9782","Amsterdam_Noord",150,150,150,150,150,150,0,0
"9783","Amsterdam_Zuid",125,125,125,125,125,125,0,0
"9784","Amsterdam_West",75,75,75,75,75,75,0,0
"9785","Amsterdam_Center",114,131,114,114,119,119,5,5
"9786","Amsterdam_Zuid",149,149,149,149,149,149,0,0
"9787","Amsterdam_Oost",75,75,75,75,75,75,0,0
"9788","Amsterdam_West",95,95,95,95,95,95,0,0
"9789","Amsterdam_Nieuw_west",33,33,33,33,33,34,1,1
"9790","Amsterdam_Zuid",40,40,40,40,40,40,0,0
"9791","Amsterdam_West",115,115,115,115,115,115,0,0
"9792","Amsterdam_Noord",250,250,250,250,250,250,0,0
"9793","Amsterdam_Zuid",75,75,75,75,75,75,0,0
"9794","Amsterdam_Noord",96,96,96,96,96,96,0,0
"9795","Amsterdam_Center",250,250,250,250,250,250,0,0
"9796","Amsterdam_West",100,100,100,100,100,100,0,0
"9797","Amsterdam_Zuid",58,58,58,58,58,58,0,0
"9798","Amsterdam_Center",37,37,37,37,37,37,0,0
"9799","Amsterdam_West",48,48,48,48,48,48,0,0
"9800","Amsterdam_Noord",48,48,48,48,48,48,0,0
"9801","Amsterdam_Oost",130,130,130,130,130,130,0,0
"9802","Amsterdam_West",140,140,140,140,140,140,0,0
"9803","Amsterdam_Center",500,500,500,500,500,500,0,0
"9804","Amsterdam_Zuid",75,75,75,75,75,75,0,0
"9805","Amsterdam_Oost",100,100,100,100,100,100,0,0
"9806","Amsterdam_West",144,144,144,144,144,144,0,0
"9807","Amsterdam_Noord",130,130,130,130,130,130,0,0
"9808","Amsterdam_Zuid",155,155,155,155,155,155,0,0
"9809","Amsterdam_Nieuw_west",65,65,65,65,65,65,0,0
"9810","Amsterdam_Zuidoost",58,58,58,58,58,58,0,0
"9811","Amsterdam_Zuid",75,75,75,75,75,75,0,0
"9812","Amsterdam_Zuid",150,150,150,150,150,150,0,0
"9813","Amsterdam_Center",75,75,75,75,75,75,0,0
"9814","Amsterdam_Center",160,160,160,160,160,160,0,0
"9815","Amsterdam_West",130,130,130,130,130,130,0,0
"9816","Amsterdam_Center",80,80,80,80,80,80,0,0
"9817","Amsterdam_West",130,130,130,130,130,130,0,0
"9818","Amsterdam_Nieuw_west",134,134,134,134,134,134,0,0
"9819","Amsterdam_West",135,135,135,135,135,135,0,0
"9820","Amsterdam_West",300,202,201,226,268,140,-160,160
"9821","Amsterdam_Oost",139,139,139,139,139,139,0,0
"9822","Amsterdam_West",150,150,150,150,150,150,0,0
"9823","Amsterdam_West",125,125,125,125,125,125,0,0
"9824","Amsterdam_Zuidoost",70,70,70,70,70,70,0,0
"9825","Amsterdam_Center",125,125,125,125,125,125,0,0
"9826","Amsterdam_West",220,220,220,220,220,220,0,0
"9827","Amsterdam_Oost",250,250,250,250,250,250,0,0
"9828","Amsterdam_West",100,100,100,100,100,65,-35,35
"9829","Amsterdam_West",120,120,120,120,120,120,0,0
"9830","Amsterdam_West",220,220,220,220,220,220,0,0
"9831","Amsterdam_Oost",220,220,220,220,220,220,0,0
"9832","Amsterdam_Zuid",100,100,100,100,100,100,0,0
"9833","Amsterdam_West",70,62,56,64,75,82,12,12
"9834","Amsterdam_Zuid",139,139,139,139,139,139,0,0
"9835","Amsterdam_Center",54,54,54,54,54,54,0,0
"9836","Amsterdam_Center",120,120,120,120,120,120,0,0
"9837","Amsterdam_Center",8000,8000,8000,8000,8000,8000,0,0
"9838","Amsterdam_West",179,179,179,179,179,179,0,0
"9839","Amsterdam_Zuid",99,99,99,99,99,99,0,0
"9840","Amsterdam_Center",75,75,75,75,75,75,0,0
"9841","Amsterdam_Zuidoost",49,49,49,49,49,49,0,0
"9842","Amsterdam_West",100,100,100,100,100,100,0,0
"9843","Amsterdam_Oost",250,250,250,250,250,250,0,0
"9844","Amsterdam_Oost",103,103,103,103,103,103,0,0
"9845","Amsterdam_West",300,300,300,300,300,300,0,0
"9846","Amsterdam_Oost",43,43,43,43,43,43,0,0
"9847","Amsterdam_Zuidoost",49,49,49,49,49,49,0,0
"9848","Amsterdam_West",70,70,70,70,70,70,0,0
"9849","Amsterdam_West",120,120,120,120,120,120,0,0
"9850","Amsterdam_Zuid",100,100,100,100,100,100,0,0
"9851","Amsterdam_Zuid",124,124,124,124,124,124,0,0
"9852","Amsterdam_Oost",162,162,162,162,162,162,0,0
"9853","Amsterdam_Center",50,55,65,65,65,65,15,15
"9854","Amsterdam_West",55,75,80,46,87,156,101,101
"9855","Amsterdam_West",98,98,98,98,98,98,0,0
"9856","Amsterdam_West",40,40,40,40,40,51,11,11
"9857","Amsterdam_West",45,45,45,45,45,55,10,10
"9858","Amsterdam_Zuid",85,85,85,85,85,85,0,0
"9859","Amsterdam_Zuid",299,149,139,170,299,215,-84,84
"9860","Amsterdam_West",229,229,229,229,229,229,0,0
"9861","Amsterdam_Oost",599,599,599,599,599,599,0,0
"9862","Amsterdam_Zuid",300,271,271,271,271,271,-29,29
"9863","Amsterdam_Zuid",85,85,85,85,85,85,0,0
"9864","Amsterdam_West",95,95,95,95,95,95,0,0
"9865","Amsterdam_Center",106,107,104,104,95,95,-11,11
"9866","Amsterdam_Zuid",89,89,89,89,89,89,0,0
"9867","Amsterdam_Zuid",220,220,220,220,220,220,0,0
"9868","Amsterdam_Nieuw_west",134,134,134,134,134,134,0,0
"9869","Amsterdam_West",95,95,95,95,95,95,0,0
"9870","Amsterdam_Oost",100,100,100,100,100,100,0,0
"9871","Amsterdam_Zuid",180,180,180,180,180,180,0,0
"9872","Amsterdam_Zuid",150,150,150,150,150,150,0,0
"9873","Amsterdam_Oost",275,275,275,275,275,275,0,0
"9874","Amsterdam_Zuid",130,130,130,130,130,130,0,0
"9875","Amsterdam_West",149,149,149,149,149,149,0,0
"9876","Amsterdam_Zuid",150,150,150,150,150,150,0,0
"9877","Amsterdam_Nieuw_west",200,200,200,200,200,200,0,0
"9878","Amsterdam_West",150,150,150,150,150,150,0,0
"9879","Amsterdam_Oost",110,110,110,110,110,110,0,0
"9880","Amsterdam_Center",85,85,85,85,85,85,0,0
"9881","Amsterdam_West",176,176,176,176,176,176,0,0
"9882","Amsterdam_Zuid",400,400,400,400,400,400,0,0
"9883","Amsterdam_Nieuw_west",70,70,70,70,70,70,0,0
"9884","Amsterdam_Oost",150,150,150,150,150,150,0,0
"9885","Amsterdam_Zuid",160,160,160,160,160,160,0,0
"9886","Amsterdam_Center",150,150,150,150,150,150,0,0
"9887","Amsterdam_Zuid",90,90,90,90,90,90,0,0
"9888","Amsterdam_Noord",105,105,105,105,105,105,0,0
"9889","Amsterdam_Noord",89,89,89,89,89,89,0,0
"9890","Amsterdam_Center",80,80,80,80,80,80,0,0
"9891","Amsterdam_Noord",55,55,55,55,55,55,0,0
"9892","Amsterdam_West",195,195,195,195,195,195,0,0
"9893","Amsterdam_West",41,61,70,87,77,50,9,9
"9894","Amsterdam_West",180,180,180,180,180,180,0,0
"9895","Amsterdam_Oost",50,50,50,50,50,50,0,0
"9896","Amsterdam_West",60,60,60,60,60,60,0,0
"9897","Amsterdam_West",195,225,225,225,225,225,30,30
"9898","Amsterdam_Oost",210,210,210,210,210,210,0,0
"9899","Amsterdam_West",199,199,199,199,199,199,0,0
"9900","Amsterdam_West",75,75,75,75,75,75,0,0
"9901","Amsterdam_West",165,165,165,165,165,180,15,15
"9902","Amsterdam_West",75,75,75,75,75,75,0,0
"9903","Amsterdam_Noord",97,97,97,97,97,97,0,0
"9904","Amsterdam_Oost",90,90,90,90,90,90,0,0
"9905","Amsterdam_Nieuw_west",100,100,100,100,100,100,0,0
"9906","Amsterdam_Center",170,170,170,170,170,170,0,0
"9907","Amsterdam_Oost",80,80,80,80,80,80,0,0
"9908","Amsterdam_Zuid",200,200,200,200,200,200,0,0
"9909","Amsterdam_Noord",396,396,396,396,396,396,0,0
"9910","Amsterdam_West",140,140,140,140,140,140,0,0
"9911","Amsterdam_Oost",90,90,90,90,90,90,0,0
"9912","Amsterdam_Oost",80,80,80,80,80,80,0,0
"9913","Amsterdam_West",40,40,40,40,40,50,10,10
"9914","Amsterdam_Oost",130,130,130,130,130,130,0,0
"9915","Amsterdam_Noord",250,250,250,250,250,250,0,0
"9916","Amsterdam_Oost",90,90,90,90,90,90,0,0
"9917","Amsterdam_Zuid",135,135,135,135,135,135,0,0
"9918","Amsterdam_Noord",65,65,65,65,65,65,0,0
"9919","Amsterdam_Zuid",111,111,111,111,111,111,0,0
"9920","Amsterdam_West",275,275,275,275,275,275,0,0
"9921","Amsterdam_Zuid",65,65,65,65,65,65,0,0
"9922","Amsterdam_Noord",125,125,125,125,125,125,0,0
"9923","Amsterdam_Noord",88,88,88,88,88,88,0,0
"9924","Amsterdam_Zuid",97,97,97,97,97,97,0,0
"9925","Amsterdam_Noord",119,119,119,119,119,119,0,0
"9926","Amsterdam_Zuid",75,75,75,75,75,75,0,0
"9927","Amsterdam_West",61,61,61,61,61,61,0,0
"9928","Amsterdam_West",78,78,78,78,78,78,0,0
"9929","Amsterdam_Center",99,99,99,99,99,99,0,0
"9930","Amsterdam_Center",300,300,300,300,300,300,0,0
"9931","Amsterdam_Noord",119,119,119,119,119,119,0,0
"9932","Amsterdam_Zuid",200,200,200,200,200,200,0,0
"9933","Amsterdam_Nieuw_west",150,150,150,150,150,150,0,0
"9934","Amsterdam_Zuid",100,100,100,100,100,100,0,0
"9935","Amsterdam_Nieuw_west",150,150,150,150,150,150,0,0
"9936","Amsterdam_West",55,55,55,55,55,55,0,0
"9937","Amsterdam_Center",129,129,129,129,129,129,0,0
"9938","Amsterdam_West",70,70,70,70,70,70,0,0
"9939","Amsterdam_West",80,80,80,80,80,80,0,0
"9940","Amsterdam_West",116,116,116,116,116,116,0,0
"9941","Amsterdam_Oost",100,100,100,100,100,100,0,0
"9942","Amsterdam_West",100,100,100,100,100,100,0,0
"9943","Amsterdam_Zuid",44,44,46,46,46,46,2,2
"9944","Amsterdam_Center",250,250,250,167,167,167,-83,83
"9945","Amsterdam_West",100,100,100,100,100,100,0,0
"9946","Amsterdam_Nieuw_west",149,149,149,149,149,149,0,0
"9947","Amsterdam_West",79,79,79,79,79,79,0,0
"9948","Amsterdam_Center",145,165,165,165,165,165,20,20
"9949","Amsterdam_Oost",180,180,180,180,180,180,0,0
"9950","Amsterdam_West",45,39,39,39,39,39,-6,6
"9951","Amsterdam_West",140,140,140,140,140,140,0,0
"9952","Amsterdam_Nieuw_west",95,95,95,95,95,95,0,0
"9953","Amsterdam_Zuid",65,65,65,65,65,65,0,0
"9954","Amsterdam_Zuid",150,150,150,150,150,150,0,0
"9955","Amsterdam_Center",179,179,175,175,175,175,-4,4
"9956","Amsterdam_Zuid",199,185,185,185,185,185,-14,14
"9957","Amsterdam_West",99,99,99,99,99,99,0,0
"9958","Amsterdam_Zuid",135,135,135,135,135,135,0,0
"9959","Amsterdam_Noord",90,90,90,90,90,90,0,0
"9960","Amsterdam_Nieuw_west",144,144,144,144,144,144,0,0
"9961","Amsterdam_Center",185,185,185,185,185,190,5,5
"9962","Amsterdam_Oost",175,175,175,175,100,100,-75,75
"9963","Amsterdam_West",175,175,175,175,175,175,0,0
"9964","Amsterdam_Oost",190,190,190,190,190,190,0,0
"9965","Amsterdam_Zuid",220,220,220,220,220,220,0,0
"9966","Amsterdam_West",125,125,125,125,125,125,0,0
"9967","Amsterdam_Center",134,134,134,134,134,134,0,0
"9968","Amsterdam_West",125,125,125,125,125,125,0,0
"9969","Amsterdam_Oost",350,350,350,350,350,350,0,0
"9970","Amsterdam_Zuid",136,136,136,136,136,136,0,0
"9971","Amsterdam_West",100,100,100,100,100,100,0,0
"9972","Amsterdam_Zuid",99,99,99,99,99,99,0,0
"9973","Amsterdam_Zuid",99,99,99,99,99,99,0,0
"9974","Amsterdam_Noord",125,125,125,125,125,125,0,0
"9975","Amsterdam_Zuid",182,182,182,182,182,182,0,0
"9976","Amsterdam_Zuid",46,46,46,46,46,46,0,0
"9977","Amsterdam_Center",165,165,165,165,165,165,0,0
"9978","Amsterdam_West",86,86,86,86,86,86,0,0
"9979","Amsterdam_Zuid",390,390,390,390,390,390,0,0
"9980","Amsterdam_West",250,250,250,250,250,250,0,0
"9981","Amsterdam_Zuid",250,250,250,250,250,250,0,0
"9982","Amsterdam_Nieuw_west",40,40,40,40,40,40,0,0
"9983","Amsterdam_West",170,170,170,170,170,170,0,0
"9984","Amsterdam_Zuid",110,110,110,110,110,110,0,0
"9985","Amsterdam_Zuid",190,190,190,190,190,190,0,0
"9986","Amsterdam_West",280,280,280,280,280,280,0,0
"9987","Amsterdam_Center",150,150,150,150,150,150,0,0
"9988","Amsterdam_Zuid",91,91,91,91,91,91,0,0
"9989","Amsterdam_West",215,215,215,215,215,215,0,0
"9990","Amsterdam_Zuid",115,115,115,115,115,115,0,0
"9991","Amsterdam_Zuid",200,200,200,200,200,200,0,0
"9992","Amsterdam_Zuid",50,50,50,50,50,50,0,0
"9993","Amsterdam_Oost",160,160,160,160,160,160,0,0
"9994","Amsterdam_Center",129,129,129,129,129,129,0,0
"9995","Amsterdam_Zuid",179,179,179,179,179,179,0,0
"9996","Amsterdam_Nieuw_west",95,95,95,95,95,95,0,0
"9997","Amsterdam_Oost",99,99,99,99,99,99,0,0
"9998","Amsterdam_Center",170,170,170,170,170,170,0,0
"9999","Amsterdam_West",180,180,180,180,180,180,0,0
"10000","Amsterdam_West",250,250,250,250,250,250,0,0
"10001","Amsterdam_Zuid",221,225,225,225,225,225,4,4
"10002","Amsterdam_Center",160,160,160,160,160,160,0,0
"10003","Amsterdam_West",140,140,140,140,140,140,0,0
"10004","Amsterdam_Oost",80,80,80,80,80,80,0,0
"10005","Amsterdam_West",75,75,75,75,75,75,0,0
"10006","Amsterdam_West",102,102,102,102,102,102,0,0
"10007","Amsterdam_West",95,95,95,95,95,95,0,0
"10008","Amsterdam_Zuidoost",70,70,70,70,70,75,5,5
"10009","Amsterdam_Oost",243,243,243,243,243,243,0,0
"10010","Amsterdam_West",150,150,150,150,150,137,-13,13
"10011","Amsterdam_West",170,170,170,170,170,170,0,0
"10012","Amsterdam_Noord",71,71,71,71,71,71,0,0
"10013","Amsterdam_Center",50,50,50,50,50,50,0,0
"10014","Amsterdam_Zuid",80,80,80,80,80,80,0,0
"10015","Amsterdam_Center",157,157,157,157,157,157,0,0
"10016","Amsterdam_Zuid",113,113,113,113,113,113,0,0
"10017","Amsterdam_Center",78,78,78,78,78,78,0,0
"10018","Amsterdam_Center",250,250,250,250,250,250,0,0
"10019","Amsterdam_Oost",249,249,249,249,249,249,0,0
"10020","Amsterdam_Oost",149,149,149,149,149,149,0,0
"10021","Amsterdam_West",99,105,97,99,84,99,0,0
"10022","Amsterdam_Zuidoost",89,89,89,89,89,89,0,0
"10023","Amsterdam_Zuid",100,100,100,100,100,100,0,0
"10024","Amsterdam_Oost",138,138,138,138,138,149,11,11
"10025","Amsterdam_Oost",232,232,232,232,232,232,0,0
"10026","Amsterdam_Oost",54,54,54,54,54,54,0,0
"10027","Amsterdam_Oost",60,60,60,60,60,60,0,0
"10028","Amsterdam_West",125,125,125,125,125,125,0,0
"10029","Amsterdam_West",65,65,65,65,65,65,0,0
"10030","Amsterdam_West",140,140,140,140,140,140,0,0
"10031","Amsterdam_West",75,75,75,75,75,75,0,0
"10032","Amsterdam_Center",170,170,170,170,170,170,0,0
"10033","Amsterdam_Oost",139,132,132,132,179,179,40,40
"10034","Amsterdam_West",103,103,103,103,103,103,0,0
"10035","Amsterdam_Noord",99,99,99,99,99,99,0,0
"10036","Amsterdam_West",199,199,199,199,199,199,0,0
"10037","Amsterdam_Center",176,176,176,176,176,166,-10,10
"10038","Amsterdam_West",121,121,118,104,104,104,-17,17
"10039","Amsterdam_Center",146,107,109,114,146,158,12,12
"10040","Amsterdam_West",80,80,80,80,80,80,0,0
"10041","Amsterdam_Noord",55,55,55,55,55,55,0,0
"10042","Amsterdam_Zuidoost",99,93,85,85,105,99,0,0
"10043","Amsterdam_West",75,75,75,75,75,75,0,0
"10044","Amsterdam_Oost",114,114,114,114,114,114,0,0
"10045","Amsterdam_Noord",120,120,120,120,120,120,0,0
"10046","Amsterdam_West",219,219,219,219,219,219,0,0
"10047","Amsterdam_Zuidoost",80,60,60,60,60,60,-20,20
"10048","Amsterdam_Center",150,150,150,150,150,150,0,0
"10049","Amsterdam_Center",95,95,95,95,95,76,-19,19
"10050","Amsterdam_Center",135,135,135,135,135,135,0,0
"10051","Amsterdam_Oost",105,105,105,105,105,105,0,0
"10052","Amsterdam_West",153,153,153,153,153,153,0,0
"10053","Amsterdam_Noord",130,130,130,130,110,132,2,2
"10054","Amsterdam_Noord",48,48,48,48,48,48,0,0
"10055","Amsterdam_Center",100,100,100,100,100,100,0,0
"10056","Amsterdam_Zuidoost",102,102,102,102,102,102,0,0
"10057","Amsterdam_Oost",125,125,125,125,125,125,0,0
"10058","Amsterdam_Center",100,101,100,110,121,134,34,34
"10059","Amsterdam_Center",112,100,100,103,120,155,43,43
"10060","Amsterdam_Noord",150,150,150,150,150,150,0,0
"10061","Amsterdam_West",90,100,100,103,114,153,63,63
"10062","Amsterdam_Center",79,79,79,79,79,79,0,0
"10063","Amsterdam_Center",111,100,100,103,132,134,23,23
"10064","Amsterdam_Center",82,76,110,92,88,171,89,89
"10065","Amsterdam_Nieuw_west",69,90,90,90,90,90,21,21
"10066","Amsterdam_Center",79,79,79,79,79,79,0,0
"10067","Amsterdam_West",50,50,50,50,50,50,0,0
"10068","Amsterdam_West",80,80,80,80,80,80,0,0
"10069","Amsterdam_West",149,143,130,130,130,130,-19,19
"10070","Amsterdam_West",80,80,80,80,80,80,0,0
"10071","Amsterdam_Nieuw_west",48,48,48,48,48,48,0,0
"10072","Amsterdam_West",150,150,150,150,150,150,0,0
"10073","Amsterdam_Center",170,170,170,170,170,170,0,0
"10074","Amsterdam_Noord",280,280,280,280,280,280,0,0
"10075","Amsterdam_West",175,175,175,175,175,175,0,0
"10076","Amsterdam_Oost",80,80,80,80,80,80,0,0
"10077","Amsterdam_West",195,195,195,195,195,195,0,0
"10078","Amsterdam_Zuid",270,270,270,270,270,270,0,0
"10079","Amsterdam_Noord",150,150,150,150,130,130,-20,20
"10080","Amsterdam_Oost",206,206,206,206,206,206,0,0
"10081","Amsterdam_West",60,60,60,60,60,60,0,0
"10082","Amsterdam_West",140,140,140,140,140,140,0,0
"10083","Amsterdam_West",70,70,70,70,70,70,0,0
"10084","Amsterdam_West",130,130,130,130,130,130,0,0
"10085","Amsterdam_Center",150,150,150,150,150,150,0,0
"10086","Amsterdam_Zuid",125,125,125,125,125,125,0,0
"10087","Amsterdam_Oost",135,135,135,135,135,135,0,0
"10088","Amsterdam_West",306,306,306,306,306,306,0,0
"10089","Amsterdam_Zuid",191,191,191,191,191,191,0,0
"10090","Amsterdam_West",90,90,90,90,90,90,0,0
"10091","Amsterdam_Center",50,50,60,60,60,58,8,8
"10092","Amsterdam_Zuid",180,180,180,180,180,180,0,0
"10093","Amsterdam_Oost",230,231,242,240,220,189,-41,41
"10094","Amsterdam_West",85,85,85,85,85,85,0,0
"10095","Amsterdam_Oost",138,138,138,138,138,138,0,0
"10096","Amsterdam_Zuid",195,195,195,195,195,195,0,0
"10097","Amsterdam_West",115,115,115,115,115,85,-30,30
"10098","Amsterdam_Zuidoost",80,55,55,55,150,150,70,70
"10099","Amsterdam_Center",450,450,450,450,450,450,0,0
"10100","Amsterdam_West",135,95,95,95,95,95,-40,40
"10101","Amsterdam_Oost",100,100,100,100,100,100,0,0
"10102","Amsterdam_West",130,130,130,130,130,130,0,0
"10103","Amsterdam_Zuid",76,75,75,75,75,75,-1,1
"10104","Amsterdam_Zuid",70,70,70,70,70,70,0,0
"10105","Amsterdam_Center",122,124,124,109,109,109,-13,13
"10106","Amsterdam_West",84,84,84,84,84,84,0,0
"10107","Amsterdam_Zuid",105,100,90,88,86,88,-17,17
"10108","Amsterdam_West",190,190,190,190,190,190,0,0
"10109","Amsterdam_Noord",300,300,300,300,300,300,0,0
"10110","Amsterdam_Center",173,183,214,264,200,200,27,27
"10111","Amsterdam_Center",115,115,115,115,115,125,10,10
"10112","Amsterdam_Oost",85,85,85,85,85,85,0,0
"10113","Amsterdam_Nieuw_west",129,129,129,129,129,129,0,0
"10114","Amsterdam_Oost",106,95,95,95,95,95,-11,11
"10115","Amsterdam_Oost",350,350,350,350,350,350,0,0
"10116","Amsterdam_Oost",140,140,140,140,140,140,0,0
"10117","Amsterdam_Center",325,325,325,299,289,296,-29,29
"10118","Amsterdam_Nieuw_west",59,59,59,59,59,59,0,0
"10119","Amsterdam_West",155,155,155,155,155,155,0,0
"10120","Amsterdam_West",300,300,300,300,300,300,0,0
"10121","Amsterdam_Zuid",90,90,90,90,90,90,0,0
"10122","Amsterdam_Noord",189,189,189,189,189,189,0,0
"10123","Amsterdam_West",92,92,92,92,92,92,0,0
"10124","Amsterdam_West",262,262,262,262,262,262,0,0
"10125","Amsterdam_Center",435,486,486,486,486,486,51,51
"10126","Amsterdam_West",78,78,78,78,78,78,0,0
"10127","Amsterdam_Zuid",78,78,78,78,78,78,0,0
"10128","Amsterdam_Zuid",82,82,82,82,82,82,0,0
"10129","Amsterdam_West",125,125,125,125,125,125,0,0
"10130","Amsterdam_Noord",95,95,95,95,95,95,0,0
"10131","Amsterdam_Zuid",210,210,210,210,210,210,0,0
"10132","Amsterdam_Oost",54,55,39,36,39,48,-6,6
"10133","Amsterdam_Zuid",350,400,400,400,400,391,41,41
"10134","Amsterdam_Center",150,150,150,150,150,150,0,0
"10135","Amsterdam_Zuid",65,65,65,65,65,65,0,0
"10136","Amsterdam_Center",75,75,75,75,75,75,0,0
"10137","Amsterdam_West",250,250,250,250,250,250,0,0
"10138","Amsterdam_West",110,110,110,110,110,110,0,0
"10139","Amsterdam_Zuid",139,139,139,139,139,139,0,0
"10140","Amsterdam_Nieuw_west",58,58,58,58,58,58,0,0
"10141","Amsterdam_West",175,175,175,175,175,175,0,0
"10142","Amsterdam_West",170,170,170,170,170,170,0,0
"10143","Amsterdam_Center",110,110,110,110,110,110,0,0
"10144","Amsterdam_Noord",280,280,280,280,280,280,0,0
"10145","Amsterdam_West",75,75,75,75,75,75,0,0
"10146","Amsterdam_Oost",209,209,209,209,209,209,0,0
"10147","Amsterdam_Oost",100,100,100,100,100,100,0,0
"10148","Amsterdam_West",135,135,135,135,135,135,0,0
"10149","Amsterdam_West",193,193,193,193,193,193,0,0
"10150","Amsterdam_Zuid",250,250,250,250,250,250,0,0
"10151","Amsterdam_West",99,99,99,99,99,99,0,0
"10152","Amsterdam_Oost",110,110,110,110,110,110,0,0
"10153","Amsterdam_West",49,49,49,49,49,49,0,0
"10154","Amsterdam_West",189,189,189,189,189,189,0,0
"10155","Amsterdam_Center",99,99,99,99,99,99,0,0
"10156","Amsterdam_Zuid",99,99,99,99,99,99,0,0
"10157","Amsterdam_Noord",75,75,75,75,75,75,0,0
"10158","Amsterdam_Center",115,115,115,115,115,115,0,0
"10159","Amsterdam_West",200,200,200,200,200,200,0,0
"10160","Amsterdam_Oost",170,170,170,170,170,170,0,0
"10161","Amsterdam_Zuid",200,200,200,200,200,200,0,0
"10162","Amsterdam_West",119,119,119,119,119,119,0,0
"10163","Amsterdam_Oost",80,80,80,80,80,80,0,0
"10164","Amsterdam_Oost",250,250,250,250,250,250,0,0
"10165","Amsterdam_Center",200,200,200,200,200,200,0,0
"10166","Amsterdam_Center",195,195,195,195,195,195,0,0
"10167","Amsterdam_Center",154,180,180,200,250,250,96,96
"10168","Amsterdam_West",150,150,150,150,150,150,0,0
"10169","Amsterdam_Noord",80,80,80,80,80,80,0,0
"10170","Amsterdam_Oost",110,110,110,110,110,110,0,0
"10171","Amsterdam_Zuid",150,150,150,150,150,150,0,0
"10172","Amsterdam_Center",60,60,60,60,60,60,0,0
"10173","Amsterdam_Center",134,134,134,134,134,134,0,0
"10174","Amsterdam_Noord",120,120,120,120,120,120,0,0
"10175","Amsterdam_West",40,40,40,40,40,40,0,0
"10176","Amsterdam_Oost",320,320,320,320,320,264,-56,56
"10177","Amsterdam_West",75,75,75,75,75,75,0,0
"10178","Amsterdam_Zuid",614,614,614,614,614,614,0,0
"10179","Amsterdam_Zuid",180,180,180,180,180,160,-20,20
"10180","Amsterdam_Noord",300,195,195,195,300,300,0,0
"10181","Amsterdam_Zuid",95,95,95,95,95,95,0,0
"10182","Amsterdam_Nieuw_west",90,90,90,90,90,90,0,0
"10183","Amsterdam_Oost",170,170,170,170,170,170,0,0
"10184","Amsterdam_Noord",453,453,453,453,453,453,0,0
"10185","Amsterdam_Zuid",106,106,106,106,106,106,0,0
"10186","Amsterdam_West",110,110,110,110,110,110,0,0
"10187","Amsterdam_West",100,100,100,100,100,100,0,0
"10188","Amsterdam_Center",175,175,175,175,175,175,0,0
"10189","Amsterdam_Oost",200,200,200,200,200,200,0,0
"10190","Amsterdam_West",100,100,100,100,100,100,0,0
"10191","Amsterdam_West",80,80,80,80,80,80,0,0
"10192","Amsterdam_West",262,262,262,262,262,262,0,0
"10193","Amsterdam_West",200,200,200,200,200,200,0,0
"10194","Amsterdam_Center",150,150,150,150,150,150,0,0
"10195","Amsterdam_Zuid",95,95,95,95,95,95,0,0
"10196","Amsterdam_Oost",185,185,185,185,185,185,0,0
"10197","Amsterdam_Nieuw_west",62,83,83,83,83,83,21,21
"10198","Amsterdam_Center",139,139,139,139,139,139,0,0
"10199","Amsterdam_Oost",25,25,25,25,25,25,0,0
"10200","Amsterdam_West",171,171,171,171,171,171,0,0
"10201","Amsterdam_Zuid",395,395,395,395,395,395,0,0
"10202","Amsterdam_Oost",70,70,70,70,70,70,0,0
"10203","Amsterdam_West",275,275,275,275,275,275,0,0
"10204","Amsterdam_Oost",74,74,74,74,74,74,0,0
"10205","Amsterdam_Center",110,110,110,110,110,110,0,0
"10206","Amsterdam_Noord",75,75,75,75,75,75,0,0
"10207","Amsterdam_Nieuw_west",200,200,200,200,200,200,0,0
"10208","Amsterdam_Nieuw_west",155,101,101,101,101,101,-54,54
"10209","Amsterdam_Noord",814,814,814,814,814,814,0,0
"10210","Amsterdam_West",150,150,150,150,150,150,0,0
"10211","Amsterdam_Center",209,209,209,209,209,209,0,0
"10212","Amsterdam_West",139,139,139,139,139,139,0,0
"10213","Amsterdam_Noord",128,128,128,128,128,128,0,0
"10214","Amsterdam_Zuid",120,100,100,100,140,140,20,20
"10215","Amsterdam_West",175,175,175,175,175,175,0,0
"10216","Amsterdam_West",120,120,120,120,120,125,5,5
"10217","Amsterdam_Oost",185,185,185,185,185,185,0,0
"10218","Amsterdam_West",109,109,109,109,109,109,0,0
"10219","Amsterdam_Oost",89,89,89,89,89,89,0,0
"10220","Amsterdam_Oost",200,200,200,200,200,200,0,0
"10221","Amsterdam_Zuid",98,98,98,98,98,98,0,0
"10222","Amsterdam_West",75,75,75,75,75,75,0,0
"10223","Amsterdam_Oost",209,132,132,132,157,157,-52,52
"10224","Amsterdam_Center",200,200,200,200,200,200,0,0
"10225","Amsterdam_Center",184,184,184,184,184,184,0,0
"10226","Amsterdam_West",89,89,89,89,89,89,0,0
"10227","Amsterdam_Oost",143,143,143,143,143,143,0,0
"10228","Amsterdam_Noord",81,86,86,86,71,74,-7,7
"10229","Amsterdam_Oost",200,200,200,200,200,200,0,0
"10230","Amsterdam_Center",170,170,170,170,163,163,-7,7
"10231","Amsterdam_West",240,170,168,241,301,344,104,104
"10232","Amsterdam_Zuid",120,120,120,120,120,120,0,0
"10233","Amsterdam_Center",100,100,100,100,100,100,0,0
"10234","Amsterdam_Zuid",196,196,196,196,196,196,0,0
"10235","Amsterdam_Oost",120,120,120,120,120,120,0,0
"10236","Amsterdam_Zuid",160,160,160,160,160,160,0,0
"10237","Amsterdam_West",130,130,130,130,130,150,20,20
"10238","Amsterdam_Zuid",80,80,80,80,80,80,0,0
"10239","Amsterdam_West",90,90,90,90,90,90,0,0
"10240","Amsterdam_Zuid",51,51,51,51,51,51,0,0
"10241","Amsterdam_Oost",150,150,150,150,150,150,0,0
"10242","Amsterdam_Zuid",160,219,250,250,130,140,-20,20
"10243","Amsterdam_Zuid",188,188,188,188,188,188,0,0
"10244","Amsterdam_West",100,100,100,100,100,100,0,0
"10245","Amsterdam_Center",342,449,342,341,341,345,3,3
"10246","Amsterdam_Oost",19,19,19,19,19,19,0,0
"10247","Amsterdam_Oost",35,35,35,35,35,35,0,0
"10248","Amsterdam_Zuid",175,175,175,175,175,175,0,0
"10249","Amsterdam_West",135,135,135,135,135,135,0,0
"10250","Amsterdam_Noord",175,175,175,175,175,175,0,0
"10251","Amsterdam_West",110,110,110,110,110,110,0,0
"10252","Amsterdam_Center",84,84,84,84,84,84,0,0
"10253","Amsterdam_Zuid",133,133,133,133,133,133,0,0
"10254","Amsterdam_Nieuw_west",206,206,206,243,263,263,57,57
"10255","Amsterdam_Noord",85,85,85,85,85,85,0,0
"10256","Amsterdam_Center",170,170,170,170,170,170,0,0
"10257","Amsterdam_Center",145,145,145,145,145,148,3,3
"10258","Amsterdam_West",200,200,200,200,200,200,0,0
"10259","Amsterdam_Zuid",80,80,80,80,80,80,0,0
"10260","Amsterdam_Nieuw_west",30,30,30,30,30,30,0,0
"10261","Amsterdam_Oost",125,125,125,125,125,125,0,0
"10262","Amsterdam_Zuid",200,200,200,200,200,200,0,0
"10263","Amsterdam_Zuid",489,489,489,489,469,469,-20,20
"10264","Amsterdam_Nieuw_west",50,50,50,50,50,50,0,0
"10265","Amsterdam_Oost",129,129,129,129,129,129,0,0
"10266","Amsterdam_Nieuw_west",105,105,105,105,105,105,0,0
"10267","Amsterdam_Zuid",68,68,68,68,68,68,0,0
"10268","Amsterdam_West",75,75,75,75,75,75,0,0
"10269","Amsterdam_Nieuw_west",150,150,150,150,150,150,0,0
"10270","Amsterdam_Noord",85,85,85,85,85,85,0,0
"10271","Amsterdam_Zuidoost",125,125,125,125,125,125,0,0
"10272","Amsterdam_Zuid",100,100,100,100,100,100,0,0
"10273","Amsterdam_Oost",189,189,189,189,189,189,0,0
"10274","Amsterdam_Zuid",140,140,140,140,140,140,0,0
"10275","Amsterdam_Center",41,61,69,149,91,39,-2,2
"10276","Amsterdam_Oost",90,90,90,90,90,90,0,0
"10277","Amsterdam_Oost",300,300,300,300,300,300,0,0
"10278","Amsterdam_Oost",132,132,132,132,132,132,0,0
"10279","Amsterdam_Nieuw_west",95,95,95,95,95,95,0,0
"10280","Amsterdam_Zuid",398,250,250,250,250,250,-148,148
"10281","Amsterdam_Oost",100,100,100,100,90,95,-5,5
"10282","Amsterdam_Oost",150,150,150,150,150,150,0,0
"10283","Amsterdam_Zuid",100,100,100,100,100,100,0,0
"10284","Amsterdam_Oost",50,50,50,50,50,50,0,0
"10285","Amsterdam_Noord",60,60,60,60,60,60,0,0
"10286","Amsterdam_Nieuw_west",146,157,100,190,133,133,-13,13
"10287","Amsterdam_Center",85,85,85,85,85,85,0,0
"10288","Amsterdam_West",136,136,136,136,136,136,0,0
"10289","Amsterdam_Oost",100,100,100,100,100,100,0,0
"10290","Amsterdam_West",150,150,150,150,150,150,0,0
"10291","Amsterdam_Noord",49,49,49,49,49,49,0,0
"10292","Amsterdam_Zuid",99,99,99,99,99,99,0,0
"10293","Amsterdam_Center",150,150,150,150,150,150,0,0
"10294","Amsterdam_Center",130,130,130,130,130,130,0,0
"10295","Amsterdam_Oost",99,99,99,99,99,99,0,0
"10296","Amsterdam_Zuid",139,139,139,139,139,139,0,0
"10297","Amsterdam_Zuid",125,125,125,125,125,125,0,0
"10298","Amsterdam_West",281,281,281,281,281,281,0,0
"10299","Amsterdam_Zuid",295,295,295,295,295,295,0,0
"10300","Amsterdam_Zuid",375,375,375,375,375,375,0,0
"10301","Amsterdam_Zuid",149,149,149,149,149,149,0,0
"10302","Amsterdam_West",100,100,100,100,100,100,0,0
"10303","Amsterdam_Noord",140,140,140,140,140,140,0,0
"10304","Amsterdam_Zuid",90,90,90,90,90,90,0,0
"10305","Amsterdam_Oost",100,100,100,100,100,100,0,0
"10306","Amsterdam_West",170,170,170,170,170,170,0,0
"10307","Amsterdam_Zuid",110,110,110,110,110,110,0,0
"10308","Amsterdam_Zuid",100,100,100,100,100,100,0,0
"10309","Amsterdam_Center",139,139,139,139,139,139,0,0
"10310","Amsterdam_Center",161,161,191,191,191,191,30,30
"10311","Amsterdam_Oost",83,80,80,80,80,80,-3,3
"10312","Amsterdam_Zuid",75,75,75,75,75,75,0,0
"10313","Amsterdam_Zuid",190,220,220,220,220,220,30,30
"10314","Amsterdam_Oost",110,110,110,110,110,110,0,0
"10315","Amsterdam_Oost",125,125,125,125,125,125,0,0
"10316","Amsterdam_Zuid",93,93,93,93,93,93,0,0
"10317","Amsterdam_Noord",150,150,150,150,150,150,0,0
"10318","Amsterdam_Oost",106,106,106,106,106,106,0,0
"10319","Amsterdam_West",199,199,199,199,199,199,0,0
"10320","Amsterdam_Noord",302,302,302,302,302,302,0,0
"10321","Amsterdam_West",75,75,75,75,75,75,0,0
"10322","Amsterdam_Zuid",184,184,184,184,184,184,0,0
"10323","Amsterdam_Zuid",168,168,168,168,168,168,0,0
"10324","Amsterdam_Oost",155,155,155,155,155,155,0,0
"10325","Amsterdam_Zuid",240,240,240,240,240,240,0,0
"10326","Amsterdam_West",60,60,60,60,60,60,0,0
"10327","Amsterdam_Oost",175,175,175,175,175,175,0,0
"10328","Amsterdam_Center",90,90,90,90,90,90,0,0
"10329","Amsterdam_Noord",85,85,85,85,85,85,0,0
"10330","Amsterdam_West",400,400,400,400,400,400,0,0
"10331","Amsterdam_West",129,129,129,129,129,129,0,0
"10332","Amsterdam_West",84,84,84,84,84,84,0,0
"10333","Amsterdam_West",159,159,159,159,159,159,0,0
"10334","Amsterdam_Oost",275,275,275,275,275,275,0,0
"10335","Amsterdam_Zuid",70,70,70,70,70,70,0,0
"10336","Amsterdam_Zuid",152,152,152,175,175,175,23,23
"10337","Amsterdam_West",185,185,185,185,185,185,0,0
"10338","Amsterdam_West",120,120,120,120,120,120,0,0
"10339","Amsterdam_West",157,157,157,157,163,97,-60,60
"10340","Amsterdam_Nieuw_west",88,88,88,88,88,88,0,0
"10341","Amsterdam_West",120,120,120,120,120,120,0,0
"10342","Amsterdam_Oost",150,150,150,150,150,150,0,0
"10343","Amsterdam_Zuid",140,140,140,140,140,140,0,0
"10344","Amsterdam_Center",136,134,134,85,85,99,-37,37
"10345","Amsterdam_Nieuw_west",199,199,199,199,199,199,0,0
"10346","Amsterdam_West",130,130,130,130,130,130,0,0
"10347","Amsterdam_West",145,145,145,145,145,145,0,0
"10348","Amsterdam_Zuid",150,150,150,150,150,150,0,0
"10349","Amsterdam_West",52,52,52,52,52,52,0,0
"10350","Amsterdam_Oost",26,26,26,26,26,27,1,1
"10351","Amsterdam_Center",99,99,99,99,99,99,0,0
"10352","Amsterdam_Zuid",175,99,99,99,99,99,-76,76
"10353","Amsterdam_Zuid",60,60,60,60,60,60,0,0
"10354","Amsterdam_West",110,110,110,110,110,110,0,0
"10355","Amsterdam_West",200,200,200,200,200,200,0,0
"10356","Amsterdam_Noord",89,89,89,89,89,89,0,0
"10357","Amsterdam_Zuid",175,175,175,175,175,175,0,0
"10358","Amsterdam_West",225,225,225,225,225,225,0,0
"10359","Amsterdam_West",57,57,57,57,57,57,0,0
"10360","Amsterdam_Zuid",119,119,119,119,119,119,0,0
"10361","Amsterdam_West",109,109,109,109,109,109,0,0
"10362","Amsterdam_Center",222,222,222,222,222,222,0,0
"10363","Amsterdam_West",120,120,120,120,120,120,0,0
"10364","Amsterdam_West",157,157,157,157,157,157,0,0
"10365","Amsterdam_Center",230,230,230,230,230,230,0,0
"10366","Amsterdam_West",246,246,246,246,246,246,0,0
"10367","Amsterdam_West",80,80,80,80,80,80,0,0
"10368","Amsterdam_Nieuw_west",50,199,199,199,115,65,15,15
"10369","Amsterdam_Zuid",90,90,90,90,90,90,0,0
"10370","Amsterdam_West",100,100,100,100,100,100,0,0
"10371","Amsterdam_West",100,100,100,100,100,100,0,0
"10372","Amsterdam_Oost",70,70,70,70,70,70,0,0
"10373","Amsterdam_Nieuw_west",185,185,185,185,185,185,0,0
"10374","Amsterdam_Zuid",80,80,80,80,80,80,0,0
"10375","Amsterdam_Center",98,98,98,98,98,98,0,0
"10376","Amsterdam_Zuid",190,190,190,190,190,190,0,0
"10377","Amsterdam_West",187,187,187,187,187,187,0,0
"10378","Amsterdam_Oost",159,159,159,159,159,159,0,0
"10379","Amsterdam_Oost",294,294,294,294,294,294,0,0
"10380","Amsterdam_Center",150,150,150,150,150,150,0,0
"10381","Amsterdam_Center",261,261,261,261,261,261,0,0
"10382","Amsterdam_Center",200,200,200,200,200,200,0,0
"10383","Amsterdam_Oost",100,100,100,100,100,100,0,0
"10384","Amsterdam_Noord",123,123,123,123,123,123,0,0
"10385","Amsterdam_Center",110,110,110,110,110,110,0,0
"10386","Amsterdam_Nieuw_west",75,75,75,75,75,75,0,0
"10387","Amsterdam_West",44,44,44,44,44,44,0,0
"10388","Amsterdam_Zuid",66,66,66,66,66,66,0,0
"10389","Amsterdam_West",90,90,90,90,90,90,0,0
"10390","Amsterdam_Zuid",150,150,150,150,150,150,0,0
"10391","Amsterdam_Oost",135,135,135,135,135,135,0,0
"10392","Amsterdam_West",165,165,165,165,165,175,10,10
"10393","Amsterdam_Center",50,70,70,70,70,70,20,20
"10394","Amsterdam_Center",180,180,180,180,180,180,0,0
"10395","Amsterdam_Zuid",175,175,175,175,175,175,0,0
"10396","Amsterdam_Zuid",300,250,250,250,250,250,-50,50
"10397","Amsterdam_West",125,125,125,125,125,125,0,0
"10398","Amsterdam_West",165,165,165,165,165,165,0,0
"10399","Amsterdam_Zuid",85,85,85,85,85,85,0,0
"10400","Amsterdam_Center",130,130,130,130,130,130,0,0
"10401","Amsterdam_Center",300,300,300,300,300,300,0,0
"10402","Amsterdam_Oost",199,199,199,199,199,199,0,0
"10403","Amsterdam_West",140,140,140,140,140,140,0,0
"10404","Amsterdam_Oost",175,175,175,175,175,175,0,0
"10405","Amsterdam_Center",50,50,70,70,70,70,20,20
"10406","Amsterdam_Noord",70,70,70,70,70,70,0,0
"10407","Amsterdam_Oost",200,199,198,200,200,189,-11,11
"10408","Amsterdam_Zuidoost",120,120,120,120,120,120,0,0
"10409","Amsterdam_Zuid",85,85,85,85,85,85,0,0
"10410","Amsterdam_Oost",68,68,68,68,68,68,0,0
"10411","Amsterdam_Zuid",85,85,85,85,85,85,0,0
"10412","Amsterdam_Zuid",135,135,135,135,135,135,0,0
"10413","Amsterdam_West",115,115,115,115,68,82,-33,33
"10414","Amsterdam_Noord",120,120,120,120,120,120,0,0
"10415","Amsterdam_West",124,124,124,124,124,124,0,0
"10416","Amsterdam_West",160,160,160,160,160,160,0,0
"10417","Amsterdam_West",150,150,150,150,150,150,0,0
"10418","Amsterdam_West",115,115,115,115,115,115,0,0
"10419","Amsterdam_Oost",160,160,160,160,160,160,0,0
"10420","Amsterdam_Zuid",215,215,215,215,215,215,0,0
"10421","Amsterdam_Oost",186,180,180,180,180,180,-6,6
"10422","Amsterdam_Center",57,55,66,57,68,74,17,17
"10423","Amsterdam_Zuid",95,95,95,95,92,95,0,0
"10424","Amsterdam_Center",200,200,200,200,200,200,0,0
"10425","Amsterdam_West",136,136,136,136,136,136,0,0
"10426","Amsterdam_West",240,240,240,240,240,240,0,0
"10427","Amsterdam_West",165,148,144,154,177,135,-30,30
"10428","Amsterdam_West",80,80,80,80,70,80,0,0
"10429","Amsterdam_Oost",85,85,85,85,85,85,0,0
"10430","Amsterdam_Zuid",120,120,120,120,120,120,0,0
"10431","Amsterdam_Zuid",340,250,250,250,250,250,-90,90
"10432","Amsterdam_West",125,125,125,125,125,125,0,0
"10433","Amsterdam_Center",344,344,344,344,344,344,0,0
"10434","Amsterdam_West",89,89,89,89,89,89,0,0
"10435","Amsterdam_West",149,149,140,149,149,149,0,0
"10436","Amsterdam_West",150,150,150,150,150,150,0,0
"10437","Amsterdam_Center",286,286,286,286,286,286,0,0
"10438","Amsterdam_Center",219,219,219,219,219,219,0,0
"10439","Amsterdam_West",200,200,200,200,200,200,0,0
"10440","Amsterdam_Center",100,100,100,100,100,100,0,0
"10441","Amsterdam_Oost",175,175,250,250,250,250,75,75
"10442","Amsterdam_Center",125,125,125,125,125,125,0,0
"10443","Amsterdam_Zuid",300,300,300,300,300,300,0,0
"10444","Amsterdam_West",150,150,150,150,150,150,0,0
"10445","Amsterdam_Oost",50,50,50,50,50,50,0,0
"10446","Amsterdam_West",100,100,100,100,100,100,0,0
"10447","Amsterdam_Zuid",75,75,75,75,75,75,0,0
"10448","Amsterdam_Noord",250,250,250,250,250,250,0,0
"10449","Amsterdam_Zuid",109,109,109,109,109,109,0,0
"10450","Amsterdam_Zuid",150,150,150,150,150,150,0,0
"10451","Amsterdam_West",110,110,110,110,110,110,0,0
"10452","Amsterdam_West",100,100,100,100,100,100,0,0
"10453","Amsterdam_Oost",285,285,285,285,285,285,0,0
"10454","Amsterdam_Center",130,130,130,130,130,130,0,0
"10455","Amsterdam_Zuid",299,299,299,299,299,299,0,0
"10456","Amsterdam_Zuid",214,214,214,214,214,214,0,0
"10457","Amsterdam_Center",90,90,90,90,90,90,0,0
"10458","Amsterdam_Noord",169,169,169,169,169,169,0,0
"10459","Amsterdam_Center",344,344,344,344,344,344,0,0
"10460","Amsterdam_Nieuw_west",75,75,75,75,75,75,0,0
"10461","Amsterdam_West",150,150,150,150,150,150,0,0
"10462","Amsterdam_Center",70,70,70,70,70,70,0,0
"10463","Amsterdam_West",80,80,80,80,80,80,0,0
"10464","Amsterdam_Oost",150,150,150,150,150,150,0,0
"10465","Amsterdam_Zuid",140,140,140,140,140,140,0,0
"10466","Amsterdam_Oost",130,130,130,130,130,130,0,0
"10467","Amsterdam_Zuid",79,79,79,79,79,79,0,0
"10468","Amsterdam_Zuid",120,100,100,150,140,160,40,40
"10469","Amsterdam_Nieuw_west",64,75,75,75,125,125,61,61
"10470","Amsterdam_Center",140,118,118,118,118,118,-22,22
"10471","Amsterdam_West",65,65,65,65,65,65,0,0
"10472","Amsterdam_West",120,120,120,120,120,120,0,0
"10473","Amsterdam_Zuid",150,150,150,150,150,150,0,0
"10474","Amsterdam_Zuid",42,52,68,66,119,119,77,77
"10475","Amsterdam_Center",100,100,100,100,100,100,0,0
"10476","Amsterdam_Center",61,54,52,66,60,80,19,19
"10477","Amsterdam_Zuidoost",125,125,125,125,125,125,0,0
"10478","Amsterdam_West",76,66,66,75,75,100,24,24
"10479","Amsterdam_Zuid",307,307,307,307,307,307,0,0
"10480","Amsterdam_Oost",78,78,78,78,78,78,0,0
"10481","Amsterdam_West",250,250,250,250,250,250,0,0
"10482","Amsterdam_Oost",200,200,200,200,200,200,0,0
"10483","Amsterdam_Oost",97,97,97,97,97,97,0,0
"10484","Amsterdam_West",216,216,216,216,216,216,0,0
"10485","Amsterdam_Zuid",150,150,150,150,150,150,0,0
"10486","Amsterdam_West",99,99,99,99,99,99,0,0
"10487","Amsterdam_West",150,150,150,150,150,150,0,0
"10488","Amsterdam_West",165,165,165,165,165,165,0,0
"10489","Amsterdam_West",85,85,85,85,85,85,0,0
"10490","Amsterdam_Nieuw_west",75,75,75,75,75,75,0,0
"10491","Amsterdam_West",84,84,84,84,84,84,0,0
"10492","Amsterdam_Center",249,249,249,249,249,249,0,0
"10493","Amsterdam_Center",22,22,24,25,39,41,19,19
"10494","Amsterdam_West",80,79,80,80,80,80,0,0
"10495","Amsterdam_Center",470,470,470,470,470,405,-65,65
"10496","Amsterdam_West",240,200,200,200,206,240,0,0
"10497","Amsterdam_West",150,150,150,150,150,150,0,0
"10498","Amsterdam_West",195,195,195,195,195,195,0,0
"10499","Amsterdam_Center",275,275,275,275,275,275,0,0
"10500","Amsterdam_Zuidoost",100,100,100,100,125,125,25,25
"10501","Amsterdam_Center",95,95,95,95,95,95,0,0
"10502","Amsterdam_Zuid",51,90,73,80,104,99,48,48
"10503","Amsterdam_Zuid",129,129,129,129,129,129,0,0
"10504","Amsterdam_Center",213,149,149,178,200,300,87,87
"10505","Amsterdam_Zuid",119,110,106,130,130,131,12,12
"10506","Amsterdam_Center",225,225,225,225,225,225,0,0
"10507","Amsterdam_West",150,150,150,150,150,150,0,0
"10508","Amsterdam_West",55,55,55,55,55,55,0,0
"10509","Amsterdam_West",300,200,194,219,257,160,-140,140
"10510","Amsterdam_West",125,125,125,125,125,125,0,0
"10511","Amsterdam_Center",120,120,120,99,120,120,0,0
"10512","Amsterdam_West",70,70,70,70,70,70,0,0
"10513","Amsterdam_Center",143,143,143,143,143,143,0,0
"10514","Amsterdam_West",125,125,125,125,125,125,0,0
"10515","Amsterdam_Zuid",119,119,119,119,119,119,0,0
"10516","Amsterdam_Center",100,100,100,100,100,100,0,0
"10517","Amsterdam_Nieuw_west",60,60,60,60,60,60,0,0
"10518","Amsterdam_Zuid",135,135,135,135,135,135,0,0
"10519","Amsterdam_West",150,150,150,150,150,150,0,0
"10520","Amsterdam_West",280,280,280,280,280,280,0,0
"10521","Amsterdam_Nieuw_west",110,110,110,110,110,110,0,0
"10522","Amsterdam_Oost",77,77,77,77,77,77,0,0
"10523","Amsterdam_Oost",96,96,96,96,96,96,0,0
"10524","Amsterdam_Oost",195,195,195,195,195,195,0,0
"10525","Amsterdam_Zuid",195,195,195,195,195,195,0,0
"10526","Amsterdam_Noord",282,282,282,282,282,282,0,0
"10527","Amsterdam_West",390,390,390,390,390,190,-200,200
"10528","Amsterdam_West",120,120,120,120,120,120,0,0
"10529","Amsterdam_Zuid",47,49,69,89,89,98,51,51
"10530","Amsterdam_Zuid",230,230,230,230,230,230,0,0
"10531","Amsterdam_Zuid",150,150,150,150,150,150,0,0
"10532","Amsterdam_Nieuw_west",120,120,120,120,120,120,0,0
"10533","Amsterdam_Zuid",140,140,140,140,140,140,0,0
"10534","Amsterdam_West",99,99,99,99,99,99,0,0
"10535","Amsterdam_West",50,50,50,50,50,50,0,0
"10536","Amsterdam_West",200,200,200,200,200,200,0,0
"10537","Amsterdam_Center",149,261,268,268,268,268,119,119
"10538","Amsterdam_Center",58,32,38,64,44,50,-8,8
"10539","Amsterdam_Zuidoost",88,88,88,88,88,88,0,0
"10540","Amsterdam_Center",350,350,200,350,300,300,-50,50
"10541","Amsterdam_Zuid",157,157,157,157,157,157,0,0
"10542","Amsterdam_Oost",80,80,80,80,80,80,0,0
"10543","Amsterdam_Center",63,22,24,25,37,39,-24,24
"10544","Amsterdam_Zuid",300,300,300,300,300,300,0,0
"10545","Amsterdam_West",175,175,175,175,175,175,0,0
"10546","Amsterdam_Zuidoost",75,280,75,75,75,75,0,0
"10547","Amsterdam_Zuid",329,329,329,329,329,329,0,0
"10548","Amsterdam_West",120,120,120,120,120,120,0,0
"10549","Amsterdam_Center",103,103,103,103,103,103,0,0
"10550","Amsterdam_Center",30,28,32,27,31,46,16,16
"10551","Amsterdam_Center",496,203,203,203,203,203,-293,293
"10552","Amsterdam_Noord",90,90,90,90,90,90,0,0
"10553","Amsterdam_Zuid",145,145,145,145,145,145,0,0
"10554","Amsterdam_West",153,153,153,153,153,153,0,0
"10555","Amsterdam_Noord",250,250,250,250,250,250,0,0
"10556","Amsterdam_West",200,200,200,200,200,200,0,0
"10557","Amsterdam_West",132,132,132,132,132,132,0,0
"10558","Amsterdam_Oost",157,157,157,157,157,157,0,0
"10559","Amsterdam_Center",190,190,190,190,190,190,0,0
"10560","Amsterdam_West",180,180,180,180,180,180,0,0
"10561","Amsterdam_West",514,514,514,514,514,514,0,0
"10562","Amsterdam_West",250,250,250,250,250,250,0,0
"10563","Amsterdam_Oost",126,126,126,126,140,126,0,0
"10564","Amsterdam_West",186,300,150,300,300,300,114,114
"10565","Amsterdam_Oost",160,160,160,160,160,160,0,0
"10566","Amsterdam_Zuid",165,165,165,165,165,165,0,0
"10567","Amsterdam_West",65,65,65,65,100,100,35,35
"10568","Amsterdam_Zuid",271,271,271,271,271,271,0,0
"10569","Amsterdam_West",163,163,163,163,163,163,0,0
"10570","Amsterdam_Zuid",140,140,140,140,140,140,0,0
"10571","Amsterdam_West",138,138,138,138,138,138,0,0
"10572","Amsterdam_Nieuw_west",177,177,177,177,177,177,0,0
"10573","Amsterdam_Oost",275,275,275,275,275,275,0,0
"10574","Amsterdam_Oost",190,190,190,190,190,190,0,0
"10575","Amsterdam_West",80,80,80,80,80,80,0,0
"10576","Amsterdam_Zuidoost",58,58,58,58,58,58,0,0
"10577","Amsterdam_Noord",110,110,110,110,110,110,0,0
"10578","Amsterdam_West",105,105,105,105,105,105,0,0
"10579","Amsterdam_Nieuw_west",70,70,70,70,70,70,0,0
"10580","Amsterdam_Oost",148,148,148,148,148,148,0,0
"10581","Amsterdam_West",120,120,120,120,120,120,0,0
"10582","Amsterdam_Zuid",150,150,150,150,150,150,0,0
"10583","Amsterdam_Oost",200,200,200,200,200,200,0,0
"10584","Amsterdam_Noord",80,80,80,80,80,80,0,0
"10585","Amsterdam_West",150,150,150,150,150,150,0,0
"10586","Amsterdam_West",150,150,150,150,150,150,0,0
"10587","Amsterdam_Zuid",119,119,119,119,119,119,0,0
"10588","Amsterdam_Center",179,179,179,179,179,179,0,0
"10589","Amsterdam_Noord",119,119,119,119,119,119,0,0
"10590","Amsterdam_Oost",122,135,199,102,120,146,24,24
"10591","Amsterdam_Zuid",220,220,220,220,220,220,0,0
"10592","Amsterdam_Oost",140,140,140,140,140,140,0,0
"10593","Amsterdam_Center",112,67,67,85,112,90,-22,22
"10594","Amsterdam_West",156,156,156,156,156,156,0,0
"10595","Amsterdam_Noord",179,179,179,179,179,179,0,0
"10596","Amsterdam_Center",135,135,135,135,135,135,0,0
"10597","Amsterdam_Zuid",180,180,180,180,180,180,0,0
"10598","Amsterdam_Zuid",160,160,160,160,160,160,0,0
"10599","Amsterdam_Oost",111,83,83,83,90,111,0,0
"10600","Amsterdam_Center",110,110,110,110,110,110,0,0
"10601","Amsterdam_Oost",300,300,300,300,300,300,0,0
"10602","Amsterdam_Center",400,400,400,400,400,400,0,0
"10603","Amsterdam_Center",100,100,100,100,100,100,0,0
"10604","Amsterdam_Oost",200,200,200,200,200,200,0,0
"10605","Amsterdam_West",160,160,160,160,160,160,0,0
"10606","Amsterdam_Zuid",100,100,100,100,100,100,0,0
"10607","Amsterdam_West",140,140,140,140,140,140,0,0
"10608","Amsterdam_West",31,25,25,25,25,25,-6,6
"10609","Amsterdam_Zuid",80,80,80,80,80,80,0,0
"10610","Amsterdam_Zuid",120,120,120,120,120,120,0,0
"10611","Amsterdam_Zuid",120,120,120,120,120,120,0,0
"10612","Amsterdam_Oost",160,160,160,160,160,160,0,0
"10613","Amsterdam_Zuid",180,180,180,180,180,180,0,0
"10614","Amsterdam_Zuid",104,150,111,150,150,135,31,31
"10615","Amsterdam_Zuid",115,115,115,115,115,115,0,0
"10616","Amsterdam_Zuid",104,150,150,150,150,135,31,31
"10617","Amsterdam_Oost",119,119,119,119,119,99,-20,20
"10618","Amsterdam_Center",204,204,204,204,204,204,0,0
"10619","Amsterdam_Zuid",175,175,175,175,175,175,0,0
"10620","Amsterdam_Nieuw_west",160,160,160,160,160,160,0,0
"10621","Amsterdam_Oost",150,150,150,150,150,150,0,0
"10622","Amsterdam_Zuid",60,60,60,60,60,60,0,0
"10623","Amsterdam_West",140,140,140,140,140,140,0,0
"10624","Amsterdam_Oost",175,175,175,175,175,175,0,0
"10625","Amsterdam_Zuid",175,175,175,175,175,175,0,0
"10626","Amsterdam_West",89,89,89,89,89,89,0,0
"10627","Amsterdam_Noord",127,126,155,130,172,210,83,83
"10628","Amsterdam_Zuid",105,105,105,105,105,105,0,0
"10629","Amsterdam_Nieuw_west",179,179,179,179,179,179,0,0
"10630","Amsterdam_Noord",70,50,50,50,50,50,-20,20
"10631","Amsterdam_Oost",114,114,114,114,114,114,0,0
"10632","Amsterdam_Noord",65,65,65,65,65,65,0,0
"10633","Amsterdam_Noord",165,165,165,165,165,165,0,0
"10634","Amsterdam_West",150,150,150,150,150,79,-71,71
"10635","Amsterdam_Zuid",105,105,105,105,105,105,0,0
"10636","Amsterdam_Center",109,109,109,60,109,109,0,0
"10637","Amsterdam_Oost",75,75,75,75,75,75,0,0
"10638","Amsterdam_Zuid",100,100,100,100,100,100,0,0
"10639","Amsterdam_Oost",250,250,250,250,250,250,0,0
"10640","Amsterdam_Oost",220,220,220,220,220,220,0,0
"10641","Amsterdam_Zuid",450,450,450,450,450,450,0,0
"10642","Amsterdam_Noord",240,240,240,240,240,240,0,0
"10643","Amsterdam_Zuid",75,75,75,75,75,75,0,0
"10644","Amsterdam_Oost",130,77,100,100,100,95,-35,35
"10645","Amsterdam_Zuid",75,75,75,75,75,75,0,0
"10646","Amsterdam_Zuid",175,175,175,175,175,175,0,0
"10647","Amsterdam_West",107,107,107,107,107,107,0,0
"10648","Amsterdam_West",135,135,135,135,135,135,0,0
"10649","Amsterdam_Center",91,91,91,91,91,91,0,0
"10650","Amsterdam_Oost",55,55,55,55,55,55,0,0
"10651","Amsterdam_Oost",84,71,67,75,80,95,11,11
"10652","Amsterdam_Center",156,156,156,156,156,156,0,0
"10653","Amsterdam_Center",140,140,140,140,140,140,0,0
"10654","Amsterdam_Oost",190,190,190,190,190,190,0,0
"10655","Amsterdam_West",60,60,60,60,60,60,0,0
"10656","Amsterdam_West",130,130,130,130,130,130,0,0
"10657","Amsterdam_Oost",165,165,165,165,165,165,0,0
"10658","Amsterdam_West",40,40,40,40,40,40,0,0
"10659","Amsterdam_West",350,350,350,350,350,350,0,0
"10660","Amsterdam_Zuidoost",140,140,140,140,140,140,0,0
"10661","Amsterdam_Nieuw_west",75,75,75,75,125,125,50,50
"10662","Amsterdam_Oost",175,175,175,175,175,175,0,0
"10663","Amsterdam_Center",99,99,99,99,99,99,0,0
"10664","Amsterdam_Zuid",200,200,200,200,200,200,0,0
"10665","Amsterdam_Oost",198,198,198,198,198,198,0,0
"10666","Amsterdam_Zuid",1050,1050,1050,1050,1050,1050,0,0
"10667","Amsterdam_Zuidoost",80,80,80,80,80,80,0,0
"10668","Amsterdam_Oost",225,225,225,225,225,225,0,0
"10669","Amsterdam_Zuid",75,75,75,75,75,75,0,0
"10670","Amsterdam_West",70,95,95,95,95,80,10,10
"10671","Amsterdam_Zuid",200,200,200,200,200,200,0,0
"10672","Amsterdam_Zuid",99,99,99,99,99,99,0,0
"10673","Amsterdam_Center",39,19,21,25,100,105,66,66
"10674","Amsterdam_Center",56,23,21,25,100,100,44,44
"10675","Amsterdam_Zuidoost",45,45,45,45,45,50,5,5
"10676","Amsterdam_Zuid",220,220,220,220,220,220,0,0
"10677","Amsterdam_West",75,75,75,140,75,75,0,0
"10678","Amsterdam_Oost",60,60,60,60,60,60,0,0
"10679","Amsterdam_Noord",245,245,245,245,245,245,0,0
"10680","Amsterdam_Nieuw_west",105,105,105,105,105,105,0,0
"10681","Amsterdam_West",120,120,120,120,120,120,0,0
"10682","Amsterdam_Center",110,110,110,110,110,110,0,0
"10683","Amsterdam_Noord",110,110,110,110,110,110,0,0
"10684","Amsterdam_Noord",25,25,25,25,26,27,2,2
"10685","Amsterdam_Zuid",149,149,149,149,149,149,0,0
"10686","Amsterdam_West",120,120,120,120,120,120,0,0
"10687","Amsterdam_West",240,240,240,240,240,240,0,0
"10688","Amsterdam_Oost",55,55,55,55,55,55,0,0
"10689","Amsterdam_Oost",225,225,225,225,225,225,0,0
"10690","Amsterdam_Noord",140,140,140,140,140,140,0,0
"10691","Amsterdam_Oost",230,230,230,230,230,230,0,0
"10692","Amsterdam_Oost",125,125,125,125,125,125,0,0
"10693","Amsterdam_Zuid",150,150,150,150,150,150,0,0
"10694","Amsterdam_Center",150,150,150,150,150,150,0,0
"10695","Amsterdam_Oost",89,89,89,89,89,89,0,0
"10696","Amsterdam_West",80,80,80,80,80,80,0,0
"10697","Amsterdam_Zuid",200,200,200,200,200,200,0,0
"10698","Amsterdam_Noord",125,125,125,125,125,125,0,0
"10699","Amsterdam_Zuid",185,185,185,185,185,185,0,0
"10700","Amsterdam_Noord",25,25,25,25,25,25,0,0
"10701","Amsterdam_Zuid",310,310,310,310,310,310,0,0
"10702","Amsterdam_West",325,325,325,325,325,325,0,0
"10703","Amsterdam_Zuid",150,150,150,150,150,150,0,0
"10704","Amsterdam_Center",230,230,230,230,230,230,0,0
"10705","Amsterdam_Zuid",100,100,100,100,100,100,0,0
"10706","Amsterdam_West",102,102,123,151,119,215,113,113
"10707","Amsterdam_Noord",72,72,72,72,72,72,0,0
"10708","Amsterdam_Noord",130,130,130,130,130,130,0,0
"10709","Amsterdam_Oost",120,120,120,120,120,120,0,0
"10710","Amsterdam_Center",120,120,120,120,120,120,0,0
"10711","Amsterdam_West",186,186,186,186,186,186,0,0
"10712","Amsterdam_West",90,90,90,90,90,90,0,0
"10713","Amsterdam_West",120,120,120,120,120,120,0,0
"10714","Amsterdam_West",155,155,155,155,155,155,0,0
"10715","Amsterdam_West",90,90,90,90,90,90,0,0
"10716","Amsterdam_Center",182,200,200,200,200,200,18,18
"10717","Amsterdam_Zuid",160,160,160,160,160,160,0,0
"10718","Amsterdam_Oost",90,90,90,90,90,90,0,0
"10719","Amsterdam_Nieuw_west",80,80,80,80,80,80,0,0
"10720","Amsterdam_Center",154,215,215,215,215,215,61,61
"10721","Amsterdam_Noord",129,129,129,129,129,129,0,0
"10722","Amsterdam_Noord",299,299,299,299,299,299,0,0
"10723","Amsterdam_Zuid",350,436,350,350,350,350,0,0
"10724","Amsterdam_West",179,179,179,179,179,179,0,0
"10725","Amsterdam_West",119,119,119,119,119,119,0,0
"10726","Amsterdam_Zuid",150,150,150,150,150,150,0,0
"10727","Amsterdam_Center",127,125,127,127,100,133,6,6
"10728","Amsterdam_Oost",400,400,400,400,400,400,0,0
"10729","Amsterdam_Nieuw_west",55,55,55,55,55,55,0,0
"10730","Amsterdam_Nieuw_west",90,90,50,52,56,75,-15,15
"10731","Amsterdam_Oost",210,210,210,210,210,210,0,0
"10732","Amsterdam_Zuid",189,189,189,189,189,189,0,0
"10733","Amsterdam_Zuid",90,90,90,90,90,90,0,0
"10734","Amsterdam_West",129,129,129,129,129,129,0,0
"10735","Amsterdam_Oost",599,599,599,599,599,599,0,0
"10736","Amsterdam_Zuid",150,150,150,150,150,150,0,0
"10737","Amsterdam_Nieuw_west",200,200,200,200,200,200,0,0
"10738","Amsterdam_Oost",140,140,140,140,140,140,0,0
"10739","Amsterdam_Nieuw_west",150,150,150,150,150,150,0,0
"10740","Amsterdam_Noord",140,140,140,140,140,140,0,0
"10741","Amsterdam_West",150,150,150,150,150,150,0,0
"10742","Amsterdam_Nieuw_west",55,55,55,55,55,55,0,0
"10743","Amsterdam_West",140,140,140,140,140,140,0,0
"10744","Amsterdam_West",150,150,150,150,150,150,0,0
"10745","Amsterdam_West",200,200,200,200,200,164,-36,36
"10746","Amsterdam_Oost",133,133,133,133,133,133,0,0
"10747","Amsterdam_Noord",150,150,150,150,150,150,0,0
"10748","Amsterdam_Center",62,101,39,44,74,71,9,9
"10749","Amsterdam_Oost",200,200,200,200,200,200,0,0
"10750","Amsterdam_Zuid",156,156,156,156,156,156,0,0
"10751","Amsterdam_Noord",100,100,100,100,100,121,21,21
"10752","Amsterdam_Oost",133,133,133,133,133,133,0,0
"10753","Amsterdam_Zuid",314,314,314,314,314,314,0,0
"10754","Amsterdam_Zuid",35,35,35,35,35,35,0,0
"10755","Amsterdam_Center",136,75,89,116,137,120,-16,16
"10756","Amsterdam_Oost",110,110,110,110,110,110,0,0
"10757","Amsterdam_Nieuw_west",60,60,60,60,60,60,0,0
"10758","Amsterdam_West",160,160,160,160,160,160,0,0
"10759","Amsterdam_West",60,60,60,60,60,60,0,0
"10760","Amsterdam_Zuidoost",59,59,59,59,59,59,0,0
"10761","Amsterdam_West",125,125,125,125,125,125,0,0
"10762","Amsterdam_West",140,140,140,140,140,140,0,0
"10763","Amsterdam_Oost",49,49,49,49,49,49,0,0
"10764","Amsterdam_Oost",84,84,84,84,84,84,0,0
"10765","Amsterdam_Noord",250,250,250,250,250,250,0,0
"10766","Amsterdam_Oost",129,129,129,129,129,129,0,0
"10767","Amsterdam_Noord",350,350,350,350,350,350,0,0
"10768","Amsterdam_West",78,78,78,78,78,78,0,0
"10769","Amsterdam_Center",195,195,195,195,195,195,0,0
"10770","Amsterdam_Oost",75,75,75,75,75,75,0,0
"10771","Amsterdam_Zuid",122,121,121,121,121,121,-1,1
"10772","Amsterdam_Oost",130,130,130,130,130,130,0,0
"10773","Amsterdam_West",200,200,200,200,200,200,0,0
"10774","Amsterdam_Center",200,200,200,200,200,200,0,0
"10775","Amsterdam_Zuid",225,225,225,225,225,225,0,0
"10776","Amsterdam_Zuid",150,150,150,150,150,150,0,0
"10777","Amsterdam_West",80,80,80,80,80,80,0,0
"10778","Amsterdam_Oost",250,250,250,250,250,250,0,0
"10779","Amsterdam_West",120,120,120,120,120,120,0,0
"10780","Amsterdam_Center",210,210,210,210,210,210,0,0
"10781","Amsterdam_West",250,250,250,250,250,250,0,0
"10782","Amsterdam_Center",130,130,130,130,130,130,0,0
"10783","Amsterdam_Oost",140,140,140,140,140,140,0,0
"10784","Amsterdam_West",70,70,70,70,70,70,0,0
"10785","Amsterdam_Noord",400,400,400,400,400,400,0,0
"10786","Amsterdam_Oost",95,95,95,95,95,95,0,0
"10787","Amsterdam_Oost",150,150,150,150,150,150,0,0
"10788","Amsterdam_Center",240,240,240,240,240,240,0,0
"10789","Amsterdam_Zuid",325,325,325,325,325,325,0,0
"10790","Amsterdam_Oost",110,110,110,110,110,110,0,0
"10791","Amsterdam_Zuidoost",88,88,88,88,88,88,0,0
"10792","Amsterdam_Nieuw_west",175,175,175,175,175,175,0,0
"10793","Amsterdam_Oost",257,200,200,200,200,200,-57,57
"10794","Amsterdam_Center",80,80,80,80,80,80,0,0
"10795","Amsterdam_Oost",210,210,210,210,145,145,-65,65
"10796","Amsterdam_Center",68,68,68,68,68,68,0,0
"10797","Amsterdam_Oost",150,149,164,157,151,150,0,0
"10798","Amsterdam_Zuidoost",85,85,85,85,85,85,0,0
"10799","Amsterdam_West",90,90,90,90,90,90,0,0
"10800","Amsterdam_Oost",175,175,175,175,175,175,0,0
"10801","Amsterdam_Center",150,150,150,150,150,150,0,0
"10802","Amsterdam_Zuid",143,143,143,143,143,143,0,0
"10803","Amsterdam_Center",229,229,229,229,170,196,-33,33
"10804","Amsterdam_Center",200,200,200,200,200,200,0,0
"10805","Amsterdam_Oost",200,200,200,200,200,200,0,0
"10806","Amsterdam_West",120,120,120,120,120,60,-60,60
"10807","Amsterdam_West",130,130,130,130,400,400,270,270
"10808","Amsterdam_Zuid",175,175,175,175,175,175,0,0
"10809","Amsterdam_West",130,130,130,130,173,130,0,0
"10810","Amsterdam_West",220,220,220,220,220,220,0,0
"10811","Amsterdam_West",200,200,200,200,200,200,0,0
"10812","Amsterdam_West",325,325,325,325,325,325,0,0
"10813","Amsterdam_Oost",170,170,170,170,170,170,0,0
"10814","Amsterdam_Center",439,599,599,599,599,599,160,160
"10815","Amsterdam_West",171,171,171,171,171,171,0,0
"10816","Amsterdam_Zuid",399,399,399,399,399,399,0,0
"10817","Amsterdam_Zuidoost",150,150,150,150,150,146,-4,4
"10818","Amsterdam_Center",100,100,100,100,100,100,0,0
"10819","Amsterdam_West",210,210,210,210,210,210,0,0
"10820","Amsterdam_West",125,125,125,125,125,125,0,0
"10821","Amsterdam_Zuid",250,250,250,250,250,250,0,0
"10822","Amsterdam_Center",330,330,330,330,330,427,97,97
"10823","Amsterdam_West",125,125,125,125,125,125,0,0
"10824","Amsterdam_Nieuw_west",140,125,130,135,152,158,18,18
"10825","Amsterdam_Nieuw_west",141,125,125,135,152,155,14,14
"10826","Amsterdam_Nieuw_west",135,125,130,135,152,155,20,20
"10827","Amsterdam_Oost",85,85,85,85,85,85,0,0
"10828","Amsterdam_Oost",110,110,110,110,110,110,0,0
"10829","Amsterdam_Center",110,110,110,110,110,110,0,0
"10830","Amsterdam_Zuid",100,100,100,100,110,110,10,10
"10831","Amsterdam_West",298,298,298,298,298,298,0,0
"10832","Amsterdam_West",155,155,155,155,155,155,0,0
"10833","Amsterdam_Zuid",31,9,9,9,9,9,-22,22
"10834","Amsterdam_West",140,140,140,140,140,140,0,0
"10835","Amsterdam_Oost",80,80,80,80,80,80,0,0
"10836","Amsterdam_Center",120,120,120,120,120,120,0,0
"10837","Amsterdam_Oost",150,150,150,150,150,150,0,0
"10838","Amsterdam_Center",149,149,149,149,149,149,0,0
"10839","Amsterdam_Oost",300,300,300,300,300,300,0,0
"10840","Amsterdam_Zuid",140,140,140,140,140,140,0,0
"10841","Amsterdam_Oost",257,257,257,257,257,257,0,0
"10842","Amsterdam_Oost",98,98,98,98,98,98,0,0
"10843","Amsterdam_Zuidoost",70,70,70,70,70,70,0,0
"10844","Amsterdam_West",210,210,210,210,210,210,0,0
"10845","Amsterdam_Noord",120,120,120,120,120,120,0,0
"10846","Amsterdam_Center",160,160,160,160,160,160,0,0
"10847","Amsterdam_Noord",75,75,75,55,55,55,-20,20
"10848","Amsterdam_Oost",126,126,126,126,126,126,0,0
"10849","Amsterdam_Zuid",140,140,140,140,140,140,0,0
"10850","Amsterdam_West",170,170,170,170,170,170,0,0
"10851","Amsterdam_Noord",220,220,220,220,220,220,0,0
"10852","Amsterdam_Oost",160,160,160,160,160,160,0,0
"10853","Amsterdam_West",95,95,95,95,95,95,0,0
"10854","Amsterdam_Center",150,150,150,150,150,150,0,0
"10855","Amsterdam_West",225,225,225,225,225,225,0,0
"10856","Amsterdam_Center",100,100,100,100,100,103,3,3
"10857","Amsterdam_West",268,268,268,268,268,268,0,0
"10858","Amsterdam_Zuidoost",59,59,59,59,59,59,0,0
"10859","Amsterdam_Nieuw_west",115,115,115,115,115,115,0,0
"10860","Amsterdam_Oost",165,165,165,165,140,140,-25,25
"10861","Amsterdam_West",145,145,145,145,145,145,0,0
"10862","Amsterdam_Oost",136,136,136,136,136,136,0,0
"10863","Amsterdam_Zuid",99,99,99,99,99,99,0,0
"10864","Amsterdam_West",125,125,125,125,125,125,0,0
"10865","Amsterdam_Center",200,200,200,200,200,200,0,0
"10866","Amsterdam_Zuid",120,120,120,120,120,120,0,0
"10867","Amsterdam_Oost",100,100,100,100,103,103,3,3
"10868","Amsterdam_Oost",119,119,119,119,119,119,0,0
"10869","Amsterdam_Center",119,110,110,110,110,110,-9,9
"10870","Amsterdam_West",120,120,120,120,120,120,0,0
"10871","Amsterdam_Zuid",9,9,9,9,9,9,0,0
"10872","Amsterdam_Nieuw_west",65,65,65,65,65,65,0,0
"10873","Amsterdam_Zuid",160,160,160,160,160,160,0,0
"10874","Amsterdam_Oost",89,89,89,89,89,89,0,0
"10875","Amsterdam_West",214,300,250,250,332,250,36,36
"10876","Amsterdam_Zuid",330,380,370,370,370,370,40,40
"10877","Amsterdam_Zuid",245,245,245,245,245,245,0,0
"10878","Amsterdam_Oost",119,119,119,119,119,119,0,0
"10879","Amsterdam_Oost",180,180,180,180,180,180,0,0
"10880","Amsterdam_West",109,109,109,109,109,109,0,0
"10881","Amsterdam_West",139,139,139,139,139,139,0,0
"10882","Amsterdam_Noord",1025,1025,1025,1025,1025,1025,0,0
"10883","Amsterdam_Nieuw_west",89,89,89,89,89,89,0,0
"10884","Amsterdam_West",150,125,150,150,150,150,0,0
"10885","Amsterdam_Zuid",165,165,165,165,165,165,0,0
"10886","Amsterdam_West",125,125,125,125,125,125,0,0
"10887","Amsterdam_Zuid",120,120,120,100,100,100,-20,20
"10888","Amsterdam_Zuid",215,215,160,160,215,215,0,0
"10889","Amsterdam_Zuidoost",61,61,61,61,61,61,0,0
"10890","Amsterdam_Noord",85,85,85,85,85,85,0,0
"10891","Amsterdam_Center",250,250,250,250,250,250,0,0
"10892","Amsterdam_Oost",129,129,129,129,129,129,0,0
"10893","Amsterdam_West",250,250,250,250,250,250,0,0
"10894","Amsterdam_West",150,150,150,150,150,150,0,0
"10895","Amsterdam_West",200,200,200,200,200,200,0,0
"10896","Amsterdam_West",400,400,400,400,400,400,0,0
"10897","Amsterdam_West",129,129,129,129,129,129,0,0
"10898","Amsterdam_Zuid",75,75,75,75,75,75,0,0
"10899","Amsterdam_West",162,115,149,165,201,232,70,70
"10900","Amsterdam_Zuid",80,80,80,80,80,80,0,0
"10901","Amsterdam_West",371,320,320,320,371,311,-60,60
"10902","Amsterdam_Nieuw_west",70,70,70,70,70,70,0,0
"10903","Amsterdam_Zuid",180,180,180,180,180,115,-65,65
"10904","Amsterdam_Center",280,280,280,280,280,280,0,0
"10905","Amsterdam_Noord",290,290,290,290,290,290,0,0
"10906","Amsterdam_West",193,193,193,193,193,193,0,0
"10907","Amsterdam_West",90,90,90,90,90,90,0,0
"10908","Amsterdam_Zuid",150,150,150,150,150,150,0,0
"10909","Amsterdam_Oost",135,135,135,135,135,135,0,0
"10910","Amsterdam_Noord",89,78,78,96,96,91,2,2
"10911","Amsterdam_Noord",99,99,99,99,99,99,0,0
"10912","Amsterdam_Noord",125,125,125,125,125,125,0,0
"10913","Amsterdam_Oost",140,140,140,140,140,140,0,0
"10914","Amsterdam_Noord",120,120,120,120,120,120,0,0
"10915","Amsterdam_West",129,129,129,129,129,129,0,0
"10916","Amsterdam_West",125,125,125,125,125,125,0,0
"10917","Amsterdam_Nieuw_west",143,143,143,143,143,143,0,0
"10918","Amsterdam_Oost",165,165,165,165,165,165,0,0
"10919","Amsterdam_Oost",115,115,115,115,115,115,0,0
"10920","Amsterdam_Oost",57,55,60,60,60,74,17,17
"10921","Amsterdam_Center",250,250,250,250,250,250,0,0
"10922","Amsterdam_Noord",190,190,190,195,192,191,1,1
"10923","Amsterdam_Nieuw_west",143,125,129,132,155,155,12,12
"10924","Amsterdam_Nieuw_west",119,125,125,135,152,155,36,36
"10925","Amsterdam_Nieuw_west",155,125,130,135,155,155,0,0
"10926","Amsterdam_West",120,120,120,120,120,220,100,100
"10927","Amsterdam_Noord",135,135,135,135,135,135,0,0
"10928","Amsterdam_Center",300,300,300,300,300,300,0,0
"10929","Amsterdam_Center",274,274,274,274,274,274,0,0
"10930","Amsterdam_West",140,140,140,140,140,140,0,0
"10931","Amsterdam_Zuid",225,225,225,225,225,225,0,0
"10932","Amsterdam_Center",230,230,230,230,230,230,0,0
"10933","Amsterdam_Center",240,240,240,240,240,240,0,0
"10934","Amsterdam_Noord",99,99,99,99,99,99,0,0
"10935","Amsterdam_Center",480,432,432,480,480,549,69,69
"10936","Amsterdam_Noord",200,200,200,200,200,200,0,0
"10937","Amsterdam_West",125,125,125,125,125,125,0,0
"10938","Amsterdam_Zuid",400,400,400,400,400,400,0,0
"10939","Amsterdam_West",200,200,200,200,200,200,0,0
"10940","Amsterdam_West",250,250,250,250,250,250,0,0
"10941","Amsterdam_West",119,119,119,119,119,119,0,0
"10942","Amsterdam_West",129,129,129,129,129,129,0,0
"10943","Amsterdam_Zuid",55,55,45,45,45,45,-10,10
"10944","Amsterdam_Oost",285,285,285,285,285,285,0,0
"10945","Amsterdam_Zuid",45,45,65,65,65,65,20,20
"10946","Amsterdam_Center",61,42,42,42,42,42,-19,19
"10947","Amsterdam_Zuid",105,105,105,105,105,105,0,0
"10948","Amsterdam_West",149,149,149,149,149,149,0,0
"10949","Amsterdam_West",149,149,149,149,149,149,0,0
"10950","Amsterdam_West",220,220,220,220,220,220,0,0
"10951","Amsterdam_Center",170,170,170,170,170,170,0,0
"10952","Amsterdam_Center",130,130,130,130,130,130,0,0
"10953","Amsterdam_Nieuw_west",90,90,90,90,90,90,0,0
"10954","Amsterdam_Noord",150,150,150,150,150,150,0,0
"10955","Amsterdam_Zuid",300,300,300,300,300,300,0,0
"10956","Amsterdam_Zuid",130,130,130,130,130,130,0,0
"10957","Amsterdam_Zuid",349,349,349,349,349,349,0,0
"10958","Amsterdam_Zuid",100,100,100,100,100,100,0,0
"10959","Amsterdam_Oost",80,80,80,80,80,80,0,0
"10960","Amsterdam_West",155,155,155,155,155,155,0,0
"10961","Amsterdam_Center",125,125,300,125,300,300,175,175
"10962","Amsterdam_West",100,100,100,100,100,130,30,30
"10963","Amsterdam_Oost",250,250,250,250,250,250,0,0
"10964","Amsterdam_Zuid",37,37,37,37,37,37,0,0
"10965","Amsterdam_Zuid",195,195,195,195,195,195,0,0
"10966","Amsterdam_Nieuw_west",130,130,130,130,130,130,0,0
"10967","Amsterdam_Zuid",106,106,106,106,106,106,0,0
"10968","Amsterdam_Oost",229,229,229,229,229,229,0,0
"10969","Amsterdam_Noord",90,90,90,90,90,90,0,0
"10970","Amsterdam_West",140,140,140,140,140,140,0,0
"10971","Amsterdam_Zuid",100,100,100,100,100,100,0,0
"10972","Amsterdam_Zuid",95,95,95,95,95,95,0,0
"10973","Amsterdam_Oost",119,119,119,119,119,119,0,0
"10974","Amsterdam_Zuid",180,180,180,180,180,180,0,0
"10975","Amsterdam_Zuid",36,36,36,36,36,36,0,0
"10976","Amsterdam_Oost",179,179,179,179,179,179,0,0
"10977","Amsterdam_Oost",140,140,140,140,140,140,0,0
"10978","Amsterdam_Oost",140,140,140,140,140,140,0,0
"10979","Amsterdam_Center",150,150,150,150,150,150,0,0
"10980","Amsterdam_Zuid",100,100,100,100,100,100,0,0
"10981","Amsterdam_West",70,75,75,45,54,53,-17,17
"10982","Amsterdam_Zuid",125,125,125,125,125,125,0,0
"10983","Amsterdam_Nieuw_west",89,89,89,89,89,89,0,0
"10984","Amsterdam_Zuidoost",160,160,160,160,160,160,0,0
"10985","Amsterdam_Oost",149,149,169,158,149,159,10,10
"10986","Amsterdam_Oost",100,100,100,100,100,100,0,0
"10987","Amsterdam_West",75,75,75,75,75,75,0,0
"10988","Amsterdam_West",268,209,210,155,155,155,-113,113
"10989","Amsterdam_West",67,67,67,67,67,67,0,0
"10990","Amsterdam_Center",250,250,250,250,250,250,0,0
"10991","Amsterdam_Zuid",100,100,100,100,100,100,0,0
"10992","Amsterdam_West",350,350,350,350,350,350,0,0
"10993","Amsterdam_Oost",85,85,95,95,95,95,10,10
"10994","Amsterdam_Oost",139,139,139,139,139,139,0,0
"10995","Amsterdam_West",149,149,149,149,149,149,0,0
"10996","Amsterdam_Zuid",450,450,450,450,450,450,0,0
"10997","Amsterdam_Zuid",270,270,270,270,270,270,0,0
"10998","Amsterdam_Zuid",280,280,280,280,280,280,0,0
"10999","Amsterdam_Oost",134,134,134,134,134,134,0,0
"11000","Amsterdam_Noord",133,133,133,133,133,133,0,0
"11001","Amsterdam_Zuid",150,150,150,150,150,150,0,0
"11002","Amsterdam_West",150,150,150,150,150,150,0,0
"11003","Amsterdam_West",180,180,180,180,180,180,0,0
"11004","Amsterdam_Center",163,163,163,163,163,163,0,0
"11005","Amsterdam_West",60,60,60,60,60,60,0,0
"11006","Amsterdam_Zuidoost",295,295,295,295,295,350,55,55
"11007","Amsterdam_Oost",75,75,75,75,75,90,15,15
"11008","Amsterdam_Center",59,65,65,65,65,65,6,6
"11009","Amsterdam_Center",135,135,135,135,135,135,0,0
"11010","Amsterdam_Center",100,100,100,100,100,100,0,0
"11011","Amsterdam_West",180,180,180,180,180,180,0,0
"11012","Amsterdam_West",90,90,90,90,90,90,0,0
"11013","Amsterdam_West",60,60,60,60,60,60,0,0
"11014","Amsterdam_Zuid",275,275,275,275,275,275,0,0
"11015","Amsterdam_Center",289,286,289,291,294,287,-2,2
"11016","Amsterdam_West",147,147,147,147,147,147,0,0
"11017","Amsterdam_Noord",20,20,20,20,20,20,0,0
"11018","Amsterdam_West",125,125,125,125,125,125,0,0
"11019","Amsterdam_Center",81,49,52,56,78,77,-4,4
"11020","Amsterdam_Nieuw_west",125,125,125,125,125,125,0,0
"11021","Amsterdam_Nieuw_west",200,200,200,200,200,200,0,0
"11022","Amsterdam_West",200,200,200,200,200,250,50,50
"11023","Amsterdam_Noord",200,200,200,200,200,200,0,0
"11024","Amsterdam_Zuid",150,150,150,150,150,150,0,0
"11025","Amsterdam_Oost",110,110,110,110,110,110,0,0
"11026","Amsterdam_West",99,99,99,99,99,99,0,0
"11027","Amsterdam_Center",220,220,220,220,220,220,0,0
"11028","Amsterdam_West",30,30,30,30,30,30,0,0
"11029","Amsterdam_Center",149,149,99,102,102,102,-47,47
"11030","Amsterdam_Center",600,600,600,600,600,600,0,0
"11031","Amsterdam_West",200,200,200,200,200,200,0,0
"11032","Amsterdam_Oost",85,85,90,90,90,90,5,5
"11033","Amsterdam_West",129,129,129,129,129,129,0,0
"11034","Amsterdam_Oost",123,123,123,123,123,123,0,0
"11035","Amsterdam_Zuid",160,160,160,160,160,160,0,0
"11036","Amsterdam_West",179,179,179,179,179,179,0,0
"11037","Amsterdam_Zuid",110,110,110,110,110,110,0,0
"11038","Amsterdam_West",125,125,125,125,125,125,0,0
"11039","Amsterdam_Center",90,90,90,90,90,90,0,0
"11040","Amsterdam_Nieuw_west",70,70,70,70,70,70,0,0
"11041","Amsterdam_Zuid",100,100,100,100,100,100,0,0
"11042","Amsterdam_Zuid",350,350,350,350,350,350,0,0
"11043","Amsterdam_West",253,253,253,253,253,253,0,0
"11044","Amsterdam_West",230,230,230,230,230,230,0,0
"11045","Amsterdam_Zuid",254,254,254,254,254,254,0,0
"11046","Amsterdam_Oost",153,153,153,153,153,153,0,0
"11047","Amsterdam_Zuid",550,550,550,550,550,550,0,0
"11048","Amsterdam_Oost",100,100,100,100,100,100,0,0
"11049","Amsterdam_Center",147,147,147,147,147,147,0,0
"11050","Amsterdam_Zuid",160,160,160,160,160,160,0,0
"11051","Amsterdam_Center",65,65,65,65,65,55,-10,10
"11052","Amsterdam_Center",75,75,75,75,75,63,-12,12
"11053","Amsterdam_Oost",165,165,165,165,165,165,0,0
"11054","Amsterdam_Zuid",180,180,180,180,180,180,0,0
"11055","Amsterdam_Noord",311,311,311,311,311,311,0,0
"11056","Amsterdam_Center",152,152,152,152,152,198,46,46
"11057","Amsterdam_Center",182,182,182,182,182,242,60,60
"11058","Amsterdam_West",125,125,125,125,125,125,0,0
"11059","Amsterdam_Center",172,172,172,172,172,231,59,59
"11060","Amsterdam_Center",172,172,172,172,172,231,59,59
"11061","Amsterdam_Center",150,150,150,150,150,150,0,0
"11062","Amsterdam_Center",182,182,182,182,182,242,60,60
"11063","Amsterdam_West",30,30,30,30,30,30,0,0
"11064","Amsterdam_Center",202,202,202,202,202,266,64,64
"11065","Amsterdam_Oost",90,90,90,90,90,90,0,0
"11066","Amsterdam_Oost",110,110,110,110,110,120,10,10
"11067","Amsterdam_Oost",123,123,123,123,123,123,0,0
"11068","Amsterdam_Zuid",95,95,95,95,95,95,0,0
"11069","Amsterdam_West",140,140,140,140,140,140,0,0
"11070","Amsterdam_Zuid",150,150,150,150,150,150,0,0
"11071","Amsterdam_Zuid",165,165,165,165,165,165,0,0
"11072","Amsterdam_Oost",120,120,120,120,120,120,0,0
"11073","Amsterdam_Zuid",150,150,150,150,150,150,0,0
"11074","Amsterdam_Oost",100,100,100,100,100,100,0,0
"11075","Amsterdam_Zuid",99,99,99,99,99,99,0,0
"11076","Amsterdam_Nieuw_west",90,90,90,90,90,90,0,0
"11077","Amsterdam_Zuid",106,100,150,150,150,139,33,33
"11078","Amsterdam_Oost",65,65,65,65,65,65,0,0
"11079","Amsterdam_West",158,158,158,158,158,158,0,0
"11080","Amsterdam_Zuid",250,250,250,250,250,250,0,0
"11081","Amsterdam_West",110,110,110,110,110,110,0,0
"11082","Amsterdam_West",85,85,85,85,85,85,0,0
"11083","Amsterdam_West",154,154,154,154,154,154,0,0
"11084","Amsterdam_West",247,250,250,250,250,250,3,3
"11085","Amsterdam_West",100,100,100,100,100,100,0,0
"11086","Amsterdam_West",180,180,180,180,180,180,0,0
"11087","Amsterdam_Nieuw_west",100,100,100,100,100,100,0,0
"11088","Amsterdam_West",115,115,115,115,115,115,0,0
"11089","Amsterdam_Noord",30,30,30,30,30,30,0,0
"11090","Amsterdam_Zuidoost",75,75,75,75,75,75,0,0
"11091","Amsterdam_Zuid",229,229,229,229,229,229,0,0
"11092","Amsterdam_Noord",70,70,70,70,70,70,0,0
"11093","Amsterdam_Zuid",140,140,140,140,140,140,0,0
"11094","Amsterdam_Oost",208,158,164,196,219,263,55,55
"11095","Amsterdam_West",198,198,198,198,198,198,0,0
"11096","Amsterdam_West",130,130,130,130,130,130,0,0
"11097","Amsterdam_Noord",89,110,110,110,110,110,21,21
"11098","Amsterdam_West",104,105,108,110,110,110,6,6
"11099","Amsterdam_Nieuw_west",350,350,350,350,350,350,0,0
"11100","Amsterdam_Center",150,150,150,150,150,150,0,0
"11101","Amsterdam_Oost",149,149,149,149,149,149,0,0
"11102","Amsterdam_Oost",149,149,149,149,149,149,0,0
"11103","Amsterdam_Center",345,345,345,345,345,429,84,84
"11104","Amsterdam_West",80,80,80,80,80,80,0,0
"11105","Amsterdam_Zuid",160,160,160,160,160,160,0,0
"11106","Amsterdam_West",175,175,175,175,175,175,0,0
"11107","Amsterdam_Oost",250,250,250,250,250,250,0,0
"11108","Amsterdam_Noord",130,113,116,134,187,155,25,25
"11109","Amsterdam_West",150,150,150,150,150,150,0,0
"11110","Amsterdam_Oost",75,75,75,75,75,75,0,0
"11111","Amsterdam_Zuid",100,100,100,90,90,100,0,0
"11112","Amsterdam_Zuid",123,129,129,129,123,128,5,5
"11113","Amsterdam_West",25,25,25,25,25,25,0,0
"11114","Amsterdam_Center",95,95,95,95,95,95,0,0
"11115","Amsterdam_Noord",50,50,50,50,50,50,0,0
"11116","Amsterdam_Center",165,165,165,165,165,165,0,0
"11117","Amsterdam_West",67,67,67,67,67,67,0,0
"11118","Amsterdam_West",153,153,153,153,153,153,0,0
"11119","Amsterdam_West",174,174,174,174,174,174,0,0
"11120","Amsterdam_Zuid",190,190,190,190,190,190,0,0
"11121","Amsterdam_Zuid",151,151,151,151,151,151,0,0
"11122","Amsterdam_West",134,134,134,134,134,134,0,0
"11123","Amsterdam_Center",100,100,100,100,100,100,0,0
"11124","Amsterdam_Oost",68,68,68,68,68,68,0,0
"11125","Amsterdam_West",150,150,150,150,150,150,0,0
"11126","Amsterdam_Oost",89,89,89,89,89,89,0,0
"11127","Amsterdam_West",350,350,350,350,350,350,0,0
"11128","Amsterdam_Zuid",150,150,150,150,150,150,0,0
"11129","Amsterdam_Zuid",120,120,120,120,120,120,0,0
"11130","Amsterdam_Center",375,375,375,375,375,375,0,0
"11131","Amsterdam_West",100,100,100,100,100,100,0,0
"11132","Amsterdam_Zuid",120,120,120,120,120,120,0,0
"11133","Amsterdam_Center",120,120,120,120,120,120,0,0
"11134","Amsterdam_West",100,100,100,100,100,100,0,0
"11135","Amsterdam_West",100,100,100,100,100,100,0,0
"11136","Amsterdam_Zuid",320,320,320,320,320,320,0,0
"11137","Amsterdam_Noord",725,725,725,725,725,725,0,0
"11138","Amsterdam_West",190,190,190,190,190,190,0,0
"11139","Amsterdam_Noord",857,857,857,857,857,857,0,0
"11140","Amsterdam_Oost",60,60,60,60,60,60,0,0
"11141","Amsterdam_West",140,140,140,140,140,140,0,0
"11142","Amsterdam_Zuid",175,175,175,175,175,175,0,0
"11143","Amsterdam_West",150,150,150,150,150,150,0,0
"11144","Amsterdam_West",100,100,100,100,100,100,0,0
"11145","Amsterdam_Oost",120,120,120,120,120,120,0,0
"11146","Amsterdam_Zuid",95,95,95,95,95,95,0,0
"11147","Amsterdam_Noord",140,140,140,140,140,140,0,0
"11148","Amsterdam_Nieuw_west",100,100,100,100,100,100,0,0
"11149","Amsterdam_Noord",57,57,57,57,57,57,0,0
"11150","Amsterdam_Zuid",50,50,50,50,50,50,0,0
"11151","Amsterdam_Center",300,300,300,300,300,300,0,0
"11152","Amsterdam_Noord",112,100,100,100,100,100,-12,12
"11153","Amsterdam_West",100,100,100,100,100,110,10,10
"11154","Amsterdam_Oost",275,275,275,275,275,275,0,0
"11155","Amsterdam_West",35,29,35,41,75,68,33,33
"11156","Amsterdam_Noord",140,140,140,140,140,140,0,0
"11157","Amsterdam_Oost",190,190,190,190,190,190,0,0
"11158","Amsterdam_Zuid",90,90,90,90,90,90,0,0
"11159","Amsterdam_Oost",120,120,120,120,120,120,0,0
"11160","Amsterdam_Nieuw_west",135,135,135,135,135,135,0,0
"11161","Amsterdam_Center",233,110,119,227,190,156,-77,77
"11162","Amsterdam_West",175,175,175,175,175,175,0,0
"11163","Amsterdam_West",69,69,69,69,69,69,0,0
"11164","Amsterdam_West",140,140,140,140,140,160,20,20
"11165","Amsterdam_Oost",99,99,99,99,99,99,0,0
"11166","Amsterdam_Nieuw_west",70,70,70,70,70,70,0,0
"11167","Amsterdam_West",150,150,150,150,150,150,0,0
"11168","Amsterdam_West",75,75,75,75,75,75,0,0
"11169","Amsterdam_Zuid",810,810,810,810,810,810,0,0
"11170","Amsterdam_Nieuw_west",119,119,119,119,119,119,0,0
"11171","Amsterdam_Center",250,250,250,250,250,250,0,0
"11172","Amsterdam_West",187,162,167,178,217,220,33,33
"11173","Amsterdam_Noord",110,110,110,110,110,150,40,40
"11174","Amsterdam_Nieuw_west",100,150,150,150,150,150,50,50
"11175","Amsterdam_Zuid",126,124,125,128,132,132,6,6
"11176","Amsterdam_West",189,189,189,189,189,189,0,0
"11177","Amsterdam_Noord",259,259,259,259,259,259,0,0
"11178","Amsterdam_Nieuw_west",150,150,150,150,150,150,0,0
"11179","Amsterdam_Noord",129,129,129,129,129,129,0,0
"11180","Amsterdam_Zuid",190,190,190,190,190,190,0,0
"11181","Amsterdam_Oost",100,100,100,100,125,125,25,25
"11182","Amsterdam_West",110,110,110,110,110,110,0,0
"11183","Amsterdam_Nieuw_west",99,99,99,99,99,99,0,0
"11184","Amsterdam_West",99,99,99,99,99,99,0,0
"11185","Amsterdam_Oost",199,199,199,199,199,199,0,0
"11186","Amsterdam_Zuid",200,200,200,200,200,200,0,0
"11187","Amsterdam_Oost",69,69,69,65,69,69,0,0
"11188","Amsterdam_Zuid",280,280,280,280,280,280,0,0
"11189","Amsterdam_Center",175,165,177,189,249,249,74,74
"11190","Amsterdam_Oost",84,84,84,84,84,84,0,0
"11191","Amsterdam_West",100,100,100,100,100,100,0,0
"11192","Amsterdam_Noord",140,140,140,140,140,140,0,0
"11193","Amsterdam_West",144,144,144,144,144,144,0,0
"11194","Amsterdam_West",107,107,107,107,107,107,0,0
"11195","Amsterdam_Zuid",350,350,350,350,350,350,0,0
"11196","Amsterdam_Zuidoost",150,150,150,150,150,150,0,0
"11197","Amsterdam_Oost",92,92,92,92,92,92,0,0
"11198","Amsterdam_Oost",180,180,180,180,180,180,0,0
"11199","Amsterdam_Zuid",150,150,150,150,150,150,0,0
"11200","Amsterdam_Nieuw_west",190,190,190,190,190,190,0,0
"11201","Amsterdam_West",214,214,214,214,214,214,0,0
"11202","Amsterdam_West",100,100,100,100,100,100,0,0
"11203","Amsterdam_West",340,340,340,340,340,340,0,0
"11204","Amsterdam_Center",243,243,243,243,243,243,0,0
"11205","Amsterdam_West",150,150,150,150,150,150,0,0
"11206","Amsterdam_West",450,450,450,450,450,450,0,0
"11207","Amsterdam_Zuid",320,320,320,320,320,320,0,0
"11208","Amsterdam_Noord",198,198,198,198,198,198,0,0
"11209","Amsterdam_Oost",350,350,350,350,350,350,0,0
"11210","Amsterdam_Noord",75,75,75,80,86,78,3,3
"11211","Amsterdam_Zuid",87,70,70,70,70,70,-17,17
"11212","Amsterdam_Oost",325,325,325,325,325,325,0,0
"11213","Amsterdam_Zuid",100,100,100,100,100,100,0,0
"11214","Amsterdam_Oost",200,200,200,200,200,200,0,0
"11215","Amsterdam_West",74,74,74,74,74,74,0,0
"11216","Amsterdam_Nieuw_west",151,151,151,151,151,151,0,0
"11217","Amsterdam_Center",108,86,108,108,108,134,26,26
"11218","Amsterdam_Center",200,200,200,200,200,200,0,0
"11219","Amsterdam_Zuid",95,95,95,95,95,95,0,0
"11220","Amsterdam_Nieuw_west",95,95,95,95,95,95,0,0
"11221","Amsterdam_Zuid",100,100,100,100,100,100,0,0
"11222","Amsterdam_Nieuw_west",400,400,400,400,400,400,0,0
"11223","Amsterdam_Center",150,150,150,150,150,150,0,0
"11224","Amsterdam_West",140,140,140,140,140,140,0,0
"11225","Amsterdam_Zuid",450,450,450,450,450,450,0,0
"11226","Amsterdam_West",130,130,130,130,130,130,0,0
"11227","Amsterdam_West",200,200,200,200,200,200,0,0
"11228","Amsterdam_West",60,60,60,60,60,60,0,0
"11229","Amsterdam_West",180,180,180,180,180,180,0,0
"11230","Amsterdam_West",180,180,180,180,180,180,0,0
"11231","Amsterdam_Oost",137,137,137,137,137,115,-22,22
"11232","Amsterdam_West",135,135,135,135,135,135,0,0
"11233","Amsterdam_West",180,180,180,180,180,180,0,0
"11234","Amsterdam_Noord",228,228,228,228,228,228,0,0
"11235","Amsterdam_West",140,140,140,140,140,140,0,0
"11236","Amsterdam_Oost",160,160,160,160,160,160,0,0
"11237","Amsterdam_Zuidoost",47,47,47,47,47,47,0,0
"11238","Amsterdam_West",125,125,125,125,125,125,0,0
"11239","Amsterdam_West",119,119,119,119,119,119,0,0
"11240","Amsterdam_West",147,147,147,147,147,147,0,0
"11241","Amsterdam_Zuid",80,80,80,80,80,80,0,0
"11242","Amsterdam_West",360,360,360,360,360,360,0,0
"11243","Amsterdam_West",150,150,150,150,150,150,0,0
"11244","Amsterdam_West",174,189,189,189,189,189,15,15
"11245","Amsterdam_Zuid",126,126,126,126,126,126,0,0
"11246","Amsterdam_Center",209,209,209,209,209,209,0,0
"11247","Amsterdam_Noord",30,30,30,30,30,30,0,0
"11248","Amsterdam_Zuid",100,30,100,100,40,50,-50,50
"11249","Amsterdam_West",85,85,85,85,85,85,0,0
"11250","Amsterdam_Center",220,220,220,220,220,220,0,0
"11251","Amsterdam_Oost",142,142,142,142,142,142,0,0
"11252","Amsterdam_West",450,450,450,450,450,100,-350,350
"11253","Amsterdam_Center",155,155,155,155,155,155,0,0
"11254","Amsterdam_Oost",139,139,139,139,139,139,0,0
"11255","Amsterdam_West",90,90,90,90,90,90,0,0
"11256","Amsterdam_West",220,220,220,220,220,220,0,0
"11257","Amsterdam_West",150,150,150,150,150,150,0,0
"11258","Amsterdam_West",170,170,170,170,170,170,0,0
"11259","Amsterdam_Oost",180,180,180,180,180,180,0,0
"11260","Amsterdam_Zuid",90,90,90,90,90,90,0,0
"11261","Amsterdam_West",136,115,91,99,119,119,-17,17
"11262","Amsterdam_West",110,110,110,110,110,110,0,0
"11263","Amsterdam_Zuid",158,155,155,155,138,132,-26,26
"11264","Amsterdam_Zuid",100,100,100,100,100,100,0,0
"11265","Amsterdam_Noord",70,70,70,70,70,70,0,0
"11266","Amsterdam_Oost",175,175,175,175,175,175,0,0
"11267","Amsterdam_Center",415,415,415,415,415,415,0,0
"11268","Amsterdam_West",125,135,135,135,135,135,10,10
"11269","Amsterdam_Center",150,150,150,150,150,150,0,0
"11270","Amsterdam_West",350,350,350,350,350,350,0,0
"11271","Amsterdam_Zuid",331,331,331,331,373,373,42,42
"11272","Amsterdam_Zuidoost",99,99,99,99,99,99,0,0
"11273","Amsterdam_West",99,99,99,99,99,99,0,0
"11274","Amsterdam_Center",120,120,120,120,110,114,-6,6
"11275","Amsterdam_West",200,200,200,200,200,200,0,0
"11276","Amsterdam_Center",289,289,289,289,289,289,0,0
"11277","Amsterdam_West",85,85,85,85,85,85,0,0
"11278","Amsterdam_West",695,695,695,695,695,395,-300,300
"11279","Amsterdam_Zuid",250,250,250,250,250,250,0,0
"11280","Amsterdam_Oost",80,80,80,80,80,80,0,0
"11281","Amsterdam_West",75,82,75,82,114,85,10,10
"11282","Amsterdam_Zuid",150,150,150,150,150,150,0,0
"11283","Amsterdam_Center",350,350,350,350,350,350,0,0
"11284","Amsterdam_West",134,134,134,134,134,134,0,0
"11285","Amsterdam_Nieuw_west",170,170,170,170,170,170,0,0
"11286","Amsterdam_Nieuw_west",160,160,160,160,171,162,2,2
"11287","Amsterdam_Center",200,200,250,250,350,350,150,150
"11288","Amsterdam_Zuid",399,399,399,399,399,399,0,0
"11289","Amsterdam_Oost",200,200,200,200,200,200,0,0
"11290","Amsterdam_West",65,70,86,76,75,75,10,10
"11291","Amsterdam_Zuidoost",110,110,110,110,110,110,0,0
"11292","Amsterdam_Center",124,124,124,124,124,124,0,0
"11293","Amsterdam_Oost",121,121,121,121,121,121,0,0
"11294","Amsterdam_West",130,130,130,130,130,130,0,0
"11295","Amsterdam_Zuidoost",120,120,120,120,120,120,0,0
"11296","Amsterdam_Noord",80,80,80,80,80,80,0,0
"11297","Amsterdam_West",102,102,102,102,102,102,0,0
"11298","Amsterdam_Noord",148,148,148,148,148,148,0,0
"11299","Amsterdam_Zuid",350,350,350,350,350,350,0,0
"11300","Amsterdam_West",275,275,275,275,275,275,0,0
"11301","Amsterdam_Zuid",154,154,154,154,154,154,0,0
"11302","Amsterdam_Zuid",185,185,185,185,185,185,0,0
"11303","Amsterdam_Oost",180,180,180,180,180,180,0,0
"11304","Amsterdam_Oost",199,199,199,199,199,199,0,0
"11305","Amsterdam_Center",224,224,224,224,224,224,0,0
"11306","Amsterdam_West",200,200,200,200,200,200,0,0
"11307","Amsterdam_Oost",135,135,135,135,135,135,0,0
"11308","Amsterdam_Zuid",143,127,127,127,127,127,-16,16
"11309","Amsterdam_Noord",70,70,70,70,70,70,0,0
"11310","Amsterdam_Oost",212,146,135,174,174,200,-12,12
"11311","Amsterdam_Center",157,157,157,157,157,157,0,0
"11312","Amsterdam_Oost",140,140,140,140,140,140,0,0
"11313","Amsterdam_West",100,100,100,100,100,100,0,0
"11314","Amsterdam_Oost",180,180,180,180,180,180,0,0
"11315","Amsterdam_Noord",175,175,175,175,175,175,0,0
"11316","Amsterdam_West",99,99,99,99,99,99,0,0
"11317","Amsterdam_Zuid",800,800,800,800,800,800,0,0
"11318","Amsterdam_Oost",275,275,275,275,275,275,0,0
"11319","Amsterdam_West",120,120,120,120,120,120,0,0
"11320","Amsterdam_West",223,223,223,223,223,223,0,0
"11321","Amsterdam_West",120,120,120,120,120,120,0,0
"11322","Amsterdam_Zuidoost",60,60,60,60,60,60,0,0
"11323","Amsterdam_West",210,210,210,210,210,210,0,0
"11324","Amsterdam_Center",79,79,79,79,79,79,0,0
"11325","Amsterdam_West",70,70,70,70,70,70,0,0
"11326","Amsterdam_Center",179,179,179,179,179,179,0,0
"11327","Amsterdam_West",100,100,100,100,100,100,0,0
"11328","Amsterdam_Noord",190,190,190,190,190,190,0,0
"11329","Amsterdam_Oost",110,110,110,110,110,120,10,10
"11330","Amsterdam_Oost",101,101,101,101,101,101,0,0
"11331","Amsterdam_Noord",123,123,123,123,123,123,0,0
"11332","Amsterdam_Noord",179,179,179,179,179,179,0,0
"11333","Amsterdam_Oost",200,200,200,200,200,200,0,0
"11334","Amsterdam_Nieuw_west",105,105,105,105,105,105,0,0
"11335","Amsterdam_West",175,175,175,175,175,175,0,0
"11336","Amsterdam_Zuid",150,150,150,150,150,88,-62,62
"11337","Amsterdam_Noord",55,55,55,55,55,55,0,0
"11338","Amsterdam_Oost",140,140,140,140,140,140,0,0
"11339","Amsterdam_Zuid",220,220,220,220,220,220,0,0
"11340","Amsterdam_Noord",125,125,125,125,125,125,0,0
"11341","Amsterdam_Nieuw_west",80,80,80,80,80,80,0,0
"11342","Amsterdam_Center",96,96,96,96,96,96,0,0
"11343","Amsterdam_Noord",154,154,154,154,154,154,0,0
"11344","Amsterdam_West",155,155,155,155,155,155,0,0
"11345","Amsterdam_Zuid",295,295,295,295,295,295,0,0
"11346","Amsterdam_Oost",150,150,150,150,150,150,0,0
"11347","Amsterdam_Center",99,99,99,99,99,99,0,0
"11348","Amsterdam_West",220,220,220,220,220,220,0,0
"11349","Amsterdam_Center",60,60,60,60,60,60,0,0
"11350","Amsterdam_Nieuw_west",119,119,119,119,119,119,0,0
"11351","Amsterdam_Zuid",145,145,145,145,145,145,0,0
"11352","Amsterdam_Noord",170,170,170,170,170,170,0,0
"11353","Amsterdam_Noord",140,140,140,140,140,140,0,0
"11354","Amsterdam_Zuid",115,115,115,115,115,115,0,0
"11355","Amsterdam_Oost",282,282,282,282,282,282,0,0
"11356","Amsterdam_West",123,123,123,123,123,123,0,0
"11357","Amsterdam_West",155,155,155,155,155,155,0,0
"11358","Amsterdam_Oost",80,80,80,80,80,80,0,0
"11359","Amsterdam_Zuid",130,130,130,130,130,130,0,0
"11360","Amsterdam_Oost",119,119,119,119,119,119,0,0
"11361","Amsterdam_Oost",165,165,165,165,165,165,0,0
"11362","Amsterdam_Zuid",50,64,50,50,50,50,0,0
"11363","Amsterdam_Zuid",125,125,125,125,125,125,0,0
"11364","Amsterdam_Oost",190,190,190,190,190,190,0,0
"11365","Amsterdam_West",80,80,80,80,89,80,0,0
"11366","Amsterdam_Zuid",250,250,250,250,250,250,0,0
"11367","Amsterdam_Center",225,225,225,225,225,225,0,0
"11368","Amsterdam_Noord",130,130,130,130,130,130,0,0
"11369","Amsterdam_Zuid",550,550,550,550,550,550,0,0
"11370","Amsterdam_West",120,120,120,120,120,120,0,0
"11371","Amsterdam_Zuid",150,150,150,150,150,150,0,0
"11372","Amsterdam_Nieuw_west",129,129,129,129,129,129,0,0
"11373","Amsterdam_Center",750,750,750,750,750,750,0,0
"11374","Amsterdam_West",149,149,149,149,149,149,0,0
"11375","Amsterdam_West",110,110,110,110,110,110,0,0
"11376","Amsterdam_Zuid",135,135,135,135,135,135,0,0
"11377","Amsterdam_West",99,99,99,99,99,99,0,0
"11378","Amsterdam_Center",66,65,66,59,80,79,13,13
"11379","Amsterdam_West",90,90,90,90,90,82,-8,8
"11380","Amsterdam_Oost",98,98,98,98,98,98,0,0
"11381","Amsterdam_Zuid",130,130,130,130,130,130,0,0
"11382","Amsterdam_Zuid",110,110,110,110,110,110,0,0
"11383","Amsterdam_West",153,153,153,153,153,153,0,0
"11384","Amsterdam_Nieuw_west",120,120,120,120,120,120,0,0
"11385","Amsterdam_West",120,120,120,120,120,120,0,0
"11386","Amsterdam_Center",219,219,219,219,219,219,0,0
"11387","Amsterdam_Oost",140,140,140,140,123,140,0,0
"11388","Amsterdam_West",106,106,106,106,106,106,0,0
"11389","Amsterdam_Oost",145,145,145,145,145,145,0,0
"11390","Amsterdam_Center",130,130,130,130,130,130,0,0
"11391","Amsterdam_Oost",80,80,80,80,80,80,0,0
"11392","Amsterdam_West",250,149,150,167,200,110,-140,140
"11393","Amsterdam_Noord",115,115,115,115,115,115,0,0
"11394","Amsterdam_Zuid",300,300,300,300,300,300,0,0
"11395","Amsterdam_Zuid",179,179,179,179,179,179,0,0
"11396","Amsterdam_Noord",150,180,150,150,150,150,0,0
"11397","Amsterdam_Noord",160,160,160,160,160,160,0,0
"11398","Amsterdam_Noord",130,130,130,130,130,130,0,0
"11399","Amsterdam_Zuid",100,100,100,100,100,100,0,0
"11400","Amsterdam_West",45,45,45,45,45,45,0,0
"11401","Amsterdam_West",45,45,45,45,45,45,0,0
"11402","Amsterdam_West",45,45,45,45,45,45,0,0
"11403","Amsterdam_West",145,145,145,145,145,145,0,0
"11404","Amsterdam_West",83,83,83,83,83,83,0,0
"11405","Amsterdam_Oost",200,200,200,200,200,200,0,0
"11406","Amsterdam_Oost",240,240,240,240,240,240,0,0
"11407","Amsterdam_Oost",244,259,300,300,300,300,56,56
"11408","Amsterdam_Zuid",149,149,149,149,149,149,0,0
"11409","Amsterdam_Zuid",300,300,300,300,300,300,0,0
"11410","Amsterdam_Noord",200,200,200,200,200,200,0,0
"11411","Amsterdam_West",70,70,70,70,70,70,0,0
"11412","Amsterdam_Noord",120,120,120,120,120,120,0,0
"11413","Amsterdam_Center",295,295,295,295,295,295,0,0
"11414","Amsterdam_Zuid",350,350,350,350,350,350,0,0
"11415","Amsterdam_Oost",128,128,128,128,128,128,0,0
"11416","Amsterdam_Center",280,280,280,280,280,280,0,0
"11417","Amsterdam_West",220,220,220,220,220,220,0,0
"11418","Amsterdam_Oost",200,200,200,200,200,200,0,0
"11419","Amsterdam_Zuid",150,150,150,150,150,150,0,0
"11420","Amsterdam_West",99,99,99,99,99,99,0,0
"11421","Amsterdam_Zuid",180,180,180,180,180,180,0,0
"11422","Amsterdam_Oost",198,198,198,198,198,198,0,0
"11423","Amsterdam_Zuid",90,90,90,90,90,90,0,0
"11424","Amsterdam_West",95,95,95,95,95,95,0,0
"11425","Amsterdam_Noord",307,307,307,307,307,307,0,0
"11426","Amsterdam_Zuid",61,61,61,61,61,61,0,0
"11427","Amsterdam_West",119,119,119,119,119,119,0,0
"11428","Amsterdam_West",136,136,136,136,136,136,0,0
"11429","Amsterdam_Center",243,235,275,275,225,246,3,3
"11430","Amsterdam_Zuid",125,125,125,125,125,125,0,0
"11431","Amsterdam_Oost",99,99,99,99,99,99,0,0
"11432","Amsterdam_West",120,120,120,120,120,120,0,0
"11433","Amsterdam_Zuid",163,163,163,163,163,163,0,0
"11434","Amsterdam_Center",66,63,52,57,69,69,3,3
"11435","Amsterdam_Center",25,54,54,54,54,54,29,29
"11436","Amsterdam_Center",273,192,194,192,192,289,16,16
"11437","Amsterdam_Zuid",230,230,230,230,230,230,0,0
"11438","Amsterdam_Noord",31,30,35,36,47,49,18,18
"11439","Amsterdam_West",149,149,149,149,149,149,0,0
"11440","Amsterdam_Oost",191,191,191,191,191,191,0,0
"11441","Amsterdam_Oost",150,150,150,150,150,150,0,0
"11442","Amsterdam_West",159,159,159,159,159,159,0,0
"11443","Amsterdam_Zuid",350,350,350,350,350,350,0,0
"11444","Amsterdam_Oost",225,225,225,225,225,225,0,0
"11445","Amsterdam_Oost",150,150,150,150,150,150,0,0
"11446","Amsterdam_Oost",105,105,105,105,105,105,0,0
"11447","Amsterdam_Zuid",225,225,225,225,225,225,0,0
"11448","Amsterdam_Zuidoost",62,62,62,62,62,62,0,0
"11449","Amsterdam_Noord",140,140,140,140,140,140,0,0
"11450","Amsterdam_Zuid",300,300,300,300,300,300,0,0
"11451","Amsterdam_Oost",71,71,71,71,71,71,0,0
"11452","Amsterdam_West",100,100,100,100,100,100,0,0
"11453","Amsterdam_West",195,195,195,195,195,195,0,0
"11454","Amsterdam_Zuid",125,125,125,125,125,125,0,0
"11455","Amsterdam_Center",105,80,80,80,80,80,-25,25
"11456","Amsterdam_West",95,95,95,95,95,95,0,0
"11457","Amsterdam_West",120,120,120,120,120,120,0,0
"11458","Amsterdam_Zuid",400,400,400,400,400,400,0,0
"11459","Amsterdam_West",100,100,100,100,100,100,0,0
"11460","Amsterdam_Center",180,180,180,180,180,180,0,0
"11461","Amsterdam_Zuid",214,214,214,214,214,214,0,0
"11462","Amsterdam_Center",118,118,118,118,118,118,0,0
"11463","Amsterdam_Oost",133,125,125,125,115,115,-18,18
"11464","Amsterdam_Center",85,85,85,95,95,104,19,19
"11465","Amsterdam_Oost",120,120,120,120,120,120,0,0
"11466","Amsterdam_Oost",110,110,110,110,110,110,0,0
"11467","Amsterdam_Center",150,150,150,150,150,150,0,0
"11468","Amsterdam_West",200,200,200,200,200,200,0,0
"11469","Amsterdam_Zuid",75,75,75,75,75,75,0,0
"11470","Amsterdam_Center",160,160,160,160,160,160,0,0
"11471","Amsterdam_Center",75,75,75,75,75,75,0,0
"11472","Amsterdam_Center",199,199,199,199,199,199,0,0
"11473","Amsterdam_Noord",75,75,75,75,75,75,0,0
"11474","Amsterdam_West",150,150,150,150,150,150,0,0
"11475","Amsterdam_Zuid",130,130,130,130,130,130,0,0
"11476","Amsterdam_Zuid",140,140,140,140,140,140,0,0
"11477","Amsterdam_Zuidoost",249,249,249,249,249,249,0,0
"11478","Amsterdam_West",70,70,70,70,70,70,0,0
"11479","Amsterdam_West",125,125,125,125,125,125,0,0
"11480","Amsterdam_Noord",195,195,195,195,195,195,0,0
"11481","Amsterdam_Center",150,150,150,150,150,150,0,0
"11482","Amsterdam_Zuid",160,160,160,160,160,160,0,0
"11483","Amsterdam_Nieuw_west",124,124,124,124,124,124,0,0
"11484","Amsterdam_West",140,140,140,140,140,140,0,0
"11485","Amsterdam_Center",550,550,550,550,550,550,0,0
"11486","Amsterdam_West",121,109,121,121,121,111,-10,10
"11487","Amsterdam_Zuid",314,354,354,354,354,354,40,40
"11488","Amsterdam_Zuid",172,172,172,172,172,172,0,0
"11489","Amsterdam_West",141,141,141,141,141,141,0,0
"11490","Amsterdam_Center",336,325,299,299,325,350,14,14
"11491","Amsterdam_West",135,135,135,135,135,135,0,0
"11492","Amsterdam_Zuid",250,250,250,250,250,250,0,0
"11493","Amsterdam_Oost",150,150,150,150,150,150,0,0
"11494","Amsterdam_Center",220,220,220,220,220,220,0,0
"11495","Amsterdam_Oost",51,51,51,51,51,51,0,0
"11496","Amsterdam_Zuid",199,199,199,199,199,199,0,0
"11497","Amsterdam_Zuid",160,160,160,160,160,160,0,0
"11498","Amsterdam_Zuid",250,250,250,250,250,250,0,0
"11499","Amsterdam_Oost",105,105,105,105,105,105,0,0
"11500","Amsterdam_Noord",140,140,140,140,140,140,0,0
"11501","Amsterdam_Zuid",150,150,150,150,150,150,0,0
"11502","Amsterdam_West",145,145,145,145,145,145,0,0
"11503","Amsterdam_West",110,110,110,110,110,110,0,0
"11504","Amsterdam_Oost",180,180,180,180,180,180,0,0
"11505","Amsterdam_West",100,100,100,100,100,100,0,0
"11506","Amsterdam_Zuid",139,160,160,160,160,160,21,21
"11507","Amsterdam_Zuid",179,179,179,179,179,179,0,0
"11508","Amsterdam_Noord",135,135,135,135,135,135,0,0
"11509","Amsterdam_Zuid",160,160,160,160,160,160,0,0
"11510","Amsterdam_West",69,69,69,69,69,69,0,0
"11511","Amsterdam_Zuid",70,70,70,70,70,70,0,0
"11512","Amsterdam_Zuid",800,800,800,800,800,800,0,0
"11513","Amsterdam_West",135,135,135,135,135,135,0,0
"11514","Amsterdam_Zuidoost",50,50,50,50,50,50,0,0
"11515","Amsterdam_Zuid",75,75,75,75,75,75,0,0
"11516","Amsterdam_Oost",175,175,175,175,175,175,0,0
"11517","Amsterdam_West",119,119,119,119,119,119,0,0
"11518","Amsterdam_West",191,191,191,191,191,191,0,0
"11519","Amsterdam_West",110,110,110,110,110,110,0,0
"11520","Amsterdam_Oost",115,115,115,115,138,115,0,0
"11521","Amsterdam_Oost",93,93,93,93,93,93,0,0
"11522","Amsterdam_West",180,180,180,180,180,180,0,0
"11523","Amsterdam_Zuid",800,800,800,800,800,800,0,0
"11524","Amsterdam_Zuid",175,175,175,175,175,175,0,0
"11525","Amsterdam_Zuid",100,100,100,100,100,100,0,0
"11526","Amsterdam_Oost",139,139,139,139,139,139,0,0
"11527","Amsterdam_Oost",150,150,150,150,150,150,0,0
"11528","Amsterdam_Zuid",239,239,239,239,239,239,0,0
"11529","Amsterdam_West",190,190,190,190,190,190,0,0
"11530","Amsterdam_Oost",259,169,259,259,259,259,0,0
"11531","Amsterdam_Oost",280,199,200,220,249,160,-120,120
"11532","Amsterdam_Zuid",103,103,103,103,103,103,0,0
"11533","Amsterdam_Zuid",227,227,227,227,227,227,0,0
"11534","Amsterdam_Noord",240,240,240,240,240,240,0,0
"11535","Amsterdam_Zuid",171,180,180,200,200,200,29,29
"11536","Amsterdam_Zuid",350,350,350,350,350,350,0,0
"11537","Amsterdam_Oost",110,110,110,110,110,110,0,0
"11538","Amsterdam_Center",90,90,90,90,90,90,0,0
"11539","Amsterdam_Center",251,251,251,251,251,251,0,0
"11540","Amsterdam_Zuidoost",70,200,200,200,200,200,130,130
"11541","Amsterdam_Center",129,129,129,129,129,129,0,0
"11542","Amsterdam_West",44,44,44,44,44,44,0,0
"11543","Amsterdam_West",180,180,180,180,120,120,-60,60
"11544","Amsterdam_Zuid",499,499,139,190,189,149,-350,350
"11545","Amsterdam_Zuidoost",86,86,86,86,86,86,0,0
"11546","Amsterdam_West",70,70,70,70,70,70,0,0
"11547","Amsterdam_Oost",290,290,290,290,290,290,0,0
"11548","Amsterdam_West",120,120,120,120,120,120,0,0
"11549","Amsterdam_West",150,150,150,150,150,150,0,0
"11550","Amsterdam_Zuid",200,200,200,200,200,200,0,0
"11551","Amsterdam_Center",160,160,160,160,160,160,0,0
"11552","Amsterdam_Oost",120,120,120,120,120,120,0,0
"11553","Amsterdam_Noord",100,100,100,100,100,100,0,0
"11554","Amsterdam_West",160,160,160,160,160,160,0,0
"11555","Amsterdam_West",200,200,200,200,200,200,0,0
"11556","Amsterdam_Oost",150,150,150,150,150,150,0,0
"11557","Amsterdam_Center",110,110,110,110,110,110,0,0
"11558","Amsterdam_Noord",160,160,160,160,160,160,0,0
"11559","Amsterdam_Center",56,50,58,51,55,77,21,21
"11560","Amsterdam_Zuidoost",58,58,58,58,58,58,0,0
"11561","Amsterdam_Oost",179,179,179,179,179,179,0,0
"11562","Amsterdam_West",160,160,160,160,160,160,0,0
"11563","Amsterdam_Zuid",599,599,599,599,599,599,0,0
"11564","Amsterdam_Oost",400,400,400,400,400,400,0,0
"11565","Amsterdam_West",39,39,39,39,39,39,0,0
"11566","Amsterdam_West",250,250,250,250,250,250,0,0
"11567","Amsterdam_West",110,110,110,110,110,110,0,0
"11568","Amsterdam_Oost",129,129,129,129,129,129,0,0
"11569","Amsterdam_Oost",176,176,176,176,176,176,0,0
"11570","Amsterdam_West",350,350,350,350,350,350,0,0
"11571","Amsterdam_West",800,800,800,800,800,800,0,0
"11572","Amsterdam_West",150,150,150,150,150,150,0,0
"11573","Amsterdam_Zuid",80,80,80,80,80,80,0,0
"11574","Amsterdam_Noord",250,250,250,250,250,250,0,0
"11575","Amsterdam_Oost",185,185,185,185,185,185,0,0
"11576","Amsterdam_West",199,199,199,199,199,199,0,0
"11577","Amsterdam_West",429,429,429,429,429,429,0,0
"11578","Amsterdam_West",119,119,119,119,119,119,0,0
"11579","Amsterdam_Oost",76,76,76,76,76,76,0,0
"11580","Amsterdam_Nieuw_west",114,114,114,114,114,114,0,0
"11581","Amsterdam_Noord",150,150,150,150,150,150,0,0
"11582","Amsterdam_West",250,250,250,250,175,240,-10,10
"11583","Amsterdam_Oost",180,180,180,180,180,180,0,0
"11584","Amsterdam_Zuid",157,157,157,179,150,179,22,22
"11585","Amsterdam_West",179,179,179,179,179,179,0,0
"11586","Amsterdam_Zuid",250,250,250,250,250,250,0,0
"11587","Amsterdam_West",110,110,110,110,110,110,0,0
"11588","Amsterdam_Center",125,125,125,125,125,125,0,0
"11589","Amsterdam_Center",120,140,140,140,140,140,20,20
"11590","Amsterdam_West",120,120,120,120,120,120,0,0
"11591","Amsterdam_Center",120,120,120,120,120,120,0,0
"11592","Amsterdam_Oost",160,160,160,160,160,160,0,0
"11593","Amsterdam_West",261,250,250,250,250,250,-11,11
"11594","Amsterdam_Nieuw_west",105,105,105,105,105,105,0,0
"11595","Amsterdam_Oost",135,135,135,135,135,135,0,0
"11596","Amsterdam_West",350,350,350,350,350,350,0,0
"11597","Amsterdam_West",115,115,115,115,115,115,0,0
"11598","Amsterdam_Zuidoost",85,85,85,85,85,85,0,0
"11599","Amsterdam_Center",125,125,125,125,125,125,0,0
"11600","Amsterdam_West",300,300,300,300,300,300,0,0
"11601","Amsterdam_Oost",80,80,80,80,80,80,0,0
"11602","Amsterdam_West",119,119,119,119,119,119,0,0
"11603","Amsterdam_Noord",175,175,175,175,175,175,0,0
"11604","Amsterdam_Oost",200,200,200,200,200,200,0,0
"11605","Amsterdam_Zuid",350,350,350,350,350,350,0,0
"11606","Amsterdam_Zuid",199,199,199,199,199,199,0,0
"11607","Amsterdam_Oost",130,130,130,130,130,130,0,0
"11608","Amsterdam_Zuid",37,26,28,36,75,75,38,38
"11609","Amsterdam_Noord",215,215,215,215,215,215,0,0
"11610","Amsterdam_Zuid",157,157,157,165,179,144,-13,13
"11611","Amsterdam_Zuid",800,800,800,800,800,800,0,0
"11612","Amsterdam_West",135,135,135,135,135,135,0,0
"11613","Amsterdam_Noord",98,98,98,98,98,98,0,0
"11614","Amsterdam_Center",250,250,250,250,250,250,0,0
"11615","Amsterdam_Oost",100,100,100,100,100,100,0,0
"11616","Amsterdam_West",200,200,200,200,200,200,0,0
"11617","Amsterdam_Zuid",166,166,166,166,166,166,0,0
"11618","Amsterdam_West",125,125,125,125,125,125,0,0
"11619","Amsterdam_West",120,120,120,120,120,120,0,0
"11620","Amsterdam_Zuid",65,65,65,65,65,65,0,0
"11621","Amsterdam_West",150,150,150,150,150,150,0,0
"11622","Amsterdam_Oost",175,175,175,175,175,175,0,0
"11623","Amsterdam_West",180,180,180,180,180,180,0,0
"11624","Amsterdam_Center",128,128,147,167,187,201,73,73
"11625","Amsterdam_Center",190,190,190,190,190,190,0,0
"11626","Amsterdam_Zuid",350,350,350,350,350,350,0,0
"11627","Amsterdam_Zuid",250,250,250,250,250,250,0,0
"11628","Amsterdam_West",100,100,100,100,100,100,0,0
"11629","Amsterdam_Center",229,229,229,229,229,229,0,0
"11630","Amsterdam_Center",206,206,206,206,206,206,0,0
"11631","Amsterdam_Oost",150,150,150,150,100,150,0,0
"11632","Amsterdam_West",229,229,229,229,229,229,0,0
"11633","Amsterdam_West",220,220,220,220,220,220,0,0
"11634","Amsterdam_Nieuw_west",300,300,300,300,300,300,0,0
"11635","Amsterdam_West",125,125,125,125,125,125,0,0
"11636","Amsterdam_Zuidoost",62,62,62,62,62,62,0,0
"11637","Amsterdam_Noord",155,155,155,155,155,155,0,0
"11638","Amsterdam_Center",260,260,260,260,260,260,0,0
"11639","Amsterdam_West",150,150,150,150,161,129,-21,21
"11640","Amsterdam_Zuid",250,250,350,350,500,500,250,250
"11641","Amsterdam_West",120,120,120,120,120,120,0,0
"11642","Amsterdam_West",90,90,90,90,90,90,0,0
"11643","Amsterdam_Oost",225,225,225,225,225,225,0,0
"11644","Amsterdam_West",153,153,153,153,153,153,0,0
"11645","Amsterdam_Zuid",210,210,500,393,500,500,290,290
"11646","Amsterdam_Oost",180,180,180,180,180,180,0,0
"11647","Amsterdam_West",165,165,165,165,165,165,0,0
"11648","Amsterdam_West",105,105,105,105,105,105,0,0
"11649","Amsterdam_West",75,75,75,75,85,60,-15,15
"11650","Amsterdam_West",150,150,150,150,150,150,0,0
"11651","Amsterdam_West",140,140,140,140,140,140,0,0
"11652","Amsterdam_West",92,92,92,92,92,92,0,0
"11653","Amsterdam_Zuid",200,200,200,200,200,200,0,0
"11654","Amsterdam_West",130,130,130,130,130,130,0,0
"11655","Amsterdam_Oost",120,120,120,120,120,120,0,0
"11656","Amsterdam_West",90,90,90,90,90,90,0,0
"11657","Amsterdam_Noord",50,50,50,50,50,50,0,0
"11658","Amsterdam_West",60,60,60,60,60,60,0,0
"11659","Amsterdam_West",103,103,103,103,103,103,0,0
"11660","Amsterdam_West",80,80,80,63,80,80,0,0
"11661","Amsterdam_West",20,20,80,71,33,80,60,60
"11662","Amsterdam_West",120,120,120,120,120,120,0,0
"11663","Amsterdam_Center",186,186,186,186,186,186,0,0
"11664","Amsterdam_Zuid",190,190,190,190,190,190,0,0
"11665","Amsterdam_Noord",249,249,249,249,249,249,0,0
"11666","Amsterdam_Center",100,80,80,80,80,80,-20,20
"11667","Amsterdam_Oost",120,120,120,120,120,120,0,0
"11668","Amsterdam_West",186,186,186,186,186,186,0,0
"11669","Amsterdam_West",125,125,125,125,125,125,0,0
"11670","Amsterdam_Oost",599,599,599,599,599,599,0,0
"11671","Amsterdam_Nieuw_west",106,106,106,106,106,88,-18,18
"11672","Amsterdam_West",129,129,129,129,129,129,0,0
"11673","Amsterdam_Oost",220,220,220,220,220,220,0,0
"11674","Amsterdam_Nieuw_west",78,78,78,78,78,78,0,0
"11675","Amsterdam_Oost",149,149,149,149,149,149,0,0
"11676","Amsterdam_Oost",85,85,85,85,85,85,0,0
"11677","Amsterdam_West",150,150,150,150,150,150,0,0
"11678","Amsterdam_West",70,66,79,79,79,79,9,9
"11679","Amsterdam_Noord",100,100,100,100,100,100,0,0
"11680","Amsterdam_Noord",70,70,70,70,70,70,0,0
"11681","Amsterdam_West",177,177,177,177,177,177,0,0
"11682","Amsterdam_Zuid",90,90,90,90,90,90,0,0
"11683","Amsterdam_Oost",124,124,124,124,124,124,0,0
"11684","Amsterdam_Noord",77,77,77,77,77,70,-7,7
"11685","Amsterdam_Zuidoost",60,60,60,60,60,60,0,0
"11686","Amsterdam_Noord",45,40,40,42,40,45,0,0
"11687","Amsterdam_Zuid",75,75,75,75,75,75,0,0
"11688","Amsterdam_Zuid",150,90,90,90,90,90,-60,60
"11689","Amsterdam_West",89,89,89,89,89,89,0,0
"11690","Amsterdam_Oost",468,367,369,250,250,250,-218,218
"11691","Amsterdam_West",124,124,124,124,124,124,0,0
"11692","Amsterdam_Noord",130,130,130,130,130,130,0,0
"11693","Amsterdam_Zuid",120,120,120,120,120,120,0,0
"11694","Amsterdam_West",45,45,45,45,45,45,0,0
"11695","Amsterdam_Center",70,70,70,70,70,70,0,0
"11696","Amsterdam_Zuidoost",84,84,84,84,84,84,0,0
"11697","Amsterdam_Center",300,300,300,300,300,300,0,0
"11698","Amsterdam_Center",150,150,150,150,150,150,0,0
"11699","Amsterdam_Oost",120,120,120,120,120,120,0,0
"11700","Amsterdam_Zuid",125,125,125,125,125,125,0,0
"11701","Amsterdam_Oost",110,110,110,110,110,110,0,0
"11702","Amsterdam_West",225,225,225,225,225,225,0,0
"11703","Amsterdam_Oost",91,91,91,91,91,91,0,0
"11704","Amsterdam_West",130,130,130,130,130,130,0,0
"11705","Amsterdam_Zuid",150,150,150,150,150,150,0,0
"11706","Amsterdam_Zuidoost",70,70,70,70,70,70,0,0
"11707","Amsterdam_Zuid",215,215,215,215,215,215,0,0
"11708","Amsterdam_Oost",112,112,112,112,112,112,0,0
"11709","Amsterdam_Oost",140,140,140,140,140,140,0,0
"11710","Amsterdam_Zuid",145,145,145,145,145,145,0,0
"11711","Amsterdam_West",68,68,68,68,68,68,0,0
"11712","Amsterdam_Oost",400,400,400,400,400,400,0,0
"11713","Amsterdam_West",150,150,150,150,150,150,0,0
"11714","Amsterdam_Zuid",100,100,100,100,100,100,0,0
"11715","Amsterdam_Center",116,116,116,116,144,160,44,44
"11716","Amsterdam_West",65,65,65,65,65,65,0,0
"11717","Amsterdam_Center",80,80,80,80,80,80,0,0
"11718","Amsterdam_Zuid",160,160,160,160,160,160,0,0
"11719","Amsterdam_Zuid",180,180,180,180,180,180,0,0
"11720","Amsterdam_West",200,200,200,200,200,200,0,0
"11721","Amsterdam_West",100,100,100,100,100,100,0,0
"11722","Amsterdam_Oost",80,80,80,80,80,80,0,0
"11723","Amsterdam_Zuid",135,135,135,165,250,250,115,115
"11724","Amsterdam_West",60,79,80,80,63,71,11,11
"11725","Amsterdam_Zuid",50,50,50,50,50,50,0,0
"11726","Amsterdam_Center",85,85,85,85,85,85,0,0
"11727","Amsterdam_Noord",80,80,80,80,100,100,20,20
"11728","Amsterdam_West",125,125,125,125,125,125,0,0
"11729","Amsterdam_Center",63,80,80,59,70,61,-2,2
"11730","Amsterdam_West",47,47,47,47,47,47,0,0
"11731","Amsterdam_Zuid",131,131,131,131,131,131,0,0
"11732","Amsterdam_Oost",135,135,135,135,135,135,0,0
"11733","Amsterdam_Noord",115,115,115,115,115,130,15,15
"11734","Amsterdam_Noord",115,115,115,115,115,115,0,0
"11735","Amsterdam_Zuidoost",65,65,65,65,65,65,0,0
"11736","Amsterdam_Center",225,225,225,225,225,225,0,0
"11737","Amsterdam_West",200,200,200,200,200,200,0,0
"11738","Amsterdam_Zuid",139,139,139,139,120,120,-19,19
"11739","Amsterdam_Zuid",140,140,140,140,140,140,0,0
"11740","Amsterdam_West",89,89,89,89,89,89,0,0
"11741","Amsterdam_West",180,180,180,180,180,180,0,0
"11742","Amsterdam_West",130,130,130,130,130,130,0,0
"11743","Amsterdam_Oost",115,149,149,149,149,149,34,34
"11744","Amsterdam_West",100,100,100,100,100,100,0,0
"11745","Amsterdam_West",110,110,110,110,110,110,0,0
"11746","Amsterdam_West",120,120,120,120,120,120,0,0
"11747","Amsterdam_West",200,200,200,200,200,200,0,0
"11748","Amsterdam_West",129,129,129,129,129,129,0,0
"11749","Amsterdam_Center",90,90,90,90,90,90,0,0
"11750","Amsterdam_West",130,130,130,130,130,130,0,0
"11751","Amsterdam_West",60,60,85,85,70,70,10,10
"11752","Amsterdam_Noord",350,350,350,350,350,350,0,0
"11753","Amsterdam_Zuid",170,170,170,170,170,170,0,0
"11754","Amsterdam_West",120,120,120,120,120,120,0,0
"11755","Amsterdam_Oost",125,125,125,125,125,125,0,0
"11756","Amsterdam_Center",99,99,99,99,99,99,0,0
"11757","Amsterdam_West",599,599,599,599,599,599,0,0
"11758","Amsterdam_Center",89,89,89,89,89,89,0,0
"11759","Amsterdam_West",180,180,180,180,180,180,0,0
"11760","Amsterdam_Zuid",40,40,40,40,40,40,0,0
"11761","Amsterdam_West",186,186,186,186,186,186,0,0
"11762","Amsterdam_West",110,110,110,110,110,110,0,0
"11763","Amsterdam_Noord",157,157,185,192,206,169,12,12
"11764","Amsterdam_Center",168,168,185,192,206,169,1,1
"11765","Amsterdam_Zuid",168,168,185,192,206,169,1,1
"11766","Amsterdam_Center",168,168,185,192,206,170,2,2
"11767","Amsterdam_West",168,168,157,165,179,144,-24,24
"11768","Amsterdam_West",146,146,168,176,190,154,8,8
"11769","Amsterdam_West",157,157,157,157,191,144,-13,13
"11770","Amsterdam_West",146,146,157,165,179,145,-1,1
"11771","Amsterdam_Zuid",400,400,400,400,400,400,0,0
"11772","Amsterdam_Zuid",200,200,200,200,200,200,0,0
"11773","Amsterdam_West",129,150,150,133,150,150,21,21
"11774","Amsterdam_Oost",225,225,225,225,225,225,0,0
"11775","Amsterdam_West",166,166,166,166,166,166,0,0
"11776","Amsterdam_West",160,160,160,160,160,160,0,0
"11777","Amsterdam_West",250,250,250,250,250,250,0,0
"11778","Amsterdam_Zuid",150,150,150,150,150,150,0,0
"11779","Amsterdam_West",119,119,119,119,119,79,-40,40
"11780","Amsterdam_West",122,150,150,150,128,111,-11,11
"11781","Amsterdam_Zuid",140,140,140,140,140,140,0,0
"11782","Amsterdam_Center",350,350,350,350,350,350,0,0
"11783","Amsterdam_West",295,295,295,295,295,295,0,0
"11784","Amsterdam_Zuid",129,129,129,129,129,129,0,0
"11785","Amsterdam_Oost",91,91,91,91,91,91,0,0
"11786","Amsterdam_West",135,135,135,135,135,135,0,0
"11787","Amsterdam_Center",136,100,80,100,100,100,-36,36
"11788","Amsterdam_Oost",45,45,45,45,45,45,0,0
"11789","Amsterdam_Oost",134,134,134,134,134,134,0,0
"11790","Amsterdam_Center",200,200,200,200,200,200,0,0
"11791","Amsterdam_West",80,80,80,80,80,80,0,0
"11792","Amsterdam_Center",325,325,325,325,325,325,0,0
"11793","Amsterdam_Zuid",125,125,125,125,125,125,0,0
"11794","Amsterdam_Center",199,200,160,200,200,200,1,1
"11795","Amsterdam_Noord",149,149,149,149,149,149,0,0
"11796","Amsterdam_Zuid",51,85,85,85,85,85,34,34
"11797","Amsterdam_Center",225,225,225,225,225,225,0,0
"11798","Amsterdam_West",119,119,119,119,119,119,0,0
"11799","Amsterdam_Oost",314,314,314,314,314,314,0,0
"11800","Amsterdam_Center",39,25,25,24,26,43,4,4
"11801","Amsterdam_Zuid",109,109,109,109,109,109,0,0
"11802","Amsterdam_Center",38,35,25,28,27,40,2,2
"11803","Amsterdam_Center",70,60,45,49,47,95,25,25
"11804","Amsterdam_Oost",120,120,120,120,120,120,0,0
"11805","Amsterdam_Oost",115,125,125,125,150,150,35,35
"11806","Amsterdam_West",140,140,140,140,140,140,0,0
"11807","Amsterdam_West",115,115,115,115,115,115,0,0
"11808","Amsterdam_Oost",80,80,80,80,80,80,0,0
"11809","Amsterdam_Oost",104,104,104,104,104,104,0,0
"11810","Amsterdam_Noord",135,135,135,135,135,169,34,34
"11811","Amsterdam_West",180,180,180,180,180,180,0,0
"11812","Amsterdam_West",95,95,95,95,95,95,0,0
"11813","Amsterdam_Center",405,400,400,400,400,535,130,130
"11814","Amsterdam_Oost",96,96,96,96,96,96,0,0
"11815","Amsterdam_Oost",50,50,54,60,68,71,21,21
"11816","Amsterdam_West",160,160,160,160,160,160,0,0
"11817","Amsterdam_West",160,160,160,160,160,160,0,0
"11818","Amsterdam_Nieuw_west",88,85,85,85,85,106,18,18
"11819","Amsterdam_Center",89,89,99,119,129,129,40,40
"11820","Amsterdam_Zuid",127,127,127,127,127,127,0,0
"11821","Amsterdam_Oost",100,100,100,100,100,100,0,0
"11822","Amsterdam_West",69,69,69,69,69,69,0,0
"11823","Amsterdam_West",115,115,115,115,115,115,0,0
"11824","Amsterdam_Oost",95,95,95,95,95,95,0,0
"11825","Amsterdam_Oost",50,50,50,50,50,50,0,0
"11826","Amsterdam_Zuid",100,100,100,100,100,100,0,0
"11827","Amsterdam_Zuid",69,69,69,69,69,69,0,0
"11828","Amsterdam_Center",125,125,125,125,125,125,0,0
"11829","Amsterdam_Zuid",75,75,75,75,75,75,0,0
"11830","Amsterdam_Nieuw_west",150,150,150,150,150,150,0,0
"11831","Amsterdam_Zuid",127,127,127,127,127,127,0,0
"11832","Amsterdam_Noord",106,87,87,119,89,119,13,13
"11833","Amsterdam_Zuid",599,599,599,599,599,599,0,0
"11834","Amsterdam_Oost",150,150,150,150,150,150,0,0
"11835","Amsterdam_West",146,146,185,192,206,169,23,23
"11836","Amsterdam_Center",45,45,45,45,45,45,0,0
"11837","Amsterdam_Zuid",170,170,170,170,170,170,0,0
"11838","Amsterdam_Nieuw_west",60,60,60,60,60,60,0,0
"11839","Amsterdam_Center",200,200,200,200,200,200,0,0
"11840","Amsterdam_West",65,65,65,65,65,65,0,0
"11841","Amsterdam_Zuid",200,200,200,200,200,200,0,0
"11842","Amsterdam_Nieuw_west",104,102,102,102,102,102,-2,2
"11843","Amsterdam_Center",225,225,225,225,225,225,0,0
"11844","Amsterdam_Noord",109,109,109,109,109,109,0,0
"11845","Amsterdam_West",233,243,243,289,312,312,79,79
"11846","Amsterdam_Center",71,40,56,69,64,74,3,3
"11847","Amsterdam_Zuidoost",49,49,49,49,49,49,0,0
"11848","Amsterdam_Center",280,280,280,280,280,280,0,0
"11849","Amsterdam_Nieuw_west",167,167,167,167,167,167,0,0
"11850","Amsterdam_West",59,59,59,59,59,59,0,0
"11851","Amsterdam_West",12,35,35,39,62,60,48,48
"11852","Amsterdam_Zuid",125,125,125,125,125,125,0,0
"11853","Amsterdam_West",247,247,247,247,247,247,0,0
"11854","Amsterdam_West",300,300,300,300,300,300,0,0
"11855","Amsterdam_Zuid",199,199,199,199,199,199,0,0
"11856","Amsterdam_West",21,20,39,50,100,100,79,79
"11857","Amsterdam_Zuid",81,81,81,81,81,81,0,0
"11858","Amsterdam_West",126,126,126,126,126,126,0,0
"11859","Amsterdam_West",51,51,51,51,51,51,0,0
"11860","Amsterdam_Zuid",100,100,100,100,100,100,0,0
"11861","Amsterdam_West",206,206,206,206,206,206,0,0
"11862","Amsterdam_Zuid",500,500,500,500,500,500,0,0
"11863","Amsterdam_West",188,188,188,188,188,188,0,0
"11864","Amsterdam_West",65,65,65,65,65,65,0,0
"11865","Amsterdam_Zuid",250,250,250,250,250,250,0,0
"11866","Amsterdam_Oost",75,75,75,75,75,75,0,0
"11867","Amsterdam_West",150,150,150,150,150,150,0,0
"11868","Amsterdam_Noord",185,185,185,185,185,185,0,0
"11869","Amsterdam_Noord",70,70,70,70,70,70,0,0
"11870","Amsterdam_Center",180,180,180,180,180,180,0,0
"11871","Amsterdam_Noord",135,135,135,135,135,135,0,0
"11872","Amsterdam_Zuid",250,250,250,156,156,156,-94,94
"11873","Amsterdam_Noord",200,200,200,200,200,200,0,0
"11874","Amsterdam_Zuid",250,250,250,250,250,250,0,0
"11875","Amsterdam_Zuid",90,90,90,90,90,90,0,0
"11876","Amsterdam_Zuid",30,30,30,30,30,30,0,0
"11877","Amsterdam_West",95,95,95,95,95,95,0,0
"11878","Amsterdam_Center",230,230,230,230,230,230,0,0
"11879","Amsterdam_Zuid",200,186,186,186,178,178,-22,22
"11880","Amsterdam_Center",295,295,295,295,295,295,0,0
"11881","Amsterdam_West",214,214,214,214,214,214,0,0
"11882","Amsterdam_Zuid",120,120,120,120,120,120,0,0
"11883","Amsterdam_Center",189,189,189,189,189,189,0,0
"11884","Amsterdam_Oost",99,99,99,99,99,99,0,0
"11885","Amsterdam_Nieuw_west",229,256,266,256,256,266,37,37
"11886","Amsterdam_West",75,75,75,75,75,75,0,0
"11887","Amsterdam_West",99,99,99,99,99,99,0,0
"11888","Amsterdam_West",80,80,80,80,80,80,0,0
"11889","Amsterdam_Zuid",100,100,100,100,100,100,0,0
"11890","Amsterdam_Noord",42,42,42,42,42,42,0,0
"11891","Amsterdam_Zuid",60,60,60,60,60,60,0,0
"11892","Amsterdam_Center",79,79,79,79,79,79,0,0
"11893","Amsterdam_West",240,240,240,240,240,240,0,0
"11894","Amsterdam_Nieuw_west",45,45,45,33,60,60,15,15
"11895","Amsterdam_West",189,189,189,189,189,189,0,0
"11896","Amsterdam_Center",100,100,100,100,100,100,0,0
"11897","Amsterdam_Center",173,145,152,154,180,139,-34,34
"11898","Amsterdam_Center",130,130,130,130,130,130,0,0
"11899","Amsterdam_Nieuw_west",88,88,88,88,91,91,3,3
"11900","Amsterdam_Nieuw_west",89,89,89,89,92,92,3,3
"11901","Amsterdam_Oost",300,181,176,199,235,150,-150,150
"11902","Amsterdam_Center",124,124,124,124,124,124,0,0
"11903","Amsterdam_Oost",210,210,210,210,210,210,0,0
"11904","Amsterdam_Oost",50,50,50,50,50,50,0,0
"11905","Amsterdam_West",219,219,219,219,219,219,0,0
"11906","Amsterdam_West",65,65,65,65,65,65,0,0
"11907","Amsterdam_Zuid",45,45,45,45,45,45,0,0
"11908","Amsterdam_Zuid",61,61,61,61,61,61,0,0
"11909","Amsterdam_Center",220,460,460,460,460,460,240,240
"11910","Amsterdam_Center",220,380,380,380,380,380,160,160
"11911","Amsterdam_West",150,150,150,150,150,150,0,0
"11912","Amsterdam_West",200,200,200,200,200,200,0,0
"11913","Amsterdam_Center",274,274,274,274,274,274,0,0
"11914","Amsterdam_Oost",175,175,175,175,175,175,0,0
"11915","Amsterdam_Oost",499,499,499,499,499,499,0,0
"11916","Amsterdam_Noord",150,150,150,150,150,150,0,0
"11917","Amsterdam_Oost",100,100,100,100,100,100,0,0
"11918","Amsterdam_Oost",110,110,110,110,110,110,0,0
"11919","Amsterdam_West",19,19,22,24,67,67,48,48
"11920","Amsterdam_Oost",65,65,65,65,65,65,0,0
"11921","Amsterdam_Zuid",200,200,200,200,200,200,0,0
"11922","Amsterdam_Oost",75,75,75,75,185,176,101,101
"11923","Amsterdam_Center",245,245,245,245,245,245,0,0
"11924","Amsterdam_West",100,100,100,100,100,100,0,0
"11925","Amsterdam_West",350,350,350,350,350,350,0,0
"11926","Amsterdam_Zuid",276,276,276,276,276,276,0,0
"11927","Amsterdam_Zuidoost",198,198,198,198,198,198,0,0
"11928","Amsterdam_Center",109,109,109,109,109,109,0,0
"11929","Amsterdam_Oost",149,149,149,149,149,169,20,20
"11930","Amsterdam_Center",370,370,370,370,370,370,0,0
"11931","Amsterdam_West",150,150,150,150,150,150,0,0
"11932","Amsterdam_Zuid",220,220,220,220,220,220,0,0
"11933","Amsterdam_Nieuw_west",79,79,79,79,79,79,0,0
"11934","Amsterdam_Oost",199,199,199,199,199,199,0,0
"11935","Amsterdam_Zuid",94,80,86,92,98,96,2,2
"11936","Amsterdam_Center",170,170,170,170,170,170,0,0
"11937","Amsterdam_Oost",232,232,232,232,232,232,0,0
"11938","Amsterdam_West",80,80,80,80,80,80,0,0
"11939","Amsterdam_West",179,179,179,179,179,179,0,0
"11940","Amsterdam_Noord",157,157,168,176,190,155,-2,2
"11941","Amsterdam_West",70,70,70,70,70,70,0,0
"11942","Amsterdam_Oost",76,66,76,45,74,74,-2,2
"11943","Amsterdam_Center",295,206,217,219,265,316,21,21
"11944","Amsterdam_Zuid",70,70,70,70,70,70,0,0
"11945","Amsterdam_Zuid",125,125,125,125,125,125,0,0
"11946","Amsterdam_Zuid",213,213,213,213,213,213,0,0
"11947","Amsterdam_West",145,145,145,145,145,145,0,0
"11948","Amsterdam_Oost",75,75,75,75,75,75,0,0
"11949","Amsterdam_West",250,250,250,250,250,250,0,0
"11950","Amsterdam_Zuid",200,200,200,200,200,200,0,0
"11951","Amsterdam_Oost",150,150,150,150,150,150,0,0
"11952","Amsterdam_Center",99,99,99,99,99,99,0,0
"11953","Amsterdam_Noord",75,75,75,75,75,75,0,0
"11954","Amsterdam_Nieuw_west",121,121,121,121,121,121,0,0
"11955","Amsterdam_Noord",120,120,120,120,120,120,0,0
"11956","Amsterdam_Center",99,99,99,99,99,99,0,0
"11957","Amsterdam_Zuidoost",38,38,38,38,38,38,0,0
"11958","Amsterdam_Zuid",150,150,150,150,150,150,0,0
"11959","Amsterdam_Oost",130,130,130,130,130,130,0,0
"11960","Amsterdam_Noord",30,30,30,30,30,30,0,0
"11961","Amsterdam_Noord",95,95,95,95,95,95,0,0
"11962","Amsterdam_Noord",135,135,135,135,135,135,0,0
"11963","Amsterdam_West",220,220,220,220,220,220,0,0
"11964","Amsterdam_West",115,115,115,115,115,115,0,0
"11965","Amsterdam_Zuid",257,282,221,282,282,282,25,25
"11966","Amsterdam_Zuid",300,300,300,300,300,300,0,0
"11967","Amsterdam_West",93,93,93,93,93,93,0,0
"11968","Amsterdam_West",130,130,130,130,130,130,0,0
"11969","Amsterdam_West",138,138,138,138,138,138,0,0
"11970","Amsterdam_Zuid",240,240,240,240,240,240,0,0
"11971","Amsterdam_Center",149,149,149,149,149,149,0,0
"11972","Amsterdam_Oost",116,116,116,116,116,116,0,0
"11973","Amsterdam_Zuid",185,185,185,185,185,185,0,0
"11974","Amsterdam_West",155,155,155,155,155,155,0,0
"11975","Amsterdam_Noord",100,120,120,120,120,140,40,40
"11976","Amsterdam_Center",120,130,130,130,130,131,11,11
"11977","Amsterdam_West",180,180,180,180,180,180,0,0
"11978","Amsterdam_West",64,64,64,64,64,64,0,0
"11979","Amsterdam_Center",40,40,40,40,40,40,0,0
"11980","Amsterdam_Center",97,97,97,97,97,97,0,0
"11981","Amsterdam_Oost",100,94,80,80,80,80,-20,20
"11982","Amsterdam_Zuid",140,140,140,140,140,140,0,0
"11983","Amsterdam_Oost",150,150,150,150,150,150,0,0
"11984","Amsterdam_West",200,200,200,200,200,200,0,0
"11985","Amsterdam_Zuid",119,119,119,119,119,119,0,0
"11986","Amsterdam_Oost",80,80,80,80,80,80,0,0
"11987","Amsterdam_Nieuw_west",100,100,100,100,100,100,0,0
"11988","Amsterdam_West",125,125,125,125,125,125,0,0
"11989","Amsterdam_West",90,90,90,90,90,90,0,0
"11990","Amsterdam_West",50,50,50,50,50,50,0,0
"11991","Amsterdam_Center",190,170,170,170,240,185,-5,5
"11992","Amsterdam_West",110,110,110,110,110,110,0,0
"11993","Amsterdam_Center",400,396,366,400,400,400,0,0
"11994","Amsterdam_Zuid",100,100,100,100,100,100,0,0
"11995","Amsterdam_Nieuw_west",75,75,75,75,75,75,0,0
"11996","Amsterdam_West",240,240,240,240,240,240,0,0
"11997","Amsterdam_West",129,129,129,129,129,129,0,0
"11998","Amsterdam_Nieuw_west",80,80,80,80,80,80,0,0
"11999","Amsterdam_Zuid",165,153,153,153,153,153,-12,12
"12000","Amsterdam_West",375,375,375,375,375,375,0,0
"12001","Amsterdam_Nieuw_west",104,104,104,104,104,104,0,0
"12002","Amsterdam_Zuid",206,175,175,175,175,175,-31,31
"12003","Amsterdam_Zuid",200,200,200,200,200,200,0,0
"12004","Amsterdam_Noord",95,95,95,95,95,95,0,0
"12005","Amsterdam_Center",129,129,129,129,129,129,0,0
"12006","Amsterdam_Center",135,135,135,135,100,135,0,0
"12007","Amsterdam_West",3000,3000,3000,3000,3000,3000,0,0
"12008","Amsterdam_Zuid",140,140,140,140,140,140,0,0
"12009","Amsterdam_West",79,79,79,79,79,79,0,0
"12010","Amsterdam_Noord",300,264,253,245,220,220,-80,80
"12011","Amsterdam_Zuid",150,150,150,150,150,150,0,0
"12012","Amsterdam_Center",399,399,399,399,399,399,0,0
"12013","Amsterdam_Center",198,198,198,198,198,210,12,12
"12014","Amsterdam_Oost",157,157,168,176,190,154,-3,3
"12015","Amsterdam_Center",506,506,506,506,506,506,0,0
"12016","Amsterdam_Noord",139,139,139,139,139,139,0,0
"12017","Amsterdam_Oost",35,35,35,35,35,35,0,0
"12018","Amsterdam_West",120,120,120,120,120,120,0,0
"12019","Amsterdam_Nieuw_west",95,95,95,95,95,95,0,0
"12020","Amsterdam_Oost",350,350,350,350,350,350,0,0
"12021","Amsterdam_West",99,99,99,99,99,99,0,0
"12022","Amsterdam_Zuid",400,400,400,400,400,350,-50,50
"12023","Amsterdam_Zuid",120,120,120,120,120,120,0,0
"12024","Amsterdam_Center",140,140,140,140,140,140,0,0
"12025","Amsterdam_West",50,50,50,50,50,50,0,0
"12026","Amsterdam_Oost",225,225,225,225,225,225,0,0
"12027","Amsterdam_West",245,245,245,245,245,245,0,0
"12028","Amsterdam_Center",79,76,60,60,52,61,-18,18
"12029","Amsterdam_Center",55,55,55,55,55,55,0,0
"12030","Amsterdam_Oost",599,599,599,599,599,599,0,0
"12031","Amsterdam_Zuid",200,200,200,200,200,200,0,0
"12032","Amsterdam_West",41,41,41,41,40,40,-1,1
"12033","Amsterdam_Nieuw_west",80,80,80,80,80,80,0,0
"12034","Amsterdam_Nieuw_west",150,150,150,150,150,150,0,0
"12035","Amsterdam_Center",100,100,100,100,100,100,0,0
"12036","Amsterdam_Center",300,300,300,300,300,300,0,0
"12037","Amsterdam_Nieuw_west",80,80,80,80,80,80,0,0
"12038","Amsterdam_West",100,100,100,100,100,100,0,0
"12039","Amsterdam_West",125,125,85,85,85,85,-40,40
"12040","Amsterdam_Center",40,25,30,25,25,36,-4,4
"12041","Amsterdam_West",200,200,200,200,200,200,0,0
"12042","Amsterdam_Center",40,25,27,20,25,36,-4,4
"12043","Amsterdam_West",110,110,110,110,110,110,0,0
"12044","Amsterdam_West",79,79,79,79,79,79,0,0
"12045","Amsterdam_West",230,230,230,230,230,230,0,0
"12046","Amsterdam_Zuid",319,319,500,500,500,500,181,181
"12047","Amsterdam_Oost",90,90,90,90,90,90,0,0
"12048","Amsterdam_West",175,175,175,175,175,175,0,0
"12049","Amsterdam_West",59,59,59,59,59,59,0,0
"12050","Amsterdam_Oost",79,79,79,79,79,79,0,0
"12051","Amsterdam_Zuid",90,90,90,90,90,90,0,0
"12052","Amsterdam_Noord",295,295,295,295,295,295,0,0
"12053","Amsterdam_West",119,119,119,119,119,119,0,0
"12054","Amsterdam_Oost",150,150,150,150,150,150,0,0
"12055","Amsterdam_Zuid",150,150,150,150,150,150,0,0
"12056","Amsterdam_Zuid",220,220,220,220,220,220,0,0
"12057","Amsterdam_West",150,150,150,150,150,150,0,0
"12058","Amsterdam_Oost",60,60,60,60,60,60,0,0
"12059","Amsterdam_Nieuw_west",130,130,136,109,130,140,10,10
"12060","Amsterdam_Center",300,300,300,300,300,300,0,0
"12061","Amsterdam_Zuid",120,120,120,120,120,120,0,0
"12062","Amsterdam_West",140,140,140,140,140,140,0,0
"12063","Amsterdam_West",110,110,110,110,110,110,0,0
"12064","Amsterdam_West",119,119,119,119,119,119,0,0
"12065","Amsterdam_Center",240,240,240,240,240,240,0,0
"12066","Amsterdam_Oost",55,55,55,55,55,55,0,0
"12067","Amsterdam_West",132,132,132,132,132,132,0,0
"12068","Amsterdam_West",114,114,114,114,114,114,0,0
"12069","Amsterdam_Center",155,155,155,155,155,155,0,0
"12070","Amsterdam_West",350,350,350,350,350,350,0,0
"12071","Amsterdam_West",130,130,130,130,130,130,0,0
"12072","Amsterdam_Oost",190,190,190,190,190,190,0,0
"12073","Amsterdam_Center",198,198,198,198,198,198,0,0
"12074","Amsterdam_West",150,150,150,150,150,150,0,0
"12075","Amsterdam_Oost",80,80,80,80,80,80,0,0
"12076","Amsterdam_West",58,58,58,58,58,58,0,0
"12077","Amsterdam_West",115,115,115,115,115,115,0,0
"12078","Amsterdam_Nieuw_west",90,90,90,90,90,90,0,0
"12079","Amsterdam_Center",190,190,190,190,190,190,0,0
"12080","Amsterdam_Nieuw_west",80,80,80,80,80,80,0,0
"12081","Amsterdam_Zuid",150,150,150,150,150,150,0,0
"12082","Amsterdam_West",185,185,185,185,185,185,0,0
"12083","Amsterdam_Zuid",74,74,74,74,74,74,0,0
"12084","Amsterdam_West",200,200,200,200,200,200,0,0
"12085","Amsterdam_West",50,50,50,50,50,50,0,0
"12086","Amsterdam_Center",54,48,39,42,69,39,-15,15
"12087","Amsterdam_Oost",120,120,120,120,120,120,0,0
"12088","Amsterdam_West",90,90,90,90,90,90,0,0
"12089","Amsterdam_West",140,140,140,140,140,140,0,0
"12090","Amsterdam_West",60,60,60,60,60,60,0,0
"12091","Amsterdam_Zuidoost",55,55,55,55,55,55,0,0
"12092","Amsterdam_Zuidoost",40,40,40,40,40,40,0,0
"12093","Amsterdam_Zuid",150,150,150,150,150,150,0,0
"12094","Amsterdam_Center",250,250,250,250,250,250,0,0
"12095","Amsterdam_Zuid",92,92,92,92,92,92,0,0
"12096","Amsterdam_Oost",327,485,379,350,466,459,132,132
"12097","Amsterdam_Oost",110,110,110,110,110,110,0,0
"12098","Amsterdam_Center",1900,1900,1900,1900,1900,1459,-441,441
"12099","Amsterdam_Zuid",129,129,129,129,129,129,0,0
"12100","Amsterdam_West",75,75,75,75,75,75,0,0
"12101","Amsterdam_West",202,202,202,202,202,202,0,0
"12102","Amsterdam_Nieuw_west",90,90,90,90,90,90,0,0
"12103","Amsterdam_Noord",245,245,245,245,245,245,0,0
"12104","Amsterdam_Zuid",146,146,146,146,146,146,0,0
"12105","Amsterdam_Noord",225,225,225,225,225,225,0,0
"12106","Amsterdam_West",210,210,210,210,210,210,0,0
"12107","Amsterdam_Center",185,205,175,180,199,216,31,31
"12108","Amsterdam_Oost",150,150,150,150,150,150,0,0
"12109","Amsterdam_Noord",65,65,65,65,65,65,0,0
"12110","Amsterdam_Center",104,165,225,224,173,154,50,50
"12111","Amsterdam_Center",93,96,486,221,155,332,239,239
"12112","Amsterdam_Oost",160,160,160,160,160,160,0,0
"12113","Amsterdam_Oost",36,55,55,55,55,55,19,19
"12114","Amsterdam_Zuid",95,95,95,95,95,95,0,0
"12115","Amsterdam_Oost",100,100,100,100,100,100,0,0
"12116","Amsterdam_Oost",95,95,95,95,95,95,0,0
"12117","Amsterdam_Oost",120,120,120,120,120,120,0,0
"12118","Amsterdam_Center",110,110,110,110,110,110,0,0
"12119","Amsterdam_Center",122,122,122,122,122,122,0,0
"12120","Amsterdam_Noord",125,125,125,125,125,125,0,0
"12121","Amsterdam_West",150,150,150,150,150,150,0,0
"12122","Amsterdam_West",99,99,99,99,99,99,0,0
"12123","Amsterdam_Noord",138,138,138,138,138,138,0,0
"12124","Amsterdam_West",599,599,599,599,599,599,0,0
"12125","Amsterdam_Zuid",130,123,122,130,130,130,0,0
"12126","Amsterdam_West",89,89,89,89,89,89,0,0
"12127","Amsterdam_West",100,220,160,160,160,160,60,60
"12128","Amsterdam_Zuid",185,185,185,185,185,185,0,0
"12129","Amsterdam_Oost",90,90,79,93,93,65,-25,25
"12130","Amsterdam_Center",800,800,800,800,800,800,0,0
"12131","Amsterdam_Oost",119,119,119,119,119,119,0,0
"12132","Amsterdam_Oost",79,79,79,79,79,79,0,0
"12133","Amsterdam_Zuid",140,140,140,140,140,140,0,0
"12134","Amsterdam_West",90,90,90,90,90,90,0,0
"12135","Amsterdam_Center",200,200,200,200,200,300,100,100
"12136","Amsterdam_Center",144,201,212,183,240,241,97,97
"12137","Amsterdam_Center",100,160,167,174,167,147,47,47
"12138","Amsterdam_Center",99,103,166,220,443,431,332,332
"12139","Amsterdam_Center",89,89,89,89,89,89,0,0
"12140","Amsterdam_Zuid",265,265,265,265,265,265,0,0
"12141","Amsterdam_West",85,85,85,85,85,85,0,0
"12142","Amsterdam_West",160,160,160,160,160,160,0,0
"12143","Amsterdam_West",185,185,185,185,185,185,0,0
"12144","Amsterdam_West",298,298,298,298,348,348,50,50
"12145","Amsterdam_Center",75,75,75,75,75,75,0,0
"12146","Amsterdam_Zuid",185,185,185,185,185,185,0,0
"12147","Amsterdam_Center",86,149,168,159,223,158,72,72
"12148","Amsterdam_Center",103,109,278,177,343,486,383,383
"12149","Amsterdam_West",103,109,133,130,185,128,25,25
"12150","Amsterdam_Center",113,120,147,143,152,141,28,28
"12151","Amsterdam_West",172,183,223,253,228,260,88,88
"12152","Amsterdam_West",222,315,228,258,235,244,22,22
"12153","Amsterdam_West",125,125,125,125,125,125,0,0
"12154","Amsterdam_Zuid",50,50,50,50,50,50,0,0
"12155","Amsterdam_Nieuw_west",120,120,120,120,120,120,0,0
"12156","Amsterdam_Noord",180,180,180,180,180,180,0,0
"12157","Amsterdam_Oost",195,195,195,195,195,195,0,0
"12158","Amsterdam_Zuid",350,350,350,350,350,350,0,0
"12159","Amsterdam_West",150,150,150,150,150,150,0,0
"12160","Amsterdam_West",165,165,165,165,165,165,0,0
"12161","Amsterdam_Nieuw_west",92,92,92,92,92,92,0,0
"12162","Amsterdam_Nieuw_west",123,123,123,123,123,123,0,0
"12163","Amsterdam_Zuid",171,171,171,171,293,293,122,122
"12164","Amsterdam_West",88,88,88,88,88,88,0,0
"12165","Amsterdam_West",130,130,130,130,130,130,0,0
"12166","Amsterdam_Oost",75,75,75,75,75,75,0,0
"12167","Amsterdam_Oost",125,125,125,125,125,125,0,0
"12168","Amsterdam_Center",104,104,104,104,104,104,0,0
"12169","Amsterdam_Oost",125,125,125,125,125,125,0,0
"12170","Amsterdam_Center",50,60,60,60,60,60,10,10
"12171","Amsterdam_Zuid",250,250,250,250,250,250,0,0
"12172","Amsterdam_Oost",55,55,55,55,55,55,0,0
"12173","Amsterdam_Oost",200,200,200,200,200,200,0,0
"12174","Amsterdam_Noord",120,120,120,120,120,120,0,0
"12175","Amsterdam_Zuid",265,265,265,265,265,265,0,0
"12176","Amsterdam_Center",45,45,85,85,85,85,40,40
"12177","Amsterdam_West",175,175,175,175,175,175,0,0
"12178","Amsterdam_West",235,235,235,235,235,235,0,0
"12179","Amsterdam_Oost",80,80,80,80,80,80,0,0
"12180","Amsterdam_Zuid",189,189,189,189,189,189,0,0
"12181","Amsterdam_West",99,99,99,99,99,99,0,0
"12182","Amsterdam_Zuid",250,250,250,250,250,250,0,0
"12183","Amsterdam_Oost",150,150,150,150,150,150,0,0
"12184","Amsterdam_Center",250,250,250,250,250,250,0,0
"12185","Amsterdam_West",80,80,80,80,80,80,0,0
"12186","Amsterdam_Oost",140,140,140,140,140,140,0,0
"12187","Amsterdam_Center",374,374,374,374,374,374,0,0
"12188","Amsterdam_Zuid",100,100,100,100,100,100,0,0
"12189","Amsterdam_Oost",147,187,231,213,257,219,72,72
"12190","Amsterdam_Oost",284,173,357,486,486,486,202,202
"12191","Amsterdam_Center",180,173,387,284,268,486,306,306
"12192","Amsterdam_Oost",179,212,268,203,314,267,88,88
"12193","Amsterdam_Noord",160,160,160,160,160,160,0,0
"12194","Amsterdam_West",100,100,100,100,100,100,0,0
"12195","Amsterdam_West",100,100,100,100,100,100,0,0
"12196","Amsterdam_West",200,200,200,200,200,200,0,0
"12197","Amsterdam_Noord",164,164,164,164,164,164,0,0
"12198","Amsterdam_West",120,120,120,120,120,120,0,0
"12199","Amsterdam_West",200,129,129,200,225,225,25,25
"12200","Amsterdam_Zuid",129,129,129,129,129,129,0,0
"12201","Amsterdam_Center",150,150,150,150,150,150,0,0
"12202","Amsterdam_Noord",65,65,65,65,65,65,0,0
"12203","Amsterdam_Zuid",104,100,100,100,100,100,-4,4
"12204","Amsterdam_Noord",150,150,150,150,150,150,0,0
"12205","Amsterdam_Nieuw_west",119,119,119,119,119,119,0,0
"12206","Amsterdam_West",125,125,125,125,125,125,0,0
"12207","Amsterdam_Noord",148,148,148,148,148,148,0,0
"12208","Amsterdam_West",599,599,599,599,599,599,0,0
"12209","Amsterdam_Oost",100,100,100,100,100,100,0,0
"12210","Amsterdam_Oost",62,62,62,62,62,62,0,0
"12211","Amsterdam_Oost",105,105,105,105,105,105,0,0
"12212","Amsterdam_Center",257,202,211,173,254,306,49,49
"12213","Amsterdam_Center",154,449,345,222,256,359,205,205
"12214","Amsterdam_Center",168,211,153,226,272,244,76,76
"12215","Amsterdam_Center",194,232,175,213,313,234,40,40
"12216","Amsterdam_Center",180,177,167,204,299,253,73,73
"12217","Amsterdam_Oost",100,100,100,100,100,100,0,0
"12218","Amsterdam_Oost",140,140,140,140,140,140,0,0
"12219","Amsterdam_West",70,70,70,70,70,70,0,0
"12220","Amsterdam_West",150,150,150,165,165,165,15,15
"12221","Amsterdam_Oost",120,120,120,120,120,120,0,0
"12222","Amsterdam_Nieuw_west",60,60,60,60,60,60,0,0
"12223","Amsterdam_Nieuw_west",78,78,78,78,78,78,0,0
"12224","Amsterdam_West",120,120,120,120,120,120,0,0
"12225","Amsterdam_Zuid",175,175,175,175,175,175,0,0
"12226","Amsterdam_Oost",160,160,160,160,160,160,0,0
"12227","Amsterdam_Center",268,195,195,195,195,213,-55,55
"12228","Amsterdam_Oost",90,90,90,90,90,90,0,0
"12229","Amsterdam_Oost",150,150,150,150,120,120,-30,30
"12230","Amsterdam_West",131,133,137,139,138,139,8,8
"12231","Amsterdam_West",150,150,150,150,150,150,0,0
"12232","Amsterdam_West",198,198,198,198,198,198,0,0
"12233","Amsterdam_Zuid",150,150,150,150,150,150,0,0
"12234","Amsterdam_Oost",100,100,100,100,100,100,0,0
"12235","Amsterdam_West",300,222,300,300,400,400,100,100
"12236","Amsterdam_Center",300,296,234,234,234,234,-66,66
"12237","Amsterdam_West",270,270,270,270,270,270,0,0
"12238","Amsterdam_Center",113,113,113,113,113,113,0,0
"12239","Amsterdam_Center",180,180,180,180,180,180,0,0
"12240","Amsterdam_West",160,160,160,160,160,160,0,0
"12241","Amsterdam_West",165,165,165,165,165,165,0,0
"12242","Amsterdam_Center",275,275,275,275,275,275,0,0
"12243","Amsterdam_Zuid",95,95,95,95,95,95,0,0
"12244","Amsterdam_Zuid",50,50,50,50,50,50,0,0
"12245","Amsterdam_Zuid",99,99,99,99,99,99,0,0
"12246","Amsterdam_Oost",100,100,100,100,100,100,0,0
"12247","Amsterdam_Oost",110,110,110,110,110,110,0,0
"12248","Amsterdam_Center",48,44,48,51,54,40,-8,8
"12249","Amsterdam_Zuid",140,140,140,140,140,140,0,0
"12250","Amsterdam_Oost",25,25,25,25,25,25,0,0
"12251","Amsterdam_Center",110,110,110,110,110,110,0,0
"12252","Amsterdam_West",150,150,150,150,150,150,0,0
"12253","Amsterdam_West",90,90,90,90,90,90,0,0
"12254","Amsterdam_West",395,395,395,395,395,395,0,0
"12255","Amsterdam_Oost",125,125,125,125,125,125,0,0
"12256","Amsterdam_Zuid",200,200,200,200,200,200,0,0
"12257","Amsterdam_Center",125,125,125,125,125,125,0,0
"12258","Amsterdam_Zuid",120,120,120,120,120,150,30,30
"12259","Amsterdam_Zuid",250,250,250,250,250,250,0,0
"12260","Amsterdam_Oost",100,100,100,100,100,100,0,0
"12261","Amsterdam_West",199,199,199,189,199,349,150,150
"12262","Amsterdam_Oost",105,105,105,105,105,105,0,0
"12263","Amsterdam_Center",90,100,101,103,103,113,23,23
"12264","Amsterdam_Zuid",90,90,90,90,90,90,0,0
"12265","Amsterdam_Center",179,179,179,179,179,179,0,0
"12266","Amsterdam_Center",90,90,90,90,90,90,0,0
"12267","Amsterdam_West",76,65,65,65,65,65,-11,11
"12268","Amsterdam_Noord",80,80,80,80,80,80,0,0
"12269","Amsterdam_Oost",119,119,119,119,119,139,20,20
"12270","Amsterdam_West",70,70,70,70,70,70,0,0
"12271","Amsterdam_West",279,279,279,279,279,279,0,0
"12272","Amsterdam_West",97,97,97,97,97,97,0,0
"12273","Amsterdam_Noord",79,79,79,79,79,79,0,0
"12274","Amsterdam_Zuid",234,234,234,234,234,234,0,0
"12275","Amsterdam_West",156,156,156,156,156,156,0,0
"12276","Amsterdam_Oost",120,120,120,120,120,120,0,0
"12277","Amsterdam_Zuid",150,150,150,150,150,150,0,0
"12278","Amsterdam_Noord",71,71,71,71,71,71,0,0
"12279","Amsterdam_West",110,110,110,110,110,110,0,0
"12280","Amsterdam_Zuid",197,196,196,196,196,196,-1,1
"12281","Amsterdam_Center",195,195,195,195,195,195,0,0
"12282","Amsterdam_West",138,138,138,138,138,138,0,0
"12283","Amsterdam_Center",250,250,250,250,250,250,0,0
"12284","Amsterdam_Oost",299,299,299,299,299,229,-70,70
"12285","Amsterdam_Oost",80,80,80,80,80,80,0,0
"12286","Amsterdam_Oost",61,61,61,61,61,61,0,0
"12287","Amsterdam_Center",90,90,90,90,90,90,0,0
"12288","Amsterdam_Center",80,79,79,79,86,89,9,9
"12289","Amsterdam_Zuid",145,145,145,145,145,145,0,0
"12290","Amsterdam_West",75,75,75,75,75,75,0,0
"12291","Amsterdam_Center",108,108,108,108,108,108,0,0
"12292","Amsterdam_West",129,120,120,120,120,120,-9,9
"12293","Amsterdam_West",120,120,120,120,120,120,0,0
"12294","Amsterdam_West",220,220,220,220,220,220,0,0
"12295","Amsterdam_West",169,169,169,169,169,169,0,0
"12296","Amsterdam_Oost",125,125,125,125,125,125,0,0
"12297","Amsterdam_Oost",100,100,100,100,100,100,0,0
"12298","Amsterdam_Noord",120,120,120,120,120,120,0,0
"12299","Amsterdam_West",245,245,245,245,245,245,0,0
"12300","Amsterdam_Noord",175,175,175,175,175,175,0,0
"12301","Amsterdam_Zuid",1500,1500,1500,1500,1500,1500,0,0
"12302","Amsterdam_Zuid",112,146,146,104,104,119,7,7
"12303","Amsterdam_West",143,143,143,143,143,143,0,0
"12304","Amsterdam_Oost",45,45,45,45,45,45,0,0
"12305","Amsterdam_Center",85,399,125,399,399,399,314,314
"12306","Amsterdam_West",114,114,114,114,114,114,0,0
"12307","Amsterdam_Oost",125,125,125,125,125,125,0,0
"12308","Amsterdam_Zuid",140,140,140,140,140,140,0,0
"12309","Amsterdam_Center",300,300,300,300,300,300,0,0
"12310","Amsterdam_Noord",65,65,65,70,65,65,0,0
"12311","Amsterdam_Zuid",250,250,250,250,250,250,0,0
"12312","Amsterdam_West",160,160,160,160,160,160,0,0
"12313","Amsterdam_Zuid",250,250,250,250,250,250,0,0
"12314","Amsterdam_Oost",120,120,120,120,120,120,0,0
"12315","Amsterdam_Oost",99,99,99,99,99,99,0,0
"12316","Amsterdam_Noord",443,443,443,443,443,443,0,0
"12317","Amsterdam_Center",150,150,150,150,150,150,0,0
"12318","Amsterdam_Noord",259,259,259,259,259,259,0,0
"12319","Amsterdam_Zuid",105,105,105,105,95,95,-10,10
"12320","Amsterdam_Center",224,224,224,224,224,224,0,0
"12321","Amsterdam_Center",79,79,79,79,79,88,9,9
"12322","Amsterdam_West",130,130,130,130,130,130,0,0
"12323","Amsterdam_Zuid",300,300,300,300,300,300,0,0
"12324","Amsterdam_Nieuw_west",63,63,63,63,71,71,8,8
"12325","Amsterdam_Zuid",50,50,50,50,50,50,0,0
"12326","Amsterdam_Oost",99,55,55,55,99,99,0,0
"12327","Amsterdam_Oost",100,50,50,50,98,86,-14,14
"12328","Amsterdam_West",190,153,143,195,259,297,107,107
"12329","Amsterdam_Zuid",94,94,94,94,94,94,0,0
"12330","Amsterdam_Center",38,69,62,69,65,72,34,34
"12331","Amsterdam_Noord",103,103,103,103,103,103,0,0
"12332","Amsterdam_Center",85,85,85,85,85,85,0,0
"12333","Amsterdam_Oost",180,180,180,180,180,180,0,0
"12334","Amsterdam_Center",250,250,250,250,250,250,0,0
"12335","Amsterdam_Zuid",300,300,300,300,300,300,0,0
"12336","Amsterdam_Zuid",90,90,90,90,90,90,0,0
"12337","Amsterdam_Nieuw_west",69,69,69,69,69,69,0,0
"12338","Amsterdam_Center",186,186,186,186,186,186,0,0
"12339","Amsterdam_Zuid",80,80,80,80,80,80,0,0
"12340","Amsterdam_West",120,120,120,120,120,120,0,0
"12341","Amsterdam_West",250,161,162,182,209,150,-100,100
"12342","Amsterdam_Nieuw_west",199,199,199,199,199,199,0,0
"12343","Amsterdam_Nieuw_west",125,125,125,125,125,125,0,0
"12344","Amsterdam_Center",125,125,125,125,125,125,0,0
"12345","Amsterdam_Zuidoost",50,50,50,50,50,50,0,0
"12346","Amsterdam_Noord",170,170,170,170,170,170,0,0
"12347","Amsterdam_West",90,90,90,90,90,90,0,0
"12348","Amsterdam_Noord",95,95,95,95,95,95,0,0
"12349","Amsterdam_Oost",139,139,139,139,139,139,0,0
"12350","Amsterdam_West",175,175,175,175,175,175,0,0
"12351","Amsterdam_Oost",90,90,90,90,90,90,0,0
"12352","Amsterdam_Center",230,230,230,230,230,230,0,0
"12353","Amsterdam_Nieuw_west",114,114,114,114,114,114,0,0
"12354","Amsterdam_Oost",270,270,270,270,270,270,0,0
"12355","Amsterdam_Zuid",135,135,135,135,135,135,0,0
"12356","Amsterdam_Nieuw_west",71,71,71,71,71,71,0,0
"12357","Amsterdam_West",145,145,145,145,145,145,0,0
"12358","Amsterdam_West",50,50,150,59,60,62,12,12
"12359","Amsterdam_West",99,99,99,99,99,99,0,0
"12360","Amsterdam_West",20,20,24,20,25,25,5,5
"12361","Amsterdam_Zuid",240,240,240,240,240,240,0,0
"12362","Amsterdam_West",20,20,80,20,80,25,5,5
"12363","Amsterdam_Zuid",450,450,450,450,450,450,0,0
"12364","Amsterdam_West",200,175,175,175,200,200,0,0
"12365","Amsterdam_West",160,160,160,160,160,160,0,0
"12366","Amsterdam_Zuid",400,400,400,400,400,400,0,0
"12367","Amsterdam_Oost",150,150,150,150,150,150,0,0
"12368","Amsterdam_Zuid",91,91,91,91,91,91,0,0
"12369","Amsterdam_West",350,350,350,350,350,350,0,0
"12370","Amsterdam_West",90,90,90,90,90,90,0,0
"12371","Amsterdam_West",104,104,104,104,62,62,-42,42
"12372","Amsterdam_Oost",56,56,55,55,55,45,-11,11
"12373","Amsterdam_Zuid",200,200,200,200,200,260,60,60
"12374","Amsterdam_West",61,61,61,61,61,61,0,0
"12375","Amsterdam_Zuid",200,200,200,200,200,200,0,0
"12376","Amsterdam_Noord",165,165,165,165,165,165,0,0
"12377","Amsterdam_Zuid",139,139,139,139,139,139,0,0
"12378","Amsterdam_Oost",150,150,150,150,150,150,0,0
"12379","Amsterdam_West",145,145,145,145,145,145,0,0
"12380","Amsterdam_Zuid",95,95,95,95,95,95,0,0
"12381","Amsterdam_Zuid",250,250,250,250,250,250,0,0
"12382","Amsterdam_Oost",90,90,90,90,90,90,0,0
"12383","Amsterdam_Center",200,220,220,220,220,220,20,20
"12384","Amsterdam_Oost",200,200,200,200,200,200,0,0
"12385","Amsterdam_Center",113,180,180,180,180,180,67,67
"12386","Amsterdam_Noord",200,200,200,200,200,200,0,0
"12387","Amsterdam_Zuid",80,80,80,80,80,80,0,0
"12388","Amsterdam_Zuid",131,131,131,131,131,131,0,0
"12389","Amsterdam_Zuid",135,135,135,135,135,135,0,0
"12390","Amsterdam_West",250,250,250,250,250,250,0,0
"12391","Amsterdam_West",91,91,91,91,91,91,0,0
"12392","Amsterdam_Zuid",145,145,145,145,145,145,0,0
"12393","Amsterdam_Nieuw_west",70,70,70,70,70,70,0,0
"12394","Amsterdam_West",150,150,150,150,150,150,0,0
"12395","Amsterdam_West",80,80,80,80,80,80,0,0
"12396","Amsterdam_Noord",249,249,249,249,249,249,0,0
"12397","Amsterdam_Center",193,129,92,274,244,243,50,50
"12398","Amsterdam_Center",83,318,258,114,141,254,171,171
"12399","Amsterdam_Center",89,500,105,122,150,307,218,218
"12400","Amsterdam_West",90,90,90,90,90,90,0,0
"12401","Amsterdam_Center",211,500,486,385,486,486,275,275
"12402","Amsterdam_Center",123,161,143,167,206,223,100,100
"12403","Amsterdam_Center",361,201,207,241,297,437,76,76
"12404","Amsterdam_Center",267,155,214,248,306,260,-7,7
"12405","Amsterdam_West",180,180,180,180,180,180,0,0
"12406","Amsterdam_Zuid",300,300,300,300,300,300,0,0
"12407","Amsterdam_Zuid",99,99,99,99,99,99,0,0
"12408","Amsterdam_West",66,66,66,66,66,66,0,0
"12409","Amsterdam_Zuid",100,89,89,89,120,120,20,20
"12410","Amsterdam_Oost",100,100,100,100,100,100,0,0
"12411","Amsterdam_Center",175,175,175,175,175,175,0,0
"12412","Amsterdam_Center",200,200,200,200,200,200,0,0
"12413","Amsterdam_Nieuw_west",100,100,100,100,100,100,0,0
"12414","Amsterdam_Nieuw_west",20,20,20,20,20,20,0,0
"12415","Amsterdam_Oost",129,120,120,125,125,125,-4,4
"12416","Amsterdam_Zuid",75,75,75,75,75,75,0,0
"12417","Amsterdam_Oost",70,70,70,70,70,70,0,0
"12418","Amsterdam_West",75,75,75,75,75,76,1,1
"12419","Amsterdam_Nieuw_west",50,50,50,50,50,50,0,0
"12420","Amsterdam_West",130,130,130,130,130,130,0,0
"12421","Amsterdam_West",100,100,100,100,100,100,0,0
"12422","Amsterdam_Center",400,400,400,400,400,400,0,0
"12423","Amsterdam_West",109,109,109,109,109,109,0,0
"12424","Amsterdam_Oost",90,90,90,90,90,90,0,0
"12425","Amsterdam_West",140,140,140,140,140,140,0,0
"12426","Amsterdam_Nieuw_west",82,85,85,85,81,74,-8,8
"12427","Amsterdam_West",100,100,100,100,100,100,0,0
"12428","Amsterdam_Center",88,110,45,100,50,54,-34,34
"12429","Amsterdam_West",100,100,100,100,100,100,0,0
"12430","Amsterdam_Oost",149,173,173,173,173,173,24,24
"12431","Amsterdam_Noord",75,75,75,75,75,75,0,0
"12432","Amsterdam_West",180,180,180,180,180,180,0,0
"12433","Amsterdam_Nieuw_west",100,100,100,100,100,100,0,0
"12434","Amsterdam_Center",125,125,125,125,125,81,-44,44
"12435","Amsterdam_Center",125,125,125,125,125,81,-44,44
"12436","Amsterdam_Oost",99,99,99,99,99,99,0,0
"12437","Amsterdam_West",100,100,100,100,100,100,0,0
"12438","Amsterdam_West",160,150,120,126,89,115,-45,45
"12439","Amsterdam_Oost",92,92,92,92,92,92,0,0
"12440","Amsterdam_Oost",60,60,60,60,60,60,0,0
"12441","Amsterdam_Noord",58,58,58,58,58,58,0,0
"12442","Amsterdam_Center",150,250,250,250,250,250,100,100
"12443","Amsterdam_West",180,180,180,180,180,190,10,10
"12444","Amsterdam_West",300,300,300,300,300,300,0,0
"12445","Amsterdam_Center",250,250,250,250,250,250,0,0
"12446","Amsterdam_West",125,125,125,125,125,125,0,0
"12447","Amsterdam_Center",275,275,275,275,275,275,0,0
"12448","Amsterdam_Zuid",200,200,200,200,200,200,0,0
"12449","Amsterdam_Center",178,178,178,178,178,178,0,0
"12450","Amsterdam_Zuidoost",150,150,150,150,150,150,0,0
"12451","Amsterdam_Noord",76,81,92,76,76,89,13,13
"12452","Amsterdam_Zuid",200,200,200,200,200,200,0,0
"12453","Amsterdam_Noord",235,235,235,235,235,235,0,0
"12454","Amsterdam_West",180,180,180,180,180,180,0,0
"12455","Amsterdam_West",123,123,123,123,123,123,0,0
"12456","Amsterdam_Zuid",180,180,180,180,180,180,0,0
"12457","Amsterdam_West",130,130,130,130,130,130,0,0
"12458","Amsterdam_Noord",150,150,150,150,150,150,0,0
"12459","Amsterdam_Center",88,117,178,267,324,456,368,368
"12460","Amsterdam_West",150,140,140,140,140,165,15,15
"12461","Amsterdam_Zuid",150,150,150,150,150,150,0,0
"12462","Amsterdam_Nieuw_west",150,150,150,150,150,150,0,0
"12463","Amsterdam_West",220,220,220,220,220,220,0,0
"12464","Amsterdam_Center",150,150,150,150,150,150,0,0
"12465","Amsterdam_West",160,160,160,160,160,160,0,0
"12466","Amsterdam_West",50,50,50,50,50,50,0,0
"12467","Amsterdam_Zuidoost",78,78,78,78,78,78,0,0
"12468","Amsterdam_West",190,190,190,190,190,190,0,0
"12469","Amsterdam_Center",35,32,32,31,34,38,3,3
"12470","Amsterdam_West",21,21,21,21,21,21,0,0
"12471","Amsterdam_Oost",270,270,270,270,270,270,0,0
"12472","Amsterdam_Oost",140,140,140,140,140,140,0,0
"12473","Amsterdam_Zuidoost",22,22,22,22,22,22,0,0
"12474","Amsterdam_Oost",233,233,233,233,233,233,0,0
"12475","Amsterdam_Zuid",150,150,150,150,150,150,0,0
"12476","Amsterdam_West",147,147,147,147,147,147,0,0
"12477","Amsterdam_Oost",130,130,130,130,130,130,0,0
"12478","Amsterdam_Noord",179,500,159,205,186,486,307,307
"12479","Amsterdam_Noord",131,108,486,298,197,298,167,167
"12480","Amsterdam_Noord",165,136,136,222,248,218,53,53
"12481","Amsterdam_Center",245,250,250,295,249,329,84,84
"12482","Amsterdam_Noord",165,241,279,252,248,288,123,123
"12483","Amsterdam_Noord",233,203,486,486,329,246,13,13
"12484","Amsterdam_Oost",85,85,85,85,85,85,0,0
"12485","Amsterdam_Center",150,150,150,150,150,150,0,0
"12486","Amsterdam_Center",185,185,185,185,185,185,0,0
"12487","Amsterdam_Zuidoost",85,85,85,85,85,85,0,0
"12488","Amsterdam_Zuid",200,200,200,200,200,200,0,0
"12489","Amsterdam_West",157,157,157,157,157,157,0,0
"12490","Amsterdam_Center",200,200,200,200,200,200,0,0
"12491","Amsterdam_Center",38,69,62,69,65,78,40,40
"12492","Amsterdam_West",140,140,140,140,140,140,0,0
"12493","Amsterdam_Zuidoost",42,42,42,42,42,42,0,0
"12494","Amsterdam_Zuidoost",250,250,250,250,250,250,0,0
"12495","Amsterdam_West",105,105,105,105,105,105,0,0
"12496","Amsterdam_West",150,150,150,150,150,150,0,0
"12497","Amsterdam_Oost",275,275,275,275,275,275,0,0
"12498","Amsterdam_Oost",130,130,130,130,130,130,0,0
"12499","Amsterdam_Zuid",175,175,175,175,175,175,0,0
"12500","Amsterdam_Zuid",100,100,100,100,100,100,0,0
"12501","Amsterdam_Center",349,349,349,349,349,349,0,0
"12502","Amsterdam_Zuid",95,95,95,95,95,95,0,0
"12503","Amsterdam_Zuid",90,90,90,90,90,90,0,0
"12504","Amsterdam_Zuid",169,169,169,169,169,169,0,0
"12505","Amsterdam_Zuid",125,125,125,125,125,125,0,0
"12506","Amsterdam_Zuid",42,86,42,65,100,60,18,18
"12507","Amsterdam_Zuid",150,150,150,150,150,150,0,0
"12508","Amsterdam_Zuid",200,200,200,200,200,200,0,0
"12509","Amsterdam_Oost",83,80,75,75,75,75,-8,8
"12510","Amsterdam_Zuid",120,120,120,120,120,120,0,0
"12511","Amsterdam_Zuid",550,550,550,550,550,550,0,0
"12512","Amsterdam_West",175,175,175,175,175,175,0,0
"12513","Amsterdam_Zuid",223,223,223,223,223,223,0,0
"12514","Amsterdam_Center",160,160,160,160,160,160,0,0
"12515","Amsterdam_Oost",70,70,70,70,70,70,0,0
"12516","Amsterdam_Oost",85,85,85,85,85,85,0,0
"12517","Amsterdam_West",150,150,150,150,150,150,0,0
"12518","Amsterdam_Noord",81,100,100,100,125,150,69,69
"12519","Amsterdam_Zuid",112,146,146,104,104,119,7,7
"12520","Amsterdam_Oost",80,80,80,80,80,80,0,0
"12521","Amsterdam_Zuid",160,160,160,160,160,160,0,0
"12522","Amsterdam_Oost",98,98,98,98,98,98,0,0
"12523","Amsterdam_Zuidoost",80,80,80,80,80,80,0,0
"12524","Amsterdam_West",95,95,95,95,95,95,0,0
"12525","Amsterdam_West",375,375,375,375,375,375,0,0
"12526","Amsterdam_Nieuw_west",100,100,100,100,100,100,0,0
"12527","Amsterdam_Center",100,100,100,100,100,100,0,0
"12528","Amsterdam_Oost",90,90,90,90,90,90,0,0
"12529","Amsterdam_Zuid",400,400,400,400,400,400,0,0
"12530","Amsterdam_Noord",54,54,54,54,54,54,0,0
"12531","Amsterdam_Nieuw_west",160,160,160,160,160,147,-13,13
"12532","Amsterdam_West",85,85,85,85,85,85,0,0
"12533","Amsterdam_Nieuw_west",80,80,80,80,80,80,0,0
"12534","Amsterdam_Nieuw_west",120,120,120,120,120,120,0,0
"12535","Amsterdam_Oost",100,100,100,100,100,100,0,0
"12536","Amsterdam_Nieuw_west",350,350,350,350,350,350,0,0
"12537","Amsterdam_Zuid",64,64,64,64,64,64,0,0
"12538","Amsterdam_Oost",154,194,205,182,226,486,332,332
"12539","Amsterdam_Oost",151,287,445,266,329,324,173,173
"12540","Amsterdam_Oost",210,267,150,110,137,486,276,276
"12541","Amsterdam_Oost",101,152,209,167,146,445,344,344
"12542","Amsterdam_Oost",87,263,486,486,176,185,98,98
"12543","Amsterdam_Noord",250,250,250,250,250,250,0,0
"12544","Amsterdam_Zuid",180,180,180,180,180,180,0,0
"12545","Amsterdam_West",120,120,120,120,120,120,0,0
"12546","Amsterdam_West",214,175,175,196,196,196,-18,18
"12547","Amsterdam_Zuid",164,150,150,150,150,150,-14,14
"12548","Amsterdam_Center",160,126,130,180,180,180,20,20
"12549","Amsterdam_West",120,120,120,120,120,120,0,0
"12550","Amsterdam_West",200,200,200,200,200,200,0,0
"12551","Amsterdam_Noord",35,35,35,35,35,35,0,0
"12552","Amsterdam_Center",151,151,151,151,151,151,0,0
"12553","Amsterdam_Oost",170,170,170,170,170,170,0,0
"12554","Amsterdam_Oost",150,150,150,150,150,150,0,0
"12555","Amsterdam_Zuid",45,45,45,45,45,45,0,0
"12556","Amsterdam_Center",450,450,450,450,450,450,0,0
"12557","Amsterdam_West",130,130,130,130,130,130,0,0
"12558","Amsterdam_Nieuw_west",190,190,190,190,190,190,0,0
"12559","Amsterdam_Zuid",110,110,110,110,110,110,0,0
"12560","Amsterdam_Center",235,235,235,235,235,235,0,0
"12561","Amsterdam_Center",200,200,200,200,200,200,0,0
"12562","Amsterdam_West",120,120,120,120,120,120,0,0
"12563","Amsterdam_West",118,118,118,118,118,118,0,0
"12564","Amsterdam_West",250,250,250,250,250,250,0,0
"12565","Amsterdam_Zuid",290,290,290,290,290,290,0,0
"12566","Amsterdam_Center",90,90,90,90,90,90,0,0
"12567","Amsterdam_Oost",209,209,209,209,209,209,0,0
"12568","Amsterdam_West",140,140,140,140,140,140,0,0
"12569","Amsterdam_Noord",100,100,100,100,100,100,0,0
"12570","Amsterdam_Oost",95,95,95,95,95,95,0,0
"12571","Amsterdam_Noord",160,160,160,160,160,160,0,0
"12572","Amsterdam_West",100,100,100,100,100,100,0,0
"12573","Amsterdam_West",90,90,90,90,90,90,0,0
"12574","Amsterdam_Noord",137,100,100,100,100,100,-37,37
"12575","Amsterdam_Center",150,220,220,220,220,220,70,70
"12576","Amsterdam_Center",104,98,112,113,198,389,285,285
"12577","Amsterdam_Center",99,94,107,108,189,201,102,102
"12578","Amsterdam_Center",321,500,486,79,486,486,165,165
"12579","Amsterdam_Zuid",250,250,250,250,250,250,0,0
"12580","Amsterdam_Center",132,127,118,122,106,115,-17,17
"12581","Amsterdam_Center",169,169,169,155,155,180,11,11
"12582","Amsterdam_Noord",120,120,120,120,120,120,0,0
"12583","Amsterdam_Nieuw_west",70,70,70,70,70,70,0,0
"12584","Amsterdam_Center",69,60,55,47,63,62,-7,7
"12585","Amsterdam_West",120,120,120,120,120,120,0,0
"12586","Amsterdam_Zuid",99,99,99,99,99,99,0,0
"12587","Amsterdam_Oost",175,175,175,175,175,175,0,0
"12588","Amsterdam_Zuid",146,146,168,176,190,154,8,8
"12589","Amsterdam_Zuid",150,150,150,150,150,150,0,0
"12590","Amsterdam_West",200,200,200,200,200,200,0,0
"12591","Amsterdam_Zuid",37,30,38,30,40,41,4,4
"12592","Amsterdam_Zuid",200,200,200,200,200,200,0,0
"12593","Amsterdam_West",50,50,50,50,50,50,0,0
"12594","Amsterdam_Center",89,89,89,89,89,95,6,6
"12595","Amsterdam_West",159,155,155,165,155,185,26,26
"12596","Amsterdam_West",170,170,170,170,170,170,0,0
"12597","Amsterdam_Nieuw_west",51,46,52,52,52,52,1,1
"12598","Amsterdam_Center",34,30,32,32,33,51,17,17
"12599","Amsterdam_Zuid",70,70,70,70,70,70,0,0
"12600","Amsterdam_West",250,250,250,250,250,250,0,0
"12601","Amsterdam_West",149,149,149,149,149,149,0,0
"12602","Amsterdam_Oost",192,192,192,192,192,192,0,0
"12603","Amsterdam_Center",386,386,386,386,386,386,0,0
"12604","Amsterdam_Zuid",175,175,175,175,175,175,0,0
"12605","Amsterdam_West",300,300,300,300,300,300,0,0
"12606","Amsterdam_Zuid",200,200,200,200,200,200,0,0
"12607","Amsterdam_Zuid",299,242,299,204,299,299,0,0
"12608","Amsterdam_West",95,95,95,95,95,95,0,0
"12609","Amsterdam_Zuid",175,175,175,175,175,175,0,0
"12610","Amsterdam_Oost",115,115,115,115,115,115,0,0
"12611","Amsterdam_Zuid",101,99,99,99,99,99,-2,2
"12612","Amsterdam_Zuid",122,179,179,179,179,188,66,66
"12613","Amsterdam_West",140,140,140,140,140,140,0,0
"12614","Amsterdam_Oost",150,150,150,150,150,150,0,0
"12615","Amsterdam_West",106,106,106,106,106,106,0,0
"12616","Amsterdam_Center",90,90,90,90,90,90,0,0
"12617","Amsterdam_Zuidoost",90,90,90,90,90,90,0,0
"12618","Amsterdam_West",120,120,120,120,120,120,0,0
"12619","Amsterdam_Oost",90,90,90,90,90,90,0,0
"12620","Amsterdam_Zuid",94,94,94,94,94,94,0,0
"12621","Amsterdam_Center",80,80,80,80,80,80,0,0
"12622","Amsterdam_Nieuw_west",250,250,250,250,250,250,0,0
"12623","Amsterdam_Nieuw_west",95,95,95,95,95,95,0,0
"12624","Amsterdam_Center",114,181,180,129,123,127,13,13
"12625","Amsterdam_Center",107,168,161,123,114,123,16,16
"12626","Amsterdam_Zuid",90,90,90,90,90,90,0,0
"12627","Amsterdam_Center",250,250,250,250,250,250,0,0
"12628","Amsterdam_Oost",180,180,180,180,180,180,0,0
"12629","Amsterdam_Center",105,142,142,237,256,263,158,158
"12630","Amsterdam_Center",74,83,63,63,63,113,39,39
"12631","Amsterdam_Zuid",127,127,127,127,127,127,0,0
"12632","Amsterdam_West",180,163,170,200,200,200,20,20
"12633","Amsterdam_West",130,130,130,130,130,130,0,0
"12634","Amsterdam_Center",350,350,350,350,350,350,0,0
"12635","Amsterdam_West",50,50,50,50,50,50,0,0
"12636","Amsterdam_Zuid",127,127,127,127,127,127,0,0
"12637","Amsterdam_Oost",88,119,170,170,170,170,82,82
"12638","Amsterdam_West",240,240,240,240,240,240,0,0
"12639","Amsterdam_Noord",20,20,20,20,20,20,0,0
"12640","Amsterdam_West",219,219,219,219,219,219,0,0
"12641","Amsterdam_West",43,43,43,43,44,43,0,0
"12642","Amsterdam_Oost",129,129,129,129,129,129,0,0
"12643","Amsterdam_West",62,68,92,92,102,83,21,21
"12644","Amsterdam_Center",189,189,189,189,189,189,0,0
"12645","Amsterdam_Center",120,120,120,120,120,120,0,0
"12646","Amsterdam_West",264,264,264,264,264,264,0,0
"12647","Amsterdam_Noord",29,29,29,29,29,29,0,0
"12648","Amsterdam_Center",295,295,295,295,295,295,0,0
"12649","Amsterdam_Center",150,150,150,150,150,150,0,0
"12650","Amsterdam_West",99,99,99,99,99,99,0,0
"12651","Amsterdam_Oost",200,200,200,200,200,200,0,0
"12652","Amsterdam_Noord",150,150,150,150,150,150,0,0
"12653","Amsterdam_West",255,255,255,255,255,255,0,0
"12654","Amsterdam_West",99,99,99,99,99,99,0,0
"12655","Amsterdam_Zuid",274,295,295,255,245,363,89,89
"12656","Amsterdam_Center",69,69,66,71,83,79,10,10
"12657","Amsterdam_Zuid",95,95,95,95,95,95,0,0
"12658","Amsterdam_Zuid",134,115,116,125,145,148,14,14
"12659","Amsterdam_Oost",239,239,239,239,239,239,0,0
"12660","Amsterdam_West",150,150,150,150,150,150,0,0
"12661","Amsterdam_Zuid",100,100,100,100,100,100,0,0
"12662","Amsterdam_Center",120,120,120,120,120,120,0,0
"12663","Amsterdam_Center",149,149,149,149,199,190,41,41
"12664","Amsterdam_West",250,250,250,250,250,250,0,0
"12665","Amsterdam_Center",199,199,199,199,149,220,21,21
"12666","Amsterdam_Zuidoost",140,140,140,140,140,140,0,0
"12667","Amsterdam_Zuid",85,85,85,85,85,85,0,0
"12668","Amsterdam_Noord",72,72,72,72,72,72,0,0
"12669","Amsterdam_Center",248,220,256,220,256,256,8,8
"12670","Amsterdam_West",55,55,55,55,55,55,0,0
"12671","Amsterdam_Oost",100,100,103,100,100,101,1,1
"12672","Amsterdam_Zuid",165,165,165,165,165,165,0,0
"12673","Amsterdam_Zuid",200,200,200,200,200,194,-6,6
"12674","Amsterdam_Noord",95,95,95,95,95,95,0,0
"12675","Amsterdam_West",110,110,110,110,110,110,0,0
"12676","Amsterdam_Noord",83,83,83,83,83,83,0,0
"12677","Amsterdam_Zuid",200,200,200,200,200,200,0,0
"12678","Amsterdam_Zuidoost",80,80,80,80,80,80,0,0
"12679","Amsterdam_West",102,102,102,102,102,102,0,0
"12680","Amsterdam_Center",39,40,29,25,27,80,41,41
"12681","Amsterdam_West",99,99,99,99,99,99,0,0
"12682","Amsterdam_Zuid",225,225,225,225,225,225,0,0
"12683","Amsterdam_Center",25,25,20,21,25,31,6,6
"12684","Amsterdam_West",110,110,110,110,110,110,0,0
"12685","Amsterdam_West",150,150,150,150,150,150,0,0
"12686","Amsterdam_Oost",102,102,102,102,102,102,0,0
"12687","Amsterdam_Zuid",160,160,160,160,160,160,0,0
"12688","Amsterdam_Zuid",299,299,299,299,299,299,0,0
"12689","Amsterdam_Noord",250,250,250,250,250,250,0,0
"12690","Amsterdam_West",250,250,250,250,250,250,0,0
"12691","Amsterdam_Zuid",90,90,90,90,90,90,0,0
"12692","Amsterdam_West",75,75,75,75,75,75,0,0
"12693","Amsterdam_West",150,150,150,150,150,150,0,0
"12694","Amsterdam_Zuid",375,375,375,375,375,375,0,0
"12695","Amsterdam_Center",95,95,95,95,95,95,0,0
"12696","Amsterdam_Center",91,103,200,131,143,183,92,92
"12697","Amsterdam_West",46,45,45,45,45,45,-1,1
"12698","Amsterdam_West",100,100,100,100,100,100,0,0
"12699","Amsterdam_Nieuw_west",125,125,125,125,125,125,0,0
"12700","Amsterdam_Zuid",165,135,135,135,135,135,-30,30
"12701","Amsterdam_Oost",43,43,43,43,43,43,0,0
"12702","Amsterdam_West",239,239,239,239,239,239,0,0
"12703","Amsterdam_Noord",60,60,60,60,60,60,0,0
"12704","Amsterdam_West",150,150,150,150,150,150,0,0
"12705","Amsterdam_Center",59,58,55,68,65,78,19,19
"12706","Amsterdam_Noord",68,68,68,68,68,68,0,0
"12707","Amsterdam_Nieuw_west",86,86,86,86,86,86,0,0
"12708","Amsterdam_Center",93,93,93,93,93,93,0,0
"12709","Amsterdam_Nieuw_west",55,55,55,55,55,55,0,0
"12710","Amsterdam_Nieuw_west",51,51,51,51,51,51,0,0
"12711","Amsterdam_Zuid",134,134,134,134,134,134,0,0
"12712","Amsterdam_Zuid",80,90,95,100,110,115,35,35
"12713","Amsterdam_Oost",135,135,135,135,85,85,-50,50
"12714","Amsterdam_Nieuw_west",60,60,60,60,60,60,0,0
"12715","Amsterdam_Noord",220,220,220,220,220,220,0,0
"12716","Amsterdam_Center",300,300,300,300,300,300,0,0
"12717","Amsterdam_Center",370,370,370,370,370,370,0,0
"12718","Amsterdam_Center",104,104,104,104,104,104,0,0
"12719","Amsterdam_Zuid",110,110,110,110,110,110,0,0
"12720","Amsterdam_West",125,125,125,125,125,125,0,0
"12721","Amsterdam_Zuidoost",84,84,84,84,84,84,0,0
"12722","Amsterdam_Oost",100,100,100,100,100,100,0,0
"12723","Amsterdam_Center",139,119,213,175,149,189,50,50
"12724","Amsterdam_Zuid",116,116,116,116,107,87,-29,29
"12725","Amsterdam_Zuid",138,138,138,138,138,138,0,0
"12726","Amsterdam_Zuid",40,40,101,50,50,50,10,10
"12727","Amsterdam_West",132,132,132,132,132,132,0,0
"12728","Amsterdam_Center",155,155,155,155,155,155,0,0
"12729","Amsterdam_Center",200,200,200,200,200,200,0,0
"12730","Amsterdam_West",100,100,100,100,100,100,0,0
"12731","Amsterdam_Zuid",264,264,264,264,264,264,0,0
"12732","Amsterdam_West",125,125,125,125,125,125,0,0
"12733","Amsterdam_West",195,195,195,195,195,195,0,0
"12734","Amsterdam_Center",200,200,200,200,200,200,0,0
"12735","Amsterdam_Center",140,140,140,140,140,150,10,10
"12736","Amsterdam_Center",307,289,289,289,300,300,-7,7
"12737","Amsterdam_Center",53,68,63,64,72,86,33,33
"12738","Amsterdam_Center",150,150,150,150,150,150,0,0
"12739","Amsterdam_Center",86,90,90,86,69,69,-17,17
"12740","Amsterdam_Center",95,150,150,150,150,150,55,55
"12741","Amsterdam_West",150,150,150,150,150,150,0,0
"12742","Amsterdam_West",79,79,79,79,79,79,0,0
"12743","Amsterdam_Zuid",177,177,177,177,177,177,0,0
"12744","Amsterdam_Nieuw_west",50,50,50,50,50,50,0,0
"12745","Amsterdam_West",600,600,200,200,200,200,-400,400
"12746","Amsterdam_Oost",120,120,120,120,120,120,0,0
"12747","Amsterdam_Zuid",228,185,201,207,206,221,-7,7
"12748","Amsterdam_Oost",250,250,250,250,250,250,0,0
"12749","Amsterdam_West",86,88,144,71,85,93,7,7
"12750","Amsterdam_West",150,150,150,150,150,150,0,0
"12751","Amsterdam_West",160,160,160,160,160,160,0,0
"12752","Amsterdam_West",90,90,90,90,90,90,0,0
"12753","Amsterdam_West",200,200,200,200,200,200,0,0
"12754","Amsterdam_West",70,70,70,70,70,70,0,0
"12755","Amsterdam_Center",211,211,234,211,211,211,0,0
"12756","Amsterdam_West",130,130,130,130,100,130,0,0
"12757","Amsterdam_Center",165,165,165,165,165,165,0,0
"12758","Amsterdam_Center",165,165,165,165,165,165,0,0
"12759","Amsterdam_Center",330,330,330,330,330,330,0,0
"12760","Amsterdam_Zuid",65,65,65,65,65,65,0,0
"12761","Amsterdam_Nieuw_west",98,98,98,98,98,98,0,0
"12762","Amsterdam_Zuid",75,75,75,75,75,75,0,0
"12763","Amsterdam_Zuid",70,70,70,70,70,70,0,0
"12764","Amsterdam_Oost",200,200,200,200,200,200,0,0
"12765","Amsterdam_Center",100,100,125,185,185,185,85,85
"12766","Amsterdam_Oost",168,168,168,168,168,168,0,0
"12767","Amsterdam_Zuid",133,133,133,133,133,133,0,0
"12768","Amsterdam_Noord",300,300,300,300,300,300,0,0
"12769","Amsterdam_West",45,45,45,45,45,45,0,0
"12770","Amsterdam_Zuid",135,135,135,135,135,135,0,0
"12771","Amsterdam_West",80,80,80,80,80,80,0,0
"12772","Amsterdam_Nieuw_west",200,200,200,200,200,200,0,0
"12773","Amsterdam_West",180,180,201,180,165,165,-15,15
"12774","Amsterdam_Oost",91,91,91,91,91,91,0,0
"12775","Amsterdam_West",380,409,380,380,380,380,0,0
"12776","Amsterdam_Nieuw_west",120,120,120,120,120,120,0,0
"12777","Amsterdam_Zuid",220,220,220,220,220,220,0,0
"12778","Amsterdam_West",110,110,110,110,110,110,0,0
"12779","Amsterdam_Zuid",125,125,125,125,125,125,0,0
"12780","Amsterdam_Zuid",180,180,180,180,180,270,90,90
"12781","Amsterdam_Oost",105,105,126,105,105,105,0,0
"12782","Amsterdam_Oost",125,125,125,125,125,125,0,0
"12783","Amsterdam_West",120,120,120,120,120,120,0,0
"12784","Amsterdam_Nieuw_west",54,77,100,100,100,100,46,46
"12785","Amsterdam_Nieuw_west",180,180,180,180,180,180,0,0
"12786","Amsterdam_West",110,110,110,110,110,110,0,0
"12787","Amsterdam_Center",231,231,231,231,231,231,0,0
"12788","Amsterdam_West",185,85,85,85,85,85,-100,100
"12789","Amsterdam_Oost",98,105,105,105,105,105,7,7
"12790","Amsterdam_Noord",215,260,260,260,260,216,1,1
"12791","Amsterdam_West",160,160,160,160,160,160,0,0
"12792","Amsterdam_West",148,148,148,148,148,148,0,0
"12793","Amsterdam_Zuid",225,225,225,225,225,221,-4,4
"12794","Amsterdam_Oost",150,150,60,60,60,60,-90,90
"12795","Amsterdam_Zuid",190,190,190,190,190,190,0,0
"12796","Amsterdam_Zuid",118,248,248,140,140,140,22,22
"12797","Amsterdam_Center",181,197,197,207,211,207,26,26
"12798","Amsterdam_Zuid",140,140,60,57,160,160,20,20
"12799","Amsterdam_Zuid",120,120,120,120,120,120,0,0
"12800","Amsterdam_Center",78,78,67,67,78,78,0,0
"12801","Amsterdam_Zuid",150,150,150,150,150,150,0,0
"12802","Amsterdam_West",160,160,160,160,160,160,0,0
"12803","Amsterdam_Zuid",260,260,260,260,260,260,0,0
"12804","Amsterdam_Zuid",443,447,438,438,438,438,-5,5
"12805","Amsterdam_West",350,350,350,350,350,350,0,0
"12806","Amsterdam_Center",76,175,204,188,201,245,169,169
"12807","Amsterdam_West",250,250,250,250,250,250,0,0
"12808","Amsterdam_Zuid",250,250,250,250,250,250,0,0
"12809","Amsterdam_Oost",125,125,125,125,125,125,0,0
"12810","Amsterdam_Center",100,264,142,147,130,141,41,41
"12811","Amsterdam_West",150,150,150,150,150,150,0,0
"12812","Amsterdam_Oost",120,120,120,120,120,120,0,0
"12813","Amsterdam_Oost",83,83,83,83,83,83,0,0
"12814","Amsterdam_Center",200,200,200,200,200,200,0,0
"12815","Amsterdam_Zuid",299,299,299,299,299,299,0,0
"12816","Amsterdam_West",150,150,150,150,150,150,0,0
"12817","Amsterdam_Zuid",250,250,250,250,250,250,0,0
"12818","Amsterdam_West",90,90,90,90,90,90,0,0
"12819","Amsterdam_Center",104,107,175,87,103,113,9,9
"12820","Amsterdam_Center",82,132,132,132,132,132,50,50
"12821","Amsterdam_Center",114,135,135,135,135,135,21,21
"12822","Amsterdam_Nieuw_west",55,55,55,55,55,55,0,0
"12823","Amsterdam_Zuid",200,200,200,200,200,200,0,0
"12824","Amsterdam_Center",82,132,132,132,132,132,50,50
"12825","Amsterdam_Center",175,175,175,175,175,175,0,0
"12826","Amsterdam_Nieuw_west",55,55,55,55,55,55,0,0
"12827","Amsterdam_Oost",300,300,300,300,300,300,0,0
"12828","Amsterdam_Center",40,220,150,220,51,67,27,27
"12829","Amsterdam_Oost",125,125,125,125,125,125,0,0
"12830","Amsterdam_Zuid",63,63,63,63,63,63,0,0
"12831","Amsterdam_West",144,150,150,150,150,150,6,6
"12832","Amsterdam_Oost",118,149,149,149,149,125,7,7
"12833","Amsterdam_Center",26,26,45,50,35,37,11,11
"12834","Amsterdam_Center",53,53,132,136,103,103,50,50
"12835","Amsterdam_Center",25,25,44,49,34,36,11,11
"12836","Amsterdam_Zuid",18,18,35,39,26,28,10,10
"12837","Amsterdam_Zuid",23,23,40,43,31,32,9,9
"12838","Amsterdam_Center",37,36,39,42,29,31,-6,6
"12839","Amsterdam_Center",125,122,135,141,103,103,-22,22
"12840","Amsterdam_Center",35,34,37,40,27,29,-6,6
"12841","Amsterdam_Center",125,122,135,141,103,103,-22,22
"12842","Amsterdam_Oost",90,90,90,90,90,90,0,0
"12843","Amsterdam_West",200,200,200,200,200,200,0,0
"12844","Amsterdam_West",125,125,125,125,125,125,0,0
"12845","Amsterdam_Nieuw_west",127,111,111,132,143,135,8,8
"12846","Amsterdam_Zuid",350,350,350,350,350,350,0,0
"12847","Amsterdam_Noord",130,130,130,130,130,130,0,0
"12848","Amsterdam_West",50,50,50,50,50,50,0,0
"12849","Amsterdam_Oost",92,92,92,92,92,92,0,0
"12850","Amsterdam_Center",150,150,150,150,150,150,0,0
"12851","Amsterdam_Center",119,119,119,119,119,72,-47,47
"12852","Amsterdam_Center",300,300,300,300,300,300,0,0
"12853","Amsterdam_West",49,137,137,59,59,59,10,10
"12854","Amsterdam_Nieuw_west",30,40,40,40,40,40,10,10
"12855","Amsterdam_West",220,220,220,220,220,220,0,0
"12856","Amsterdam_Center",89,89,89,89,89,89,0,0
"12857","Amsterdam_Zuidoost",45,45,45,45,45,45,0,0
"12858","Amsterdam_Oost",110,110,110,110,110,110,0,0
"12859","Amsterdam_West",120,120,120,120,120,120,0,0
"12860","Amsterdam_Center",245,245,245,245,175,204,-41,41
"12861","Amsterdam_Center",182,182,165,165,165,195,13,13
"12862","Amsterdam_Zuid",49,49,49,49,49,49,0,0
"12863","Amsterdam_Noord",125,125,125,125,125,125,0,0
"12864","Amsterdam_Nieuw_west",70,70,70,70,70,70,0,0
"12865","Amsterdam_West",166,160,160,160,160,200,34,34
"12866","Amsterdam_Noord",299,299,299,299,299,299,0,0
"12867","Amsterdam_West",50,50,50,50,50,50,0,0
"12868","Amsterdam_West",100,100,100,100,100,100,0,0
"12869","Amsterdam_West",119,119,119,119,119,119,0,0
"12870","Amsterdam_Nieuw_west",105,105,105,105,105,105,0,0
"12871","Amsterdam_Zuid",200,200,200,200,200,200,0,0
"12872","Amsterdam_Zuid",130,130,130,130,130,130,0,0
"12873","Amsterdam_Noord",60,60,60,60,60,60,0,0
"12874","Amsterdam_Center",38,44,48,41,52,61,23,23
"12875","Amsterdam_Zuid",180,169,180,180,180,166,-14,14
"12876","Amsterdam_Center",125,125,125,125,125,125,0,0
"12877","Amsterdam_Zuid",175,150,150,150,150,150,-25,25
"12878","Amsterdam_Noord",68,68,68,68,68,68,0,0
"12879","Amsterdam_Zuid",250,250,250,250,250,250,0,0
"12880","Amsterdam_Zuid",100,100,100,100,100,100,0,0
"12881","Amsterdam_Zuid",200,200,200,200,200,200,0,0
"12882","Amsterdam_Center",57,53,56,51,51,70,13,13
"12883","Amsterdam_Center",81,62,71,75,75,94,13,13
"12884","Amsterdam_West",80,80,80,80,80,80,0,0
"12885","Amsterdam_Nieuw_west",350,350,350,350,350,350,0,0
"12886","Amsterdam_Zuid",180,180,180,180,180,180,0,0
"12887","Amsterdam_Zuid",126,126,126,126,126,126,0,0
"12888","Amsterdam_Center",425,412,425,425,425,412,-13,13
"12889","Amsterdam_Oost",135,135,135,135,135,135,0,0
"12890","Amsterdam_West",100,100,100,100,100,100,0,0
"12891","Amsterdam_Center",70,70,70,70,70,70,0,0
"12892","Amsterdam_West",129,150,150,150,150,150,21,21
"12893","Amsterdam_Center",118,125,125,133,134,154,36,36
"12894","Amsterdam_Center",78,78,85,84,84,99,21,21
"12895","Amsterdam_Center",114,129,121,131,135,164,50,50
"12896","Amsterdam_West",180,180,180,180,180,180,0,0
"12897","Amsterdam_Center",114,119,138,128,124,153,39,39
"12898","Amsterdam_Center",140,151,160,131,132,185,45,45
"12899","Amsterdam_Center",122,134,139,131,135,166,44,44
"12900","Amsterdam_Center",113,100,123,126,128,151,38,38
"12901","Amsterdam_Center",182,212,220,226,229,255,73,73
"12902","Amsterdam_Center",172,191,151,151,212,211,39,39
"12903","Amsterdam_Center",171,173,200,182,225,252,81,81
"12904","Amsterdam_Center",177,155,162,171,237,197,20,20
"12905","Amsterdam_Center",171,242,249,171,247,263,92,92
"12906","Amsterdam_Center",187,194,194,193,193,208,21,21
"12907","Amsterdam_Center",275,216,216,215,215,234,-41,41
"12908","Amsterdam_Center",155,180,169,185,237,244,89,89
"12909","Amsterdam_West",100,100,100,100,100,100,0,0
"12910","Amsterdam_West",69,80,80,80,80,50,-19,19
"12911","Amsterdam_Oost",155,155,155,155,155,155,0,0
"12912","Amsterdam_Center",225,225,225,225,225,225,0,0
"12913","Amsterdam_West",79,80,80,80,80,60,-19,19
"12914","Amsterdam_West",55,55,55,55,55,55,0,0
"12915","Amsterdam_Zuid",65,65,65,69,65,65,0,0
"12916","Amsterdam_Nieuw_west",55,55,55,55,55,55,0,0
"12917","Amsterdam_Noord",165,165,165,165,165,165,0,0
"12918","Amsterdam_Zuid",90,90,90,90,90,92,2,2
"12919","Amsterdam_West",150,150,150,150,150,150,0,0
"12920","Amsterdam_Zuidoost",60,60,60,60,60,60,0,0
"12921","Amsterdam_Oost",240,240,240,240,240,240,0,0
"12922","Amsterdam_Oost",263,264,266,266,266,266,3,3
"12923","Amsterdam_West",125,125,125,125,125,125,0,0
"12924","Amsterdam_Zuid",60,60,60,60,60,60,0,0
"12925","Amsterdam_Zuid",170,170,170,170,170,150,-20,20
"12926","Amsterdam_Oost",200,200,200,200,200,200,0,0
"12927","Amsterdam_Noord",77,77,77,77,77,77,0,0
"12928","Amsterdam_Noord",190,207,207,207,214,214,24,24
"12929","Amsterdam_Zuid",200,200,200,200,200,200,0,0
"12930","Amsterdam_Oost",100,100,100,100,100,100,0,0
"12931","Amsterdam_West",160,160,160,160,160,160,0,0
"12932","Amsterdam_Center",80,80,80,80,80,80,0,0
"12933","Amsterdam_Oost",239,239,239,239,239,239,0,0
"12934","Amsterdam_Center",120,155,155,155,190,190,70,70
"12935","Amsterdam_Center",150,185,185,185,220,220,70,70
"12936","Amsterdam_West",210,210,210,210,210,210,0,0
"12937","Amsterdam_West",250,250,250,250,250,250,0,0
"12938","Amsterdam_Zuidoost",71,71,71,71,71,71,0,0
"12939","Amsterdam_Nieuw_west",73,73,73,73,73,73,0,0
"12940","Amsterdam_Nieuw_west",199,199,199,199,199,199,0,0
"12941","Amsterdam_Center",152,149,149,149,149,149,-3,3
"12942","Amsterdam_Center",250,250,250,250,250,250,0,0
"12943","Amsterdam_West",175,175,175,175,175,175,0,0
"12944","Amsterdam_Zuidoost",130,130,130,130,130,130,0,0
"12945","Amsterdam_Center",119,119,129,129,129,129,10,10
"12946","Amsterdam_West",140,140,140,140,140,140,0,0
"12947","Amsterdam_Oost",210,210,210,210,210,210,0,0
"12948","Amsterdam_Oost",275,275,275,275,275,275,0,0
"12949","Amsterdam_West",220,220,220,220,220,220,0,0
"12950","Amsterdam_West",199,199,199,199,199,199,0,0
"12951","Amsterdam_Center",160,160,160,160,160,160,0,0
"12952","Amsterdam_Center",285,285,285,285,285,285,0,0
"12953","Amsterdam_Center",325,325,325,325,325,325,0,0
"12954","Amsterdam_West",200,200,200,200,200,200,0,0
"12955","Amsterdam_Zuid",150,150,150,150,150,150,0,0
"12956","Amsterdam_Noord",200,200,200,200,200,200,0,0
"12957","Amsterdam_Zuidoost",150,150,150,150,150,150,0,0
"12958","Amsterdam_West",41,40,40,47,40,47,6,6
"12959","Amsterdam_Zuid",69,69,69,122,69,69,0,0
"12960","Amsterdam_Zuid",69,69,69,122,69,69,0,0
"12961","Amsterdam_West",183,215,215,150,150,215,32,32
"12962","Amsterdam_Zuid",195,195,195,195,195,195,0,0
"12963","Amsterdam_West",160,160,160,160,160,160,0,0
"12964","Amsterdam_West",181,181,181,181,181,181,0,0
"12965","Amsterdam_Center",130,130,130,130,130,130,0,0
"12966","Amsterdam_Oost",75,75,75,75,75,75,0,0
"12967","Amsterdam_West",67,51,38,45,52,49,-18,18
"12968","Amsterdam_West",175,175,175,175,175,175,0,0
"12969","Amsterdam_Zuid",129,129,86,155,155,152,23,23
"12970","Amsterdam_Noord",157,157,168,176,190,154,-3,3
"12971","Amsterdam_West",150,150,150,150,150,150,0,0
"12972","Amsterdam_Nieuw_west",99,99,99,99,99,99,0,0
"12973","Amsterdam_Zuid",265,265,265,265,265,265,0,0
"12974","Amsterdam_Noord",65,65,65,65,65,65,0,0
"12975","Amsterdam_Center",198,198,198,198,198,198,0,0
"12976","Amsterdam_Zuid",207,207,207,207,207,207,0,0
"12977","Amsterdam_Nieuw_west",186,186,186,186,186,186,0,0
"12978","Amsterdam_Oost",100,100,100,100,100,106,6,6
"12979","Amsterdam_Zuid",150,150,150,150,150,150,0,0
"12980","Amsterdam_West",190,190,190,76,70,70,-120,120
"12981","Amsterdam_Oost",125,125,125,125,125,125,0,0
"12982","Amsterdam_West",230,230,230,230,230,230,0,0
"12983","Amsterdam_Zuid",149,149,149,149,149,200,51,51
"12984","Amsterdam_Zuidoost",100,100,100,100,100,100,0,0
"12985","Amsterdam_Noord",20,16,15,18,25,18,-2,2
"12986","Amsterdam_Noord",17,16,16,18,31,27,10,10
"12987","Amsterdam_Noord",20,17,19,17,32,27,7,7
"12988","Amsterdam_Noord",19,20,17,17,29,25,6,6
"12989","Amsterdam_Noord",19,17,17,19,38,26,7,7
"12990","Amsterdam_Noord",20,21,19,21,30,21,1,1
"12991","Amsterdam_Noord",20,19,19,32,40,27,7,7
"12992","Amsterdam_Noord",44,50,36,40,56,47,3,3
"12993","Amsterdam_Noord",49,59,65,44,86,72,23,23
"12994","Amsterdam_Noord",85,99,116,79,123,100,15,15
"12995","Amsterdam_Noord",51,57,65,44,72,67,16,16
"12996","Amsterdam_Noord",22,22,22,21,42,24,2,2
"12997","Amsterdam_Oost",180,180,180,180,180,180,0,0
"12998","Amsterdam_Center",63,63,63,63,63,63,0,0
"12999","Amsterdam_Oost",135,135,135,135,135,135,0,0
"13000","Amsterdam_Oost",129,129,129,129,129,129,0,0
"13001","Amsterdam_Center",165,165,165,165,165,165,0,0
"13002","Amsterdam_Oost",50,50,50,50,50,50,0,0
"13003","Amsterdam_West",170,170,170,170,170,170,0,0
"13004","Amsterdam_West",140,140,140,140,140,140,0,0
"13005","Amsterdam_Zuid",34,34,34,34,34,34,0,0
"13006","Amsterdam_Center",140,140,140,140,140,140,0,0
"13007","Amsterdam_West",80,80,80,80,80,80,0,0
"13008","Amsterdam_Zuid",157,157,157,157,157,157,0,0
"13009","Amsterdam_West",150,150,150,150,150,150,0,0
"13010","Amsterdam_Oost",78,78,78,78,78,96,18,18
"13011","Amsterdam_Noord",125,125,125,125,125,125,0,0
"13012","Amsterdam_West",216,233,233,233,233,233,17,17
"13013","Amsterdam_West",214,214,214,214,214,214,0,0
"13014","Amsterdam_Center",119,117,166,99,80,105,-14,14
"13015","Amsterdam_Zuid",250,250,250,250,250,250,0,0
"13016","Amsterdam_Center",153,153,153,153,153,153,0,0
"13017","Amsterdam_West",110,110,110,110,110,110,0,0
"13018","Amsterdam_West",45,45,45,45,45,45,0,0
"13019","Amsterdam_Zuid",120,120,120,120,120,120,0,0
"13020","Amsterdam_West",120,120,120,120,120,120,0,0
"13021","Amsterdam_West",98,98,98,98,98,98,0,0
"13022","Amsterdam_West",120,120,120,120,120,120,0,0
"13023","Amsterdam_Center",120,120,120,129,154,210,90,90
"13024","Amsterdam_Oost",225,225,225,225,225,225,0,0
"13025","Amsterdam_West",160,160,160,160,160,160,0,0
"13026","Amsterdam_West",403,402,398,394,403,394,-9,9
"13027","Amsterdam_West",149,149,149,149,149,149,0,0
"13028","Amsterdam_Nieuw_west",70,70,70,70,70,70,0,0
"13029","Amsterdam_Zuid",199,212,212,212,193,180,-19,19
"13030","Amsterdam_West",100,100,100,100,100,100,0,0
"13031","Amsterdam_West",200,200,200,200,200,200,0,0
"13032","Amsterdam_Center",120,120,120,120,120,200,80,80
"13033","Amsterdam_Zuid",75,75,85,75,75,75,0,0
"13034","Amsterdam_West",300,237,241,266,294,125,-175,175
"13035","Amsterdam_Oost",250,250,250,250,250,250,0,0
"13036","Amsterdam_Oost",140,140,140,140,140,140,0,0
"13037","Amsterdam_Center",250,250,250,250,250,250,0,0
"13038","Amsterdam_Zuid",90,90,90,90,90,90,0,0
"13039","Amsterdam_Oost",129,129,129,129,129,129,0,0
"13040","Amsterdam_Center",79,79,79,79,79,79,0,0
"13041","Amsterdam_Center",401,337,317,361,250,250,-151,151
"13042","Amsterdam_West",155,155,155,155,155,155,0,0
"13043","Amsterdam_Zuid",180,180,180,180,180,180,0,0
"13044","Amsterdam_West",206,206,206,206,206,206,0,0
"13045","Amsterdam_Center",75,75,75,75,75,115,40,40
"13046","Amsterdam_Center",375,375,375,375,375,375,0,0
"13047","Amsterdam_Nieuw_west",42,42,42,42,42,42,0,0
"13048","Amsterdam_Zuid",300,300,300,300,300,300,0,0
"13049","Amsterdam_Oost",160,160,160,160,160,160,0,0
"13050","Amsterdam_Center",60,60,60,45,45,68,8,8
"13051","Amsterdam_Oost",95,95,95,95,95,95,0,0
"13052","Amsterdam_Center",979,979,979,979,990,900,-79,79
"13053","Amsterdam_Nieuw_west",225,225,225,225,225,124,-101,101
"13054","Amsterdam_Oost",95,100,100,100,100,100,5,5
"13055","Amsterdam_Oost",93,90,90,90,90,90,-3,3
"13056","Amsterdam_Center",150,150,150,150,150,150,0,0
"13057","Amsterdam_West",60,60,60,60,60,60,0,0
"13058","Amsterdam_Zuid",100,100,100,100,100,100,0,0
"13059","Amsterdam_West",130,130,130,130,130,130,0,0
"13060","Amsterdam_West",150,150,150,150,150,150,0,0
"13061","Amsterdam_West",110,110,110,110,110,110,0,0
"13062","Amsterdam_Noord",83,83,83,83,83,83,0,0
"13063","Amsterdam_Zuid",130,130,130,130,130,130,0,0
"13064","Amsterdam_Oost",200,200,200,200,200,200,0,0
"13065","Amsterdam_West",99,99,99,99,99,99,0,0
"13066","Amsterdam_West",50,50,50,50,50,50,0,0
"13067","Amsterdam_Center",120,120,120,120,120,120,0,0
"13068","Amsterdam_Center",114,114,114,114,114,114,0,0
"13069","Amsterdam_Oost",146,146,146,146,146,146,0,0
"13070","Amsterdam_Zuid",35,70,99,120,146,214,179,179
"13071","Amsterdam_Nieuw_west",150,150,150,150,150,150,0,0
"13072","Amsterdam_Oost",199,199,199,199,199,199,0,0
"13073","Amsterdam_West",32,34,35,37,41,49,17,17
"13074","Amsterdam_Center",170,170,170,170,170,170,0,0
"13075","Amsterdam_Oost",233,194,135,135,135,135,-98,98
"13076","Amsterdam_Zuid",200,200,200,200,200,200,0,0
"13077","Amsterdam_West",143,143,143,143,143,143,0,0
"13078","Amsterdam_Oost",111,111,111,111,111,111,0,0
"13079","Amsterdam_Zuid",90,100,90,75,75,75,-15,15
"13080","Amsterdam_Zuidoost",95,95,95,95,95,95,0,0
"13081","Amsterdam_West",99,99,99,99,99,99,0,0
"13082","Amsterdam_Oost",300,300,300,300,300,300,0,0
"13083","Amsterdam_Zuidoost",435,435,435,435,435,435,0,0
"13084","Amsterdam_Oost",133,133,133,133,133,133,0,0
"13085","Amsterdam_West",48,48,48,48,48,48,0,0
"13086","Amsterdam_Center",120,120,120,120,120,120,0,0
"13087","Amsterdam_Zuid",206,206,206,206,206,206,0,0
"13088","Amsterdam_Zuid",105,121,109,94,84,92,-13,13
"13089","Amsterdam_Zuid",115,131,118,115,103,113,-2,2
"13090","Amsterdam_Zuid",96,112,104,84,79,86,-10,10
"13091","Amsterdam_Zuid",110,110,110,110,110,110,0,0
"13092","Amsterdam_Nieuw_west",180,180,180,180,180,180,0,0
"13093","Amsterdam_West",160,160,160,160,160,160,0,0
"13094","Amsterdam_Oost",125,125,125,125,125,125,0,0
"13095","Amsterdam_Oost",499,499,499,499,499,499,0,0
"13096","Amsterdam_Noord",133,133,133,133,133,133,0,0
"13097","Amsterdam_Zuid",148,148,148,148,148,148,0,0
"13098","Amsterdam_West",120,120,120,120,120,120,0,0
"13099","Amsterdam_Noord",175,175,175,175,175,150,-25,25
"13100","Amsterdam_Zuid",220,220,220,220,220,220,0,0
"13101","Amsterdam_Oost",45,45,45,45,45,45,0,0
"13102","Amsterdam_Oost",60,60,60,55,70,70,10,10
"13103","Amsterdam_Nieuw_west",468,468,468,468,468,468,0,0
"13104","Amsterdam_Nieuw_west",300,300,300,300,175,175,-125,125
"13105","Amsterdam_Zuid",150,128,100,106,119,110,-40,40
"13106","Amsterdam_West",199,199,199,199,199,199,0,0
"13107","Amsterdam_Nieuw_west",80,80,80,60,60,80,0,0
"13108","Amsterdam_Oost",123,120,120,120,120,120,-3,3
"13109","Amsterdam_Zuid",85,85,85,85,85,85,0,0
"13110","Amsterdam_Center",200,200,200,200,200,200,0,0
"13111","Amsterdam_Center",269,269,269,269,269,269,0,0
"13112","Amsterdam_Oost",120,120,120,120,120,120,0,0
"13113","Amsterdam_Noord",137,137,137,137,137,137,0,0
"13114","Amsterdam_Zuid",135,135,135,135,135,135,0,0
"13115","Amsterdam_West",100,100,100,100,90,90,-10,10
"13116","Amsterdam_West",164,164,164,164,164,164,0,0
"13117","Amsterdam_Center",170,170,170,170,170,183,13,13
"13118","Amsterdam_West",70,70,70,70,70,70,0,0
"13119","Amsterdam_Oost",150,150,150,150,150,150,0,0
"13120","Amsterdam_Oost",200,200,200,200,200,200,0,0
"13121","Amsterdam_Oost",80,80,80,80,80,80,0,0
"13122","Amsterdam_West",200,200,200,200,200,200,0,0
"13123","Amsterdam_Nieuw_west",132,126,129,135,150,155,23,23
"13124","Amsterdam_Nieuw_west",150,150,150,150,150,150,0,0
"13125","Amsterdam_Noord",150,150,150,150,150,133,-17,17
"13126","Amsterdam_Nieuw_west",130,130,130,130,130,110,-20,20
"13127","Amsterdam_West",230,230,230,230,230,230,0,0
"13128","Amsterdam_Center",150,150,150,150,150,150,0,0
"13129","Amsterdam_Noord",90,90,90,90,90,90,0,0
"13130","Amsterdam_Center",195,195,195,195,195,195,0,0
"13131","Amsterdam_West",175,200,200,200,200,200,25,25
"13132","Amsterdam_Oost",195,195,195,195,195,195,0,0
"13133","Amsterdam_West",140,140,140,140,140,140,0,0
"13134","Amsterdam_West",75,75,75,75,75,75,0,0
"13135","Amsterdam_Zuid",300,300,300,300,300,300,0,0
"13136","Amsterdam_West",54,54,54,54,54,54,0,0
"13137","Amsterdam_Oost",200,200,200,200,200,200,0,0
"13138","Amsterdam_Noord",160,160,160,160,160,160,0,0
"13139","Amsterdam_Noord",176,176,176,176,176,176,0,0
"13140","Amsterdam_Zuid",250,250,250,250,250,250,0,0
"13141","Amsterdam_Zuid",550,550,550,550,550,550,0,0
"13142","Amsterdam_Zuid",110,110,110,110,110,110,0,0
"13143","Amsterdam_Nieuw_west",245,245,245,245,245,245,0,0
"13144","Amsterdam_West",175,175,175,175,175,175,0,0
"13145","Amsterdam_Zuid",289,263,263,263,249,269,-20,20
"13146","Amsterdam_Oost",320,320,320,320,320,320,0,0
"13147","Amsterdam_Zuid",75,75,75,75,75,75,0,0
"13148","Amsterdam_Oost",100,100,100,100,100,100,0,0
"13149","Amsterdam_Nieuw_west",199,175,175,175,175,175,-24,24
"13150","Amsterdam_Center",175,175,175,175,175,175,0,0
"13151","Amsterdam_Zuidoost",48,48,48,48,48,48,0,0
"13152","Amsterdam_Zuid",228,228,228,228,228,228,0,0
"13153","Amsterdam_Center",220,220,220,220,220,220,0,0
"13154","Amsterdam_Zuidoost",33,33,34,35,35,35,2,2
"13155","Amsterdam_Zuid",500,500,500,500,500,500,0,0
"13156","Amsterdam_Zuid",185,185,185,185,185,185,0,0
"13157","Amsterdam_Noord",289,249,224,149,149,149,-140,140
"13158","Amsterdam_Center",235,235,235,235,235,235,0,0
"13159","Amsterdam_West",120,120,120,120,120,120,0,0
"13160","Amsterdam_West",132,132,132,132,132,132,0,0
"13161","Amsterdam_Nieuw_west",44,44,46,46,46,46,2,2
"13162","Amsterdam_Nieuw_west",83,83,83,83,83,83,0,0
"13163","Amsterdam_Zuid",200,200,200,200,200,200,0,0
"13164","Amsterdam_West",100,100,100,100,100,100,0,0
"13165","Amsterdam_Zuid",160,160,160,160,160,160,0,0
"13166","Amsterdam_Zuid",124,124,124,124,124,124,0,0
"13167","Amsterdam_West",70,70,69,75,88,106,36,36
"13168","Amsterdam_West",70,70,69,75,88,106,36,36
"13169","Amsterdam_Center",260,260,289,357,357,357,97,97
"13170","Amsterdam_West",250,250,250,250,250,250,0,0
"13171","Amsterdam_Center",203,192,230,230,250,192,-11,11
"13172","Amsterdam_Zuid",750,750,750,750,750,750,0,0
"13173","Amsterdam_Noord",120,120,120,120,120,120,0,0
"13174","Amsterdam_West",109,128,128,128,97,101,-8,8
"13175","Amsterdam_West",128,147,147,147,116,122,-6,6
"13176","Amsterdam_Center",137,157,157,157,126,133,-4,4
"13177","Amsterdam_Center",137,157,157,157,126,133,-4,4
"13178","Amsterdam_Noord",185,200,200,200,225,225,40,40
"13179","Amsterdam_West",66,68,89,66,60,65,-1,1
"13180","Amsterdam_West",68,70,93,68,62,66,-2,2
"13181","Amsterdam_Oost",164,164,164,164,164,164,0,0
"13182","Amsterdam_West",95,95,95,186,95,157,62,62
"13183","Amsterdam_Zuid",298,298,298,298,298,298,0,0
"13184","Amsterdam_Noord",124,117,130,140,154,154,30,30
"13185","Amsterdam_Center",48,50,300,300,300,300,252,252
"13186","Amsterdam_West",169,169,169,169,169,169,0,0
"13187","Amsterdam_Zuidoost",116,116,116,116,116,116,0,0
"13188","Amsterdam_Oost",150,150,150,150,150,150,0,0
"13189","Amsterdam_Oost",300,300,300,300,300,300,0,0
"13190","Amsterdam_Oost",110,110,110,110,110,110,0,0
"13191","Amsterdam_West",200,200,200,200,200,200,0,0
"13192","Amsterdam_Oost",275,275,275,275,275,275,0,0
"13193","Amsterdam_Zuid",147,150,150,150,150,140,-7,7
"13194","Amsterdam_West",175,175,175,175,175,175,0,0
"13195","Amsterdam_West",169,169,169,169,169,169,0,0
"13196","Amsterdam_Oost",140,140,140,140,140,140,0,0
"13197","Amsterdam_Oost",160,160,160,160,160,160,0,0
"13198","Amsterdam_West",175,175,175,175,175,175,0,0
"13199","Amsterdam_Zuid",100,100,100,100,100,100,0,0
"13200","Amsterdam_Center",210,210,210,210,210,210,0,0
"13201","Amsterdam_Zuid",139,125,125,125,125,85,-54,54
"13202","Amsterdam_Zuidoost",195,195,195,195,195,195,0,0
"13203","Amsterdam_Zuidoost",105,105,105,105,105,105,0,0
"13204","Amsterdam_Oost",76,76,76,76,76,76,0,0
"13205","Amsterdam_Center",88,88,88,88,88,88,0,0
"13206","Amsterdam_Nieuw_west",55,55,55,55,55,55,0,0
"13207","Amsterdam_Noord",150,150,150,150,150,150,0,0
"13208","Amsterdam_Zuid",200,200,200,200,200,200,0,0
"13209","Amsterdam_West",135,135,135,135,135,135,0,0
"13210","Amsterdam_Noord",129,129,129,129,129,129,0,0
"13211","Amsterdam_Noord",120,120,120,120,120,120,0,0
"13212","Amsterdam_Noord",85,85,90,100,100,80,-5,5
"13213","Amsterdam_Zuid",225,225,225,225,225,225,0,0
"13214","Amsterdam_West",150,150,150,150,150,150,0,0
"13215","Amsterdam_West",125,125,125,125,125,125,0,0
"13216","Amsterdam_Center",166,200,200,200,200,200,34,34
"13217","Amsterdam_Zuid",61,61,70,75,97,97,36,36
"13218","Amsterdam_Oost",217,199,199,199,199,295,78,78
"13219","Amsterdam_Center",89,89,89,89,89,121,32,32
"13220","Amsterdam_Zuid",50,50,50,50,50,50,0,0
"13221","Amsterdam_West",213,213,213,213,213,213,0,0
"13222","Amsterdam_West",26,20,90,20,25,90,64,64
"13223","Amsterdam_West",70,70,70,70,70,70,0,0
"13224","Amsterdam_West",120,120,120,120,120,120,0,0
"13225","Amsterdam_Oost",250,250,250,250,250,250,0,0
"13226","Amsterdam_Center",250,250,250,250,250,250,0,0
"13227","Amsterdam_Noord",69,69,69,69,69,69,0,0
"13228","Amsterdam_Noord",200,200,200,200,200,200,0,0
"13229","Amsterdam_Center",105,165,165,165,164,119,14,14
"13230","Amsterdam_Oost",400,400,400,400,400,400,0,0
"13231","Amsterdam_Oost",270,270,270,270,270,270,0,0
"13232","Amsterdam_Center",150,150,150,150,150,150,0,0
"13233","Amsterdam_West",150,150,150,150,150,150,0,0
"13234","Amsterdam_Zuid",105,105,105,105,105,105,0,0
"13235","Amsterdam_West",300,300,300,300,300,300,0,0
"13236","Amsterdam_Center",120,120,120,120,120,120,0,0
"13237","Amsterdam_Oost",50,41,43,53,35,45,-5,5
"13238","Amsterdam_Center",195,195,195,195,195,195,0,0
"13239","Amsterdam_West",275,275,275,149,149,149,-126,126
"13240","Amsterdam_Center",105,165,165,165,164,119,14,14
"13241","Amsterdam_Nieuw_west",135,135,135,135,135,135,0,0
"13242","Amsterdam_Oost",275,275,275,275,275,275,0,0
"13243","Amsterdam_Oost",175,175,175,175,175,175,0,0
"13244","Amsterdam_Zuid",169,179,179,179,179,189,20,20
"13245","Amsterdam_Zuid",139,149,149,149,149,159,20,20
"13246","Amsterdam_Zuidoost",35,35,35,35,35,35,0,0
"13247","Amsterdam_Oost",74,74,74,74,74,74,0,0
"13248","Amsterdam_Oost",74,74,74,74,74,74,0,0
"13249","Amsterdam_Oost",74,74,74,74,74,74,0,0
"13250","Amsterdam_Zuidoost",108,90,119,90,90,120,12,12
"13251","Amsterdam_West",202,202,202,250,250,250,48,48
"13252","Amsterdam_Zuid",250,180,175,197,224,175,-75,75
"13253","Amsterdam_Oost",125,125,125,125,125,125,0,0
"13254","Amsterdam_Oost",450,450,450,450,450,450,0,0
"13255","Amsterdam_Oost",90,90,90,90,90,90,0,0
"13256","Amsterdam_West",175,175,175,175,175,175,0,0
"13257","Amsterdam_West",55,55,55,55,55,55,0,0
"13258","Amsterdam_West",75,75,75,75,75,75,0,0
"13259","Amsterdam_West",200,200,200,200,200,200,0,0
"13260","Amsterdam_Zuidoost",44,44,46,46,46,46,2,2
"13261","Amsterdam_Oost",200,200,200,200,200,200,0,0
"13262","Amsterdam_Oost",150,150,150,150,150,150,0,0
"13263","Amsterdam_Center",209,209,209,209,209,209,0,0
"13264","Amsterdam_West",200,200,200,200,200,200,0,0
"13265","Amsterdam_Zuid",150,127,110,110,150,150,0,0
"13266","Amsterdam_West",200,200,200,200,200,200,0,0
"13267","Amsterdam_West",799,799,799,799,799,799,0,0
"13268","Amsterdam_Oost",150,150,150,150,150,150,0,0
"13269","Amsterdam_Noord",80,80,80,80,80,80,0,0
"13270","Amsterdam_West",149,130,130,130,130,130,-19,19
"13271","Amsterdam_Center",100,100,100,100,100,100,0,0
"13272","Amsterdam_West",100,100,100,100,100,100,0,0
"13273","Amsterdam_Zuid",180,180,180,180,180,180,0,0
"13274","Amsterdam_Zuid",80,80,80,80,80,80,0,0
"13275","Amsterdam_Oost",90,90,90,90,90,90,0,0
"13276","Amsterdam_West",100,100,100,100,100,100,0,0
"13277","Amsterdam_Center",120,120,120,120,120,120,0,0
"13278","Amsterdam_Center",23,23,24,25,37,35,12,12
"13279","Amsterdam_Zuid",100,100,100,100,100,100,0,0
"13280","Amsterdam_Zuid",200,200,200,200,200,200,0,0
"13281","Amsterdam_Noord",78,78,78,78,78,78,0,0
"13282","Amsterdam_West",125,125,125,125,125,125,0,0
"13283","Amsterdam_Zuid",150,150,150,150,150,150,0,0
"13284","Amsterdam_Oost",399,399,399,399,399,399,0,0
"13285","Amsterdam_Zuid",183,186,184,191,225,225,42,42
"13286","Amsterdam_Center",500,500,500,500,500,500,0,0
"13287","Amsterdam_Oost",169,169,169,169,169,169,0,0
"13288","Amsterdam_Zuidoost",100,100,100,100,100,100,0,0
"13289","Amsterdam_West",168,139,130,130,130,130,-38,38
"13290","Amsterdam_West",350,350,350,350,350,350,0,0
"13291","Amsterdam_Nieuw_west",241,185,185,185,181,170,-71,71
"13292","Amsterdam_Zuid",150,150,150,150,150,150,0,0
"13293","Amsterdam_West",125,125,125,125,125,125,0,0
"13294","Amsterdam_Nieuw_west",120,120,120,120,120,120,0,0
"13295","Amsterdam_Zuid",200,200,200,200,200,200,0,0
"13296","Amsterdam_Center",200,200,200,200,200,200,0,0
"13297","Amsterdam_Noord",112,165,165,165,114,151,39,39
"13298","Amsterdam_Noord",165,165,165,165,165,165,0,0
"13299","Amsterdam_West",160,160,160,160,160,160,0,0
"13300","Amsterdam_Nieuw_west",160,160,160,160,160,160,0,0
"13301","Amsterdam_West",85,85,85,169,85,132,47,47
"13302","Amsterdam_Noord",45,45,45,45,50,55,10,10
"13303","Amsterdam_Center",78,100,103,117,120,89,11,11
"13304","Amsterdam_West",64,96,82,76,55,146,82,82
"13305","Amsterdam_West",118,118,118,118,118,118,0,0
"13306","Amsterdam_Noord",65,65,65,65,65,65,0,0
"13307","Amsterdam_Nieuw_west",199,199,199,199,199,199,0,0
"13308","Amsterdam_West",199,199,199,199,199,199,0,0
"13309","Amsterdam_Zuid",200,200,200,200,200,200,0,0
"13310","Amsterdam_West",155,155,155,155,155,155,0,0
"13311","Amsterdam_Zuid",87,87,87,87,87,87,0,0
"13312","Amsterdam_West",85,85,85,156,85,115,30,30
"13313","Amsterdam_Zuid",220,220,220,220,220,220,0,0
"13314","Amsterdam_West",280,280,280,280,280,280,0,0
"13315","Amsterdam_Oost",120,120,120,120,120,120,0,0
"13316","Amsterdam_Center",145,145,145,145,145,145,0,0
"13317","Amsterdam_Oost",95,95,95,95,95,95,0,0
"13318","Amsterdam_Oost",289,289,289,289,289,289,0,0
"13319","Amsterdam_Center",250,250,250,250,250,250,0,0
"13320","Amsterdam_Noord",450,450,450,450,450,450,0,0
"13321","Amsterdam_West",100,100,100,100,100,100,0,0
"13322","Amsterdam_West",140,140,140,140,140,140,0,0
"13323","Amsterdam_Zuid",159,159,158,158,159,171,12,12
"13324","Amsterdam_Oost",200,200,200,200,200,200,0,0
"13325","Amsterdam_West",55,55,55,55,55,55,0,0
"13326","Amsterdam_West",495,495,495,495,495,495,0,0
"13327","Amsterdam_Zuid",250,250,250,250,250,250,0,0
"13328","Amsterdam_West",105,105,105,189,105,160,55,55
"13329","Amsterdam_West",230,230,230,230,230,230,0,0
"13330","Amsterdam_West",330,330,330,330,330,330,0,0
"13331","Amsterdam_Center",400,400,400,400,400,400,0,0
"13332","Amsterdam_West",150,150,150,150,150,150,0,0
"13333","Amsterdam_Oost",114,114,114,114,114,114,0,0
"13334","Amsterdam_Center",135,135,135,135,135,135,0,0
"13335","Amsterdam_West",120,120,120,120,120,120,0,0
"13336","Amsterdam_Oost",150,150,150,150,150,150,0,0
"13337","Amsterdam_Oost",65,65,65,65,65,65,0,0
"13338","Amsterdam_Nieuw_west",200,200,200,200,200,200,0,0
"13339","Amsterdam_Zuid",120,120,120,120,120,120,0,0
"13340","Amsterdam_Zuid",55,55,55,55,55,55,0,0
"13341","Amsterdam_Oost",700,700,700,700,700,700,0,0
"13342","Amsterdam_Nieuw_west",90,90,90,90,90,90,0,0
"13343","Amsterdam_Noord",89,89,89,89,89,89,0,0
"13344","Amsterdam_Zuid",125,125,125,125,125,125,0,0
"13345","Amsterdam_Noord",125,125,125,125,125,125,0,0
"13346","Amsterdam_Center",250,250,250,250,250,250,0,0
"13347","Amsterdam_Nieuw_west",170,170,170,170,170,170,0,0
"13348","Amsterdam_Zuid",129,129,129,129,129,129,0,0
"13349","Amsterdam_Noord",83,83,83,83,83,83,0,0
"13350","Amsterdam_Oost",250,250,250,250,250,250,0,0
"13351","Amsterdam_West",150,150,150,150,150,150,0,0
"13352","Amsterdam_Noord",200,200,200,200,200,200,0,0
"13353","Amsterdam_West",150,150,150,150,150,150,0,0
"13354","Amsterdam_West",130,130,130,130,130,130,0,0
"13355","Amsterdam_Nieuw_west",71,95,95,95,95,95,24,24
"13356","Amsterdam_Oost",50,50,50,50,50,50,0,0
"13357","Amsterdam_Center",126,126,126,126,126,126,0,0
"13358","Amsterdam_Center",200,200,200,200,200,200,0,0
"13359","Amsterdam_West",200,200,200,200,200,200,0,0
"13360","Amsterdam_West",275,275,275,275,275,275,0,0
"13361","Amsterdam_West",80,80,80,80,80,80,0,0
"13362","Amsterdam_Nieuw_west",140,140,140,140,140,140,0,0
"13363","Amsterdam_Nieuw_west",82,82,82,82,82,55,-27,27
"13364","Amsterdam_Oost",140,140,140,140,140,140,0,0
"13365","Amsterdam_Oost",229,229,229,229,229,229,0,0
"13366","Amsterdam_West",150,150,150,150,150,150,0,0
"13367","Amsterdam_West",129,129,129,129,129,129,0,0
"13368","Amsterdam_Center",175,175,175,175,175,175,0,0
"13369","Amsterdam_Noord",140,140,140,140,140,140,0,0
"13370","Amsterdam_Oost",159,159,159,159,159,159,0,0
"13371","Amsterdam_West",150,150,150,150,150,150,0,0
"13372","Amsterdam_Zuid",260,260,260,260,260,260,0,0
"13373","Amsterdam_Oost",99,99,99,99,99,99,0,0
"13374","Amsterdam_Zuid",65,64,60,60,60,60,-5,5
"13375","Amsterdam_West",175,175,175,175,175,175,0,0
"13376","Amsterdam_Center",79,67,108,241,135,94,15,15
"13377","Amsterdam_Center",134,147,125,130,137,128,-6,6
"13378","Amsterdam_Center",119,155,155,83,122,142,23,23
"13379","Amsterdam_Center",79,72,113,241,135,90,11,11
"13380","Amsterdam_West",150,150,150,150,150,150,0,0
"13381","Amsterdam_Noord",69,69,69,69,69,69,0,0
"13382","Amsterdam_West",153,153,153,153,153,153,0,0
"13383","Amsterdam_Center",180,180,180,180,180,180,0,0
"13384","Amsterdam_West",94,94,94,94,94,94,0,0
"13385","Amsterdam_Zuid",139,139,139,139,139,139,0,0
"13386","Amsterdam_West",120,120,120,120,120,120,0,0
"13387","Amsterdam_Oost",125,95,70,70,70,70,-55,55
"13388","Amsterdam_West",180,180,180,180,180,180,0,0
"13389","Amsterdam_Zuid",240,240,240,240,206,225,-15,15
"13390","Amsterdam_Zuid",199,199,199,199,199,199,0,0
"13391","Amsterdam_Center",69,71,94,69,62,69,0,0
"13392","Amsterdam_West",100,100,100,100,100,100,0,0
"13393","Amsterdam_Oost",74,80,69,80,80,80,6,6
"13394","Amsterdam_Zuid",200,200,200,200,200,200,0,0
"13395","Amsterdam_West",225,225,225,225,225,225,0,0
"13396","Amsterdam_Center",200,200,200,200,200,200,0,0
"13397","Amsterdam_West",80,80,80,80,80,80,0,0
"13398","Amsterdam_Noord",200,200,200,200,200,200,0,0
"13399","Amsterdam_Zuid",280,280,280,280,280,280,0,0
"13400","Amsterdam_Oost",90,90,90,90,90,90,0,0
"13401","Amsterdam_Oost",275,275,275,275,275,275,0,0
"13402","Amsterdam_West",199,199,199,199,199,199,0,0
"13403","Amsterdam_Noord",53,65,65,65,65,65,12,12
"13404","Amsterdam_West",150,150,150,150,150,150,0,0
"13405","Amsterdam_Center",65,65,65,65,65,65,0,0
"13406","Amsterdam_West",106,106,106,106,106,106,0,0
"13407","Amsterdam_Oost",200,200,200,200,200,200,0,0
"13408","Amsterdam_Zuidoost",94,94,94,87,87,87,-7,7
"13409","Amsterdam_West",300,300,300,300,300,300,0,0
"13410","Amsterdam_West",160,160,160,160,160,160,0,0
"13411","Amsterdam_West",225,225,225,225,225,225,0,0
"13412","Amsterdam_West",105,105,105,105,105,105,0,0
"13413","Amsterdam_Oost",130,130,130,130,130,130,0,0
"13414","Amsterdam_West",29,29,29,29,29,29,0,0
"13415","Amsterdam_West",171,171,171,171,171,171,0,0
"13416","Amsterdam_Zuid",150,143,150,150,150,150,0,0
"13417","Amsterdam_Zuid",425,425,425,425,425,425,0,0
"13418","Amsterdam_Noord",149,149,149,149,149,149,0,0
"13419","Amsterdam_West",249,249,249,249,249,270,21,21
"13420","Amsterdam_West",138,138,138,138,138,138,0,0
"13421","Amsterdam_Zuid",220,220,220,220,220,220,0,0
"13422","Amsterdam_West",158,158,158,158,158,158,0,0
"13423","Amsterdam_West",20,30,23,25,25,32,12,12
"13424","Amsterdam_Zuid",94,94,94,94,94,106,12,12
"13425","Amsterdam_Oost",200,200,200,200,200,200,0,0
"13426","Amsterdam_Oost",400,400,400,400,400,400,0,0
"13427","Amsterdam_West",150,140,140,140,140,140,-10,10
"13428","Amsterdam_West",115,115,115,115,115,115,0,0
"13429","Amsterdam_Center",190,190,190,190,190,190,0,0
"13430","Amsterdam_West",180,180,180,180,180,180,0,0
"13431","Amsterdam_West",59,43,42,48,45,50,-9,9
"13432","Amsterdam_Zuid",150,150,150,150,150,160,10,10
"13433","Amsterdam_Oost",110,110,110,110,110,110,0,0
"13434","Amsterdam_Center",182,182,182,182,182,182,0,0
"13435","Amsterdam_West",325,325,325,325,325,325,0,0
"13436","Amsterdam_Noord",135,135,135,135,135,135,0,0
"13437","Amsterdam_West",40,40,40,40,40,40,0,0
"13438","Amsterdam_Center",200,200,200,200,200,200,0,0
"13439","Amsterdam_Center",134,134,134,134,134,134,0,0
"13440","Amsterdam_West",150,150,150,150,150,150,0,0
"13441","Amsterdam_West",150,150,150,150,150,150,0,0
"13442","Amsterdam_Center",250,284,284,284,284,284,34,34
"13443","Amsterdam_Zuid",225,225,225,225,225,225,0,0
"13444","Amsterdam_Oost",150,150,150,150,150,150,0,0
"13445","Amsterdam_West",145,145,145,145,145,145,0,0
"13446","Amsterdam_Center",253,199,185,157,178,203,-50,50
"13447","Amsterdam_Zuid",120,120,120,120,120,120,0,0
"13448","Amsterdam_Noord",70,70,70,70,70,70,0,0
"13449","Amsterdam_West",140,140,140,140,140,140,0,0
"13450","Amsterdam_West",130,130,130,130,130,130,0,0
"13451","Amsterdam_West",200,200,200,200,200,200,0,0
"13452","Amsterdam_Noord",149,149,149,149,149,149,0,0
"13453","Amsterdam_West",150,150,150,150,150,150,0,0
"13454","Amsterdam_Noord",98,98,98,98,98,98,0,0
"13455","Amsterdam_Noord",199,199,199,199,199,299,100,100
"13456","Amsterdam_Zuid",180,180,180,180,180,180,0,0
"13457","Amsterdam_West",329,329,329,329,329,329,0,0
"13458","Amsterdam_West",145,145,145,145,145,145,0,0
"13459","Amsterdam_West",149,149,149,149,149,149,0,0
"13460","Amsterdam_Center",120,120,120,120,120,120,0,0
"13461","Amsterdam_West",179,179,179,179,179,179,0,0
"13462","Amsterdam_Zuid",150,150,150,150,150,150,0,0
"13463","Amsterdam_Zuid",137,137,137,137,137,137,0,0
"13464","Amsterdam_Oost",85,85,85,85,85,85,0,0
"13465","Amsterdam_West",300,300,300,300,300,300,0,0
"13466","Amsterdam_Oost",149,149,150,149,149,149,0,0
"13467","Amsterdam_Zuid",140,140,140,140,125,125,-15,15
"13468","Amsterdam_Oost",199,199,199,199,199,199,0,0
"13469","Amsterdam_Zuid",135,135,135,135,135,135,0,0
"13470","Amsterdam_Center",139,139,139,139,139,139,0,0
"13471","Amsterdam_Zuid",69,69,69,69,69,75,6,6
"13472","Amsterdam_Zuid",75,75,75,75,75,75,0,0
"13473","Amsterdam_Center",99,134,98,98,86,178,79,79
"13474","Amsterdam_Oost",250,250,250,250,250,250,0,0
"13475","Amsterdam_West",110,110,110,110,110,110,0,0
"13476","Amsterdam_Center",314,280,350,350,350,350,36,36
"13477","Amsterdam_Zuid",225,225,225,225,225,225,0,0
"13478","Amsterdam_West",175,175,175,175,95,95,-80,80
"13479","Amsterdam_Center",232,232,232,232,232,232,0,0
"13480","Amsterdam_Center",131,131,131,131,131,131,0,0
"13481","Amsterdam_Oost",150,150,150,150,150,150,0,0
"13482","Amsterdam_Zuid",120,120,120,120,120,120,0,0
"13483","Amsterdam_Oost",149,149,149,149,149,149,0,0
"13484","Amsterdam_Center",210,210,210,210,210,210,0,0
"13485","Amsterdam_Oost",130,130,130,130,130,130,0,0
"13486","Amsterdam_Zuidoost",80,80,80,80,80,80,0,0
"13487","Amsterdam_West",160,160,160,160,160,160,0,0
"13488","Amsterdam_Center",180,180,180,180,180,180,0,0
"13489","Amsterdam_Nieuw_west",155,155,155,155,155,155,0,0
"13490","Amsterdam_Center",1000,1000,1000,1000,1000,1000,0,0
"13491","Amsterdam_Oost",139,139,139,139,139,139,0,0
"13492","Amsterdam_Nieuw_west",59,59,59,59,59,59,0,0
"13493","Amsterdam_Zuid",88,88,88,88,88,88,0,0
"13494","Amsterdam_Zuid",172,119,149,125,146,133,-39,39
"13495","Amsterdam_Zuid",150,150,150,150,150,150,0,0
"13496","Amsterdam_Center",200,200,200,200,200,200,0,0
"13497","Amsterdam_Center",250,250,250,250,250,250,0,0
"13498","Amsterdam_Oost",250,250,250,250,250,250,0,0
"13499","Amsterdam_West",100,100,100,100,100,100,0,0
"13500","Amsterdam_Center",250,250,250,250,250,250,0,0
"13501","Amsterdam_West",135,135,155,155,155,155,20,20
"13502","Amsterdam_West",95,95,95,95,95,95,0,0
"13503","Amsterdam_Noord",110,110,110,110,110,110,0,0
"13504","Amsterdam_Nieuw_west",60,60,60,60,60,60,0,0
"13505","Amsterdam_West",79,79,79,79,79,79,0,0
"13506","Amsterdam_Zuid",175,175,175,175,175,175,0,0
"13507","Amsterdam_West",329,329,329,329,329,329,0,0
"13508","Amsterdam_West",300,300,300,300,300,300,0,0
"13509","Amsterdam_West",94,94,94,94,94,94,0,0
"13510","Amsterdam_Zuid",50,50,50,50,50,50,0,0
"13511","Amsterdam_Zuid",150,150,150,150,150,150,0,0
"13512","Amsterdam_West",225,225,225,225,225,225,0,0
"13513","Amsterdam_West",150,150,150,150,160,150,0,0
"13514","Amsterdam_West",167,167,167,167,167,167,0,0
"13515","Amsterdam_Oost",110,110,110,110,110,110,0,0
"13516","Amsterdam_Center",750,750,750,750,750,750,0,0
"13517","Amsterdam_Oost",149,149,149,149,149,149,0,0
"13518","Amsterdam_West",130,130,130,130,130,130,0,0
"13519","Amsterdam_Nieuw_west",109,109,109,109,109,109,0,0
"13520","Amsterdam_West",134,134,134,134,134,134,0,0
"13521","Amsterdam_West",142,142,142,142,142,142,0,0
"13522","Amsterdam_West",88,75,97,107,120,112,24,24
"13523","Amsterdam_Noord",120,120,120,120,120,120,0,0
"13524","Amsterdam_West",325,325,325,325,325,325,0,0
"13525","Amsterdam_Center",140,140,140,140,140,140,0,0
"13526","Amsterdam_Oost",287,500,500,500,500,500,213,213
"13527","Amsterdam_Zuid",145,145,145,145,145,145,0,0
"13528","Amsterdam_Oost",106,106,106,106,106,106,0,0
"13529","Amsterdam_West",130,130,130,130,130,130,0,0
"13530","Amsterdam_West",80,80,80,80,80,80,0,0
"13531","Amsterdam_Noord",300,300,300,300,300,300,0,0
"13532","Amsterdam_West",95,95,95,95,95,95,0,0
"13533","Amsterdam_Oost",50,50,50,50,50,50,0,0
"13534","Amsterdam_Zuid",395,395,395,395,395,395,0,0
"13535","Amsterdam_West",185,185,185,185,185,185,0,0
"13536","Amsterdam_West",215,215,215,215,215,280,65,65
"13537","Amsterdam_West",200,200,200,200,200,200,0,0
"13538","Amsterdam_Zuid",299,299,299,299,299,299,0,0
"13539","Amsterdam_Nieuw_west",350,350,350,350,350,350,0,0
"13540","Amsterdam_Oost",200,200,200,200,200,200,0,0
"13541","Amsterdam_Zuid",100,100,100,100,145,145,45,45
"13542","Amsterdam_West",50,50,50,50,50,50,0,0
"13543","Amsterdam_Oost",80,80,80,80,80,80,0,0
"13544","Amsterdam_West",114,114,114,114,114,114,0,0
"13545","Amsterdam_Center",150,150,150,150,150,150,0,0
"13546","Amsterdam_Zuid",250,250,250,250,250,250,0,0
"13547","Amsterdam_Oost",300,300,300,300,300,300,0,0
"13548","Amsterdam_Oost",358,358,358,358,450,450,92,92
"13549","Amsterdam_Center",252,252,252,252,120,135,-117,117
"13550","Amsterdam_Oost",299,299,299,299,299,299,0,0
"13551","Amsterdam_Noord",146,146,146,146,146,146,0,0
"13552","Amsterdam_West",200,200,200,200,200,200,0,0
"13553","Amsterdam_Center",149,99,99,99,99,99,-50,50
"13554","Amsterdam_West",85,85,85,85,85,85,0,0
"13555","Amsterdam_West",235,235,235,235,235,235,0,0
"13556","Amsterdam_West",195,195,195,195,195,195,0,0
"13557","Amsterdam_West",400,400,400,400,400,400,0,0
"13558","Amsterdam_Zuid",500,500,500,500,500,500,0,0
"13559","Amsterdam_West",130,130,130,130,130,130,0,0
"13560","Amsterdam_Oost",119,119,119,119,119,119,0,0
"13561","Amsterdam_West",189,189,189,189,189,189,0,0
"13562","Amsterdam_West",230,230,230,230,230,230,0,0
"13563","Amsterdam_Noord",90,90,90,90,90,90,0,0
"13564","Amsterdam_Noord",95,95,95,95,95,95,0,0
"13565","Amsterdam_West",101,110,110,110,110,110,9,9
"13566","Amsterdam_West",230,230,230,230,230,230,0,0
"13567","Amsterdam_Zuidoost",49,49,49,49,49,49,0,0
"13568","Amsterdam_West",80,80,80,80,80,80,0,0
"13569","Amsterdam_Oost",171,170,159,140,140,140,-31,31
"13570","Amsterdam_West",194,194,194,194,194,194,0,0
"13571","Amsterdam_Nieuw_west",225,225,225,225,225,225,0,0
"13572","Amsterdam_West",120,120,120,120,120,120,0,0
"13573","Amsterdam_West",140,140,140,140,140,140,0,0
"13574","Amsterdam_Noord",175,175,175,175,175,175,0,0
"13575","Amsterdam_West",180,180,180,180,180,180,0,0
"13576","Amsterdam_Oost",80,80,80,80,80,80,0,0
"13577","Amsterdam_Zuid",420,420,420,420,420,420,0,0
"13578","Amsterdam_Zuid",150,150,150,150,150,150,0,0
"13579","Amsterdam_Nieuw_west",111,111,111,111,111,111,0,0
"13580","Amsterdam_Noord",115,115,115,115,115,115,0,0
"13581","Amsterdam_Oost",130,130,130,130,130,130,0,0
"13582","Amsterdam_West",175,175,175,175,175,175,0,0
"13583","Amsterdam_Oost",180,180,180,180,180,180,0,0
"13584","Amsterdam_Noord",200,200,200,200,200,200,0,0
"13585","Amsterdam_Oost",200,200,200,200,200,200,0,0
"13586","Amsterdam_West",157,145,145,145,145,145,-12,12
"13587","Amsterdam_West",200,200,200,200,200,200,0,0
"13588","Amsterdam_Noord",107,107,107,107,107,107,0,0
"13589","Amsterdam_Oost",222,222,222,222,222,222,0,0
"13590","Amsterdam_Zuid",215,215,215,215,215,215,0,0
"13591","Amsterdam_West",150,150,150,150,150,150,0,0
"13592","Amsterdam_West",90,90,90,90,90,90,0,0
"13593","Amsterdam_Oost",93,93,93,93,93,93,0,0
"13594","Amsterdam_Center",225,225,225,225,225,225,0,0
"13595","Amsterdam_West",157,157,157,165,179,144,-13,13
"13596","Amsterdam_West",50,50,50,50,50,50,0,0
"13597","Amsterdam_Noord",120,120,120,120,120,120,0,0
"13598","Amsterdam_West",165,165,165,165,165,165,0,0
"13599","Amsterdam_Oost",144,144,144,144,144,144,0,0
"13600","Amsterdam_Zuid",150,150,150,150,150,150,0,0
"13601","Amsterdam_Center",75,50,50,50,50,50,-25,25
"13602","Amsterdam_Center",90,90,90,90,90,90,0,0
"13603","Amsterdam_Center",112,112,112,112,112,112,0,0
"13604","Amsterdam_Center",229,229,229,229,229,229,0,0
"13605","Amsterdam_Oost",199,199,199,199,199,199,0,0
"13606","Amsterdam_Oost",100,100,100,100,100,100,0,0
"13607","Amsterdam_Center",275,275,275,275,275,235,-40,40
"13608","Amsterdam_Zuid",229,229,229,229,229,229,0,0
"13609","Amsterdam_West",130,130,130,130,130,130,0,0
"13610","Amsterdam_Noord",180,180,180,180,180,180,0,0
"13611","Amsterdam_Oost",198,198,198,198,198,198,0,0
"13612","Amsterdam_West",195,195,195,195,195,195,0,0
"13613","Amsterdam_Nieuw_west",80,80,80,80,80,80,0,0
"13614","Amsterdam_Center",200,200,200,200,200,200,0,0
"13615","Amsterdam_West",35,36,36,36,42,36,1,1
"13616","Amsterdam_West",179,179,179,179,179,179,0,0
"13617","Amsterdam_Zuid",200,200,200,200,200,200,0,0
"13618","Amsterdam_Zuid",60,60,60,60,60,60,0,0
"13619","Amsterdam_Zuid",344,275,275,343,343,343,-1,1
"13620","Amsterdam_Center",361,361,361,361,361,361,0,0
"13621","Amsterdam_Center",100,100,100,100,100,100,0,0
"13622","Amsterdam_West",80,80,80,80,80,80,0,0
"13623","Amsterdam_Noord",114,104,104,104,104,104,-10,10
"13624","Amsterdam_West",65,65,65,65,65,65,0,0
"13625","Amsterdam_Oost",80,91,106,90,103,89,9,9
"13626","Amsterdam_Oost",890,890,890,890,890,890,0,0
"13627","Amsterdam_West",139,139,139,139,139,139,0,0
"13628","Amsterdam_West",395,395,395,395,395,395,0,0
"13629","Amsterdam_Zuid",230,230,230,230,230,230,0,0
"13630","Amsterdam_West",163,163,163,163,163,163,0,0
"13631","Amsterdam_Zuidoost",275,275,275,275,275,275,0,0
"13632","Amsterdam_West",199,199,199,199,199,199,0,0
"13633","Amsterdam_Center",250,250,250,250,250,250,0,0
"13634","Amsterdam_Center",93,113,161,143,214,189,96,96
"13635","Amsterdam_Center",108,132,187,166,249,220,112,112
"13636","Amsterdam_Center",95,95,95,95,95,95,0,0
"13637","Amsterdam_Zuid",100,100,100,100,100,100,0,0
"13638","Amsterdam_Center",143,143,143,143,143,143,0,0
"13639","Amsterdam_Zuid",143,143,143,143,143,143,0,0
"13640","Amsterdam_West",120,120,120,120,120,120,0,0
"13641","Amsterdam_West",130,130,130,130,130,130,0,0
"13642","Amsterdam_West",280,280,280,280,280,280,0,0
"13643","Amsterdam_Zuid",66,66,66,66,66,66,0,0
"13644","Amsterdam_Center",182,182,182,182,182,182,0,0
"13645","Amsterdam_Nieuw_west",115,115,115,115,115,115,0,0
"13646","Amsterdam_West",150,150,150,150,150,150,0,0
"13647","Amsterdam_Zuidoost",99,99,99,99,99,99,0,0
"13648","Amsterdam_Oost",90,90,90,90,90,90,0,0
"13649","Amsterdam_Center",150,150,150,150,150,150,0,0
"13650","Amsterdam_West",75,75,75,120,75,105,30,30
"13651","Amsterdam_Center",175,175,175,175,175,175,0,0
"13652","Amsterdam_West",375,375,375,375,375,375,0,0
"13653","Amsterdam_West",100,93,90,100,100,100,0,0
"13654","Amsterdam_Zuid",420,420,420,420,420,420,0,0
"13655","Amsterdam_Center",100,100,100,100,100,100,0,0
"13656","Amsterdam_Oost",225,225,225,225,225,225,0,0
"13657","Amsterdam_Center",160,160,160,160,160,160,0,0
"13658","Amsterdam_Oost",200,200,200,200,200,200,0,0
"13659","Amsterdam_Nieuw_west",72,72,72,72,72,72,0,0
"13660","Amsterdam_Oost",60,60,60,85,85,85,25,25
"13661","Amsterdam_Oost",50,50,50,47,50,50,0,0
"13662","Amsterdam_Center",375,375,375,375,375,375,0,0
"13663","Amsterdam_Center",65,50,70,50,50,50,-15,15
"13664","Amsterdam_Center",229,229,229,229,229,229,0,0
"13665","Amsterdam_Zuid",121,121,121,121,121,121,0,0
"13666","Amsterdam_Center",170,179,170,187,188,163,-7,7
"13667","Amsterdam_Center",220,220,220,220,220,220,0,0
"13668","Amsterdam_Noord",70,70,70,70,70,70,0,0
"13669","Amsterdam_Center",130,130,130,130,130,130,0,0
"13670","Amsterdam_West",125,125,125,125,125,125,0,0
"13671","Amsterdam_West",186,80,80,80,80,80,-106,106
"13672","Amsterdam_West",189,189,189,189,189,189,0,0
"13673","Amsterdam_West",180,180,180,180,180,180,0,0
"13674","Amsterdam_Oost",108,77,77,74,117,116,8,8
"13675","Amsterdam_Zuid",150,150,150,150,150,150,0,0
"13676","Amsterdam_Oost",200,200,200,200,200,200,0,0
"13677","Amsterdam_Center",66,66,66,66,66,66,0,0
"13678","Amsterdam_West",275,275,275,275,275,275,0,0
"13679","Amsterdam_Oost",75,75,180,180,100,100,25,25
"13680","Amsterdam_Oost",150,150,150,150,150,150,0,0
"13681","Amsterdam_West",180,180,180,180,180,180,0,0
"13682","Amsterdam_West",120,120,120,120,120,120,0,0
"13683","Amsterdam_Noord",180,180,180,180,180,180,0,0
"13684","Amsterdam_Center",501,501,501,501,501,501,0,0
"13685","Amsterdam_Zuid",80,80,91,80,80,80,0,0
"13686","Amsterdam_Zuidoost",120,120,120,100,109,120,0,0
"13687","Amsterdam_West",125,125,125,125,125,125,0,0
"13688","Amsterdam_Center",424,424,424,424,424,424,0,0
"13689","Amsterdam_Zuid",250,250,250,250,250,250,0,0
"13690","Amsterdam_Center",385,385,385,385,385,385,0,0
"13691","Amsterdam_Center",223,223,223,223,223,223,0,0
"13692","Amsterdam_Center",468,468,468,468,468,468,0,0
"13693","Amsterdam_Center",346,346,346,346,346,346,0,0
"13694","Amsterdam_Center",424,424,424,424,424,424,0,0
"13695","Amsterdam_Oost",175,175,175,175,175,175,0,0
"13696","Amsterdam_Oost",200,200,200,200,200,200,0,0
"13697","Amsterdam_Zuid",150,150,150,150,150,150,0,0
"13698","Amsterdam_West",150,150,150,150,150,150,0,0
"13699","Amsterdam_West",65,65,65,65,65,65,0,0
"13700","Amsterdam_Center",300,300,300,300,300,300,0,0
"13701","Amsterdam_Oost",49,49,49,49,49,49,0,0
"13702","Amsterdam_Zuid",198,198,198,198,198,198,0,0
"13703","Amsterdam_Center",200,200,200,200,200,200,0,0
"13704","Amsterdam_Zuid",205,205,205,205,205,205,0,0
"13705","Amsterdam_Zuid",196,196,220,220,220,220,24,24
"13706","Amsterdam_Nieuw_west",106,106,106,106,106,106,0,0
"13707","Amsterdam_Zuid",40,40,40,40,40,40,0,0
"13708","Amsterdam_West",93,93,93,93,93,93,0,0
"13709","Amsterdam_Zuid",380,380,380,380,380,380,0,0
"13710","Amsterdam_Nieuw_west",220,220,220,220,220,220,0,0
"13711","Amsterdam_West",200,200,200,200,200,200,0,0
"13712","Amsterdam_West",99,99,99,99,99,99,0,0
"13713","Amsterdam_Zuid",390,390,390,390,390,390,0,0
"13714","Amsterdam_West",125,125,125,125,125,125,0,0
"13715","Amsterdam_Oost",199,199,199,199,199,199,0,0
"13716","Amsterdam_Zuid",430,430,430,430,430,430,0,0
"13717","Amsterdam_Oost",110,110,110,110,110,110,0,0
"13718","Amsterdam_Center",132,132,132,132,132,132,0,0
"13719","Amsterdam_Noord",246,197,198,218,193,140,-106,106
"13720","Amsterdam_Noord",75,70,74,76,74,81,6,6
"13721","Amsterdam_West",145,145,145,145,145,145,0,0
"13722","Amsterdam_West",200,200,200,200,200,200,0,0
"13723","Amsterdam_Oost",61,61,61,61,50,54,-7,7
"13724","Amsterdam_Zuid",70,70,70,70,70,70,0,0
"13725","Amsterdam_Center",150,150,150,150,150,150,0,0
"13726","Amsterdam_West",195,195,195,195,195,195,0,0
"13727","Amsterdam_Noord",60,60,60,75,75,75,15,15
"13728","Amsterdam_Zuid",200,200,200,200,200,200,0,0
"13729","Amsterdam_Zuid",80,80,80,80,80,80,0,0
"13730","Amsterdam_Nieuw_west",249,249,249,249,249,249,0,0
"13731","Amsterdam_West",65,65,65,65,65,65,0,0
"13732","Amsterdam_Zuidoost",47,31,31,31,31,31,-16,16
"13733","Amsterdam_West",100,100,100,100,100,100,0,0
"13734","Amsterdam_Center",339,339,339,339,450,450,111,111
"13735","Amsterdam_West",130,130,130,130,130,130,0,0
"13736","Amsterdam_Oost",23,23,24,19,33,31,8,8
"13737","Amsterdam_Oost",124,92,92,88,132,135,11,11
"13738","Amsterdam_West",119,119,119,119,119,119,0,0
"13739","Amsterdam_West",273,273,273,273,273,273,0,0
"13740","Amsterdam_Zuid",150,150,150,150,150,193,43,43
"13741","Amsterdam_West",74,91,128,99,575,575,501,501
"13742","Amsterdam_Center",74,92,130,91,575,575,501,501
"13743","Amsterdam_Center",199,199,199,199,199,199,0,0
"13744","Amsterdam_Oost",250,250,250,250,250,250,0,0
"13745","Amsterdam_Center",450,450,450,450,450,450,0,0
"13746","Amsterdam_Zuid",275,275,275,275,275,275,0,0
"13747","Amsterdam_Center",165,165,165,165,165,165,0,0
"13748","Amsterdam_Oost",100,100,100,100,100,100,0,0
"13749","Amsterdam_West",198,198,198,198,198,198,0,0
"13750","Amsterdam_Zuid",75,75,75,75,75,64,-11,11
"13751","Amsterdam_Center",99,99,99,99,99,99,0,0
"13752","Amsterdam_West",100,100,100,100,100,100,0,0
"13753","Amsterdam_Zuid",295,295,295,171,300,300,5,5
"13754","Amsterdam_Nieuw_west",175,175,175,175,175,175,0,0
"13755","Amsterdam_Oost",20,20,20,16,19,29,9,9
"13756","Amsterdam_Zuid",207,207,207,207,207,207,0,0
"13757","Amsterdam_Zuid",221,221,221,221,221,221,0,0
"13758","Amsterdam_Oost",70,70,70,70,70,70,0,0
"13759","Amsterdam_Zuid",150,150,150,150,150,150,0,0
"13760","Amsterdam_West",185,185,185,185,185,185,0,0
"13761","Amsterdam_Zuid",52,52,52,52,52,52,0,0
"13762","Amsterdam_Center",120,120,120,120,120,120,0,0
"13763","Amsterdam_West",200,200,200,200,200,200,0,0
"13764","Amsterdam_West",196,196,196,196,196,196,0,0
"13765","Amsterdam_Oost",130,130,130,130,130,130,0,0
"13766","Amsterdam_Oost",116,116,116,116,116,116,0,0
"13767","Amsterdam_Nieuw_west",110,110,110,110,110,110,0,0
"13768","Amsterdam_Oost",175,175,175,175,175,175,0,0
"13769","Amsterdam_Oost",109,109,109,109,109,109,0,0
"13770","Amsterdam_Zuid",179,179,179,179,179,179,0,0
"13771","Amsterdam_Zuid",100,100,100,100,100,100,0,0
"13772","Amsterdam_Center",229,229,229,229,229,229,0,0
"13773","Amsterdam_Zuid",47,47,47,47,47,47,0,0
"13774","Amsterdam_Center",340,340,340,340,340,340,0,0
"13775","Amsterdam_Zuidoost",95,95,95,95,95,95,0,0
"13776","Amsterdam_West",145,145,145,145,145,145,0,0
"13777","Amsterdam_West",120,120,120,120,120,120,0,0
"13778","Amsterdam_Oost",175,175,175,175,175,175,0,0
"13779","Amsterdam_Oost",90,90,90,90,90,90,0,0
"13780","Amsterdam_Center",225,225,225,225,225,225,0,0
"13781","Amsterdam_Zuid",57,57,57,57,57,57,0,0
"13782","Amsterdam_Zuid",793,750,821,750,750,750,-43,43
"13783","Amsterdam_West",85,85,85,85,85,85,0,0
"13784","Amsterdam_Oost",35,75,75,75,75,75,40,40
"13785","Amsterdam_Nieuw_west",108,108,108,108,108,108,0,0
"13786","Amsterdam_West",171,171,171,171,171,171,0,0
"13787","Amsterdam_Zuidoost",115,115,115,115,115,115,0,0
"13788","Amsterdam_West",100,100,100,100,100,100,0,0
"13789","Amsterdam_Nieuw_west",113,113,113,113,113,113,0,0
"13790","Amsterdam_Noord",80,80,80,80,80,80,0,0
"13791","Amsterdam_Zuid",200,200,200,200,200,200,0,0
"13792","Amsterdam_Center",149,149,149,149,149,149,0,0
"13793","Amsterdam_Zuid",150,150,150,150,150,150,0,0
"13794","Amsterdam_West",90,90,90,90,90,90,0,0
"13795","Amsterdam_Zuid",180,180,180,180,180,180,0,0
"13796","Amsterdam_Zuid",250,200,200,200,200,200,-50,50
"13797","Amsterdam_Oost",120,120,120,120,120,120,0,0
"13798","Amsterdam_Nieuw_west",95,95,95,95,95,95,0,0
"13799","Amsterdam_West",109,109,109,109,109,109,0,0
"13800","Amsterdam_Nieuw_west",65,65,65,65,65,65,0,0
"13801","Amsterdam_Zuid",105,105,105,105,105,105,0,0
"13802","Amsterdam_Zuid",250,250,250,250,250,250,0,0
"13803","Amsterdam_Zuidoost",60,60,60,60,60,60,0,0
"13804","Amsterdam_Zuid",199,199,199,199,199,199,0,0
"13805","Amsterdam_West",180,180,180,180,180,180,0,0
"13806","Amsterdam_Noord",240,240,240,240,240,240,0,0
"13807","Amsterdam_Center",99,99,99,99,99,99,0,0
"13808","Amsterdam_Zuid",345,345,345,345,345,345,0,0
"13809","Amsterdam_Noord",100,100,100,100,100,100,0,0
"13810","Amsterdam_Noord",300,300,300,300,300,300,0,0
"13811","Amsterdam_Center",999,999,999,999,999,999,0,0
"13812","Amsterdam_West",150,150,150,150,150,150,0,0
"13813","Amsterdam_Oost",34,30,45,30,55,46,12,12
"13814","Amsterdam_West",150,150,150,150,150,150,0,0
"13815","Amsterdam_Noord",139,139,139,139,139,139,0,0
"13816","Amsterdam_West",99,99,99,99,99,99,0,0
"13817","Amsterdam_Noord",150,150,150,150,150,150,0,0
"13818","Amsterdam_Zuid",140,140,140,140,140,140,0,0
"13819","Amsterdam_West",220,220,220,220,220,220,0,0
"13820","Amsterdam_Center",180,180,180,180,180,180,0,0
"13821","Amsterdam_Nieuw_west",133,133,133,133,133,133,0,0
"13822","Amsterdam_West",106,106,106,106,106,106,0,0
"13823","Amsterdam_Noord",115,115,115,115,115,115,0,0
"13824","Amsterdam_Zuid",110,110,110,110,110,110,0,0
"13825","Amsterdam_Noord",17,17,17,17,17,17,0,0
"13826","Amsterdam_West",250,250,250,250,250,250,0,0
"13827","Amsterdam_Zuid",165,165,165,165,165,165,0,0
"13828","Amsterdam_Center",300,300,300,300,300,300,0,0
"13829","Amsterdam_Zuid",206,206,206,206,206,206,0,0
"13830","Amsterdam_Zuidoost",25,27,27,27,27,27,2,2
"13831","Amsterdam_Oost",210,210,210,210,210,210,0,0
"13832","Amsterdam_West",95,95,95,95,95,95,0,0
"13833","Amsterdam_Oost",114,114,114,114,114,114,0,0
"13834","Amsterdam_Noord",98,98,98,98,98,98,0,0
"13835","Amsterdam_Zuid",135,135,135,135,135,135,0,0
"13836","Amsterdam_Zuid",145,145,145,145,145,145,0,0
"13837","Amsterdam_Oost",199,99,99,99,99,99,-100,100
"13838","Amsterdam_Center",275,275,275,275,275,275,0,0
"13839","Amsterdam_Zuid",206,206,206,206,206,206,0,0
"13840","Amsterdam_West",250,250,375,375,375,375,125,125
"13841","Amsterdam_Oost",400,400,400,400,400,400,0,0
"13842","Amsterdam_Nieuw_west",80,80,80,80,80,80,0,0
"13843","Amsterdam_Zuid",110,110,110,110,110,110,0,0
"13844","Amsterdam_West",115,115,115,115,115,115,0,0
"13845","Amsterdam_Zuid",229,229,229,229,229,229,0,0
"13846","Amsterdam_West",70,70,70,70,70,70,0,0
"13847","Amsterdam_Zuid",125,125,125,125,125,125,0,0
"13848","Amsterdam_Nieuw_west",84,84,86,86,86,85,1,1
"13849","Amsterdam_West",82,94,94,94,94,94,12,12
"13850","Amsterdam_Zuid",80,80,80,80,80,80,0,0
"13851","Amsterdam_Zuid",450,450,450,450,450,450,0,0
"13852","Amsterdam_Nieuw_west",126,126,128,128,128,128,2,2
"13853","Amsterdam_Oost",119,119,119,119,119,119,0,0
"13854","Amsterdam_Noord",130,130,130,130,130,130,0,0
"13855","Amsterdam_West",160,160,160,160,160,160,0,0
"13856","Amsterdam_Zuid",430,430,430,430,430,430,0,0
"13857","Amsterdam_Oost",175,175,175,175,175,175,0,0
"13858","Amsterdam_Nieuw_west",110,110,110,110,110,110,0,0
"13859","Amsterdam_Noord",90,90,90,90,90,90,0,0
"13860","Amsterdam_Zuidoost",89,89,89,89,89,89,0,0
"13861","Amsterdam_West",95,95,95,95,95,95,0,0
"13862","Amsterdam_Oost",109,109,109,109,109,109,0,0
"13863","Amsterdam_Oost",110,110,110,110,110,110,0,0
"13864","Amsterdam_Zuid",200,200,200,200,200,200,0,0
"13865","Amsterdam_Zuid",199,265,269,199,199,199,0,0
"13866","Amsterdam_West",150,150,150,150,150,150,0,0
"13867","Amsterdam_Oost",130,130,130,130,130,130,0,0
"13868","Amsterdam_West",134,134,134,134,134,134,0,0
"13869","Amsterdam_Zuid",199,199,199,199,199,199,0,0
"13870","Amsterdam_Center",229,235,250,245,165,205,-24,24
"13871","Amsterdam_West",200,200,200,200,200,200,0,0
"13872","Amsterdam_Center",200,200,200,200,200,200,0,0
"13873","Amsterdam_West",150,150,150,150,150,150,0,0
"13874","Amsterdam_Oost",175,175,175,175,175,175,0,0
"13875","Amsterdam_Noord",156,156,156,156,156,156,0,0
"13876","Amsterdam_Noord",160,160,160,160,160,160,0,0
"13877","Amsterdam_West",170,170,170,170,170,170,0,0
"13878","Amsterdam_West",180,180,180,180,180,180,0,0
"13879","Amsterdam_Noord",150,150,150,150,150,150,0,0
"13880","Amsterdam_Zuid",100,100,100,100,100,100,0,0
"13881","Amsterdam_Oost",95,95,95,95,95,95,0,0
"13882","Amsterdam_West",335,335,335,335,335,335,0,0
"13883","Amsterdam_Nieuw_west",235,235,235,235,235,235,0,0
"13884","Amsterdam_Center",200,200,200,200,200,200,0,0
"13885","Amsterdam_Center",211,500,500,500,500,500,289,289
"13886","Amsterdam_Center",250,250,250,250,250,250,0,0
"13887","Amsterdam_Noord",40,40,40,40,40,40,0,0
"13888","Amsterdam_Zuidoost",165,165,165,165,165,165,0,0
"13889","Amsterdam_Center",85,85,85,85,78,86,1,1
"13890","Amsterdam_West",88,88,88,88,88,88,0,0
"13891","Amsterdam_Noord",120,120,120,120,120,120,0,0
"13892","Amsterdam_Oost",120,120,120,120,120,120,0,0
"13893","Amsterdam_Oost",215,215,215,215,215,215,0,0
"13894","Amsterdam_West",140,140,140,140,140,140,0,0
"13895","Amsterdam_Oost",99,99,99,99,99,99,0,0
"13896","Amsterdam_Zuid",166,166,166,166,166,143,-23,23
"13897","Amsterdam_West",150,150,150,150,150,150,0,0
"13898","Amsterdam_Zuidoost",85,85,85,85,85,85,0,0
"13899","Amsterdam_Center",155,155,155,155,155,155,0,0
"13900","Amsterdam_West",140,140,140,140,140,140,0,0
"13901","Amsterdam_West",200,200,200,200,200,200,0,0
"13902","Amsterdam_West",315,315,315,315,298,298,-17,17
"13903","Amsterdam_Oost",250,250,250,250,250,250,0,0
"13904","Amsterdam_Center",250,250,250,250,250,250,0,0
"13905","Amsterdam_Oost",160,160,160,160,160,160,0,0
"13906","Amsterdam_Noord",28,34,47,100,73,73,45,45
"13907","Amsterdam_Center",150,150,150,150,150,150,0,0
"13908","Amsterdam_Oost",122,122,122,122,122,122,0,0
"13909","Amsterdam_West",240,240,240,240,240,240,0,0
"13910","Amsterdam_Zuid",150,150,150,150,150,150,0,0
"13911","Amsterdam_Zuid",216,165,187,183,273,350,134,134
"13912","Amsterdam_West",165,165,165,165,165,165,0,0
"13913","Amsterdam_Zuidoost",200,200,200,200,200,200,0,0
"13914","Amsterdam_Center",135,135,135,135,135,135,0,0
"13915","Amsterdam_West",170,170,170,170,170,170,0,0
"13916","Amsterdam_West",225,225,225,225,225,225,0,0
"13917","Amsterdam_Noord",100,100,100,100,100,100,0,0
"13918","Amsterdam_West",293,293,293,293,293,293,0,0
"13919","Amsterdam_Oost",90,90,90,90,90,90,0,0
"13920","Amsterdam_West",67,67,67,67,67,67,0,0
"13921","Amsterdam_Zuid",250,250,250,250,250,250,0,0
"13922","Amsterdam_Center",130,220,220,220,220,220,90,90
"13923","Amsterdam_Center",345,345,345,345,345,345,0,0
"13924","Amsterdam_Oost",220,220,220,220,220,220,0,0
"13925","Amsterdam_West",128,128,128,128,128,128,0,0
"13926","Amsterdam_West",100,100,100,100,100,100,0,0
"13927","Amsterdam_West",100,100,100,100,100,100,0,0
"13928","Amsterdam_West",210,210,210,210,210,210,0,0
"13929","Amsterdam_Zuid",110,110,110,110,110,110,0,0
"13930","Amsterdam_Zuid",100,100,100,100,100,100,0,0
"13931","Amsterdam_Nieuw_west",88,88,88,88,88,88,0,0
"13932","Amsterdam_Zuid",318,318,318,318,318,318,0,0
"13933","Amsterdam_West",269,269,269,269,269,269,0,0
"13934","Amsterdam_Center",200,200,200,200,200,200,0,0
"13935","Amsterdam_Oost",250,250,250,250,250,250,0,0
"13936","Amsterdam_West",100,100,100,100,100,100,0,0
"13937","Amsterdam_West",100,100,100,100,100,100,0,0
"13938","Amsterdam_Zuid",180,180,180,180,180,180,0,0
"13939","Amsterdam_Zuid",250,250,250,250,250,250,0,0
"13940","Amsterdam_Center",80,80,80,80,95,95,15,15
"13941","Amsterdam_West",88,88,88,88,88,88,0,0
"13942","Amsterdam_Oost",300,300,300,300,300,300,0,0
"13943","Amsterdam_West",150,150,150,150,150,150,0,0
"13944","Amsterdam_West",375,375,375,375,375,375,0,0
"13945","Amsterdam_Oost",195,195,195,195,195,195,0,0
"13946","Amsterdam_Center",84,175,204,188,201,92,8,8
"13947","Amsterdam_West",220,220,220,220,220,220,0,0
"13948","Amsterdam_Zuid",130,130,130,130,130,130,0,0
"13949","Amsterdam_Noord",85,85,85,85,102,99,14,14
"13950","Amsterdam_Noord",150,150,150,150,150,150,0,0
"13951","Amsterdam_West",170,170,158,165,125,125,-45,45
"13952","Amsterdam_Oost",110,110,110,110,110,117,7,7
"13953","Amsterdam_Center",88,88,88,88,88,88,0,0
"13954","Amsterdam_West",90,90,90,90,90,90,0,0
"13955","Amsterdam_Center",600,740,740,740,740,740,140,140
"13956","Amsterdam_West",215,215,215,215,215,215,0,0
"13957","Amsterdam_Zuid",66,66,66,66,66,66,0,0
"13958","Amsterdam_Oost",79,79,79,79,79,79,0,0
"13959","Amsterdam_Noord",85,85,85,85,102,97,12,12
"13960","Amsterdam_Noord",85,85,85,85,102,86,1,1
"13961","Amsterdam_Noord",81,90,90,75,104,108,27,27
"13962","Amsterdam_Noord",81,90,90,90,107,112,31,31
"13963","Amsterdam_Noord",130,130,130,130,130,130,0,0
"13964","Amsterdam_Zuid",85,85,85,85,85,85,0,0
"13965","Amsterdam_West",400,400,400,400,400,400,0,0
"13966","Amsterdam_Oost",120,120,120,120,120,120,0,0
"13967","Amsterdam_West",210,210,210,210,210,210,0,0
"13968","Amsterdam_West",120,120,120,120,120,120,0,0
"13969","Amsterdam_Center",448,760,760,760,760,760,312,312
"13970","Amsterdam_Center",700,760,760,760,760,760,60,60
"13971","Amsterdam_West",220,220,220,220,220,220,0,0
"13972","Amsterdam_Oost",70,70,70,70,70,70,0,0
"13973","Amsterdam_Zuid",250,250,250,250,250,250,0,0
"13974","Amsterdam_West",95,95,95,95,95,95,0,0
"13975","Amsterdam_West",350,350,350,350,350,350,0,0
"13976","Amsterdam_Noord",55,55,55,55,55,55,0,0
"13977","Amsterdam_Oost",140,140,140,140,140,140,0,0
"13978","Amsterdam_Zuid",285,285,285,285,285,285,0,0
"13979","Amsterdam_Oost",60,75,75,82,82,80,20,20
"13980","Amsterdam_Zuid",130,130,130,130,130,130,0,0
"13981","Amsterdam_Center",200,110,100,250,200,120,-80,80
"13982","Amsterdam_Center",375,375,375,375,375,375,0,0
"13983","Amsterdam_Zuid",30,30,30,30,30,30,0,0
"13984","Amsterdam_Zuid",55,55,55,55,55,55,0,0
"13985","Amsterdam_Noord",100,100,100,100,100,100,0,0
"13986","Amsterdam_West",80,80,80,80,80,80,0,0
"13987","Amsterdam_Zuid",275,275,275,275,275,275,0,0
"13988","Amsterdam_West",120,120,120,120,120,120,0,0
"13989","Amsterdam_Oost",87,87,87,87,87,87,0,0
"13990","Amsterdam_Oost",144,144,144,144,144,144,0,0
"13991","Amsterdam_Nieuw_west",55,55,55,55,55,55,0,0
"13992","Amsterdam_Zuid",70,70,70,70,70,70,0,0
"13993","Amsterdam_Zuid",350,258,267,298,332,180,-170,170
"13994","Amsterdam_Zuid",145,145,145,145,145,145,0,0
"13995","Amsterdam_Nieuw_west",129,129,129,159,186,113,-16,16
"13996","Amsterdam_Zuidoost",150,150,150,150,150,150,0,0
"13997","Amsterdam_West",200,200,200,200,200,200,0,0
"13998","Amsterdam_West",150,100,97,55,55,100,-50,50
"13999","Amsterdam_Zuid",85,85,85,85,85,85,0,0
"14000","Amsterdam_Center",180,180,180,180,180,180,0,0
"14001","Amsterdam_Oost",195,195,195,195,195,195,0,0
"14002","Amsterdam_West",125,125,125,125,125,125,0,0
"14003","Amsterdam_West",240,240,240,240,240,240,0,0
"14004","Amsterdam_Oost",70,70,70,70,70,70,0,0
"14005","Amsterdam_Nieuw_west",43,43,43,43,43,43,0,0
"14006","Amsterdam_West",109,109,109,109,109,109,0,0
"14007","Amsterdam_Zuid",189,189,189,189,189,189,0,0
"14008","Amsterdam_Zuid",58,58,58,58,58,58,0,0
"14009","Amsterdam_Zuid",100,100,100,100,100,100,0,0
"14010","Amsterdam_West",210,210,210,210,210,210,0,0
"14011","Amsterdam_Oost",400,400,400,400,400,400,0,0
"14012","Amsterdam_Center",180,180,180,180,180,180,0,0
"14013","Amsterdam_Noord",120,120,120,120,120,120,0,0
"14014","Amsterdam_Nieuw_west",175,175,175,175,175,175,0,0
"14015","Amsterdam_West",150,150,150,150,150,150,0,0
"14016","Amsterdam_Zuid",100,100,100,100,100,100,0,0
"14017","Amsterdam_Center",321,350,350,350,300,314,-7,7
"14018","Amsterdam_Zuid",115,115,115,115,115,115,0,0
"14019","Amsterdam_Oost",150,150,150,150,150,150,0,0
"14020","Amsterdam_West",150,150,150,150,150,150,0,0
"14021","Amsterdam_West",142,142,142,142,142,142,0,0
"14022","Amsterdam_Nieuw_west",75,75,75,75,75,75,0,0
"14023","Amsterdam_Zuid",175,175,175,131,125,125,-50,50
"14024","Amsterdam_West",115,115,115,115,115,115,0,0
"14025","Amsterdam_Noord",100,100,100,100,100,100,0,0
"14026","Amsterdam_Noord",120,120,120,120,120,120,0,0
"14027","Amsterdam_Oost",66,75,88,74,85,76,10,10
"14028","Amsterdam_Oost",77,87,101,86,88,79,2,2
"14029","Amsterdam_Center",205,205,236,246,285,230,25,25
"14030","Amsterdam_Center",205,205,219,228,247,199,-6,6
"14031","Amsterdam_Oost",140,140,140,140,140,140,0,0
"14032","Amsterdam_Oost",185,185,185,185,185,185,0,0
"14033","Amsterdam_Oost",119,119,119,119,119,119,0,0
"14034","Amsterdam_West",130,130,130,130,130,130,0,0
"14035","Amsterdam_West",250,250,250,250,250,250,0,0
"14036","Amsterdam_Nieuw_west",120,120,120,120,120,120,0,0
"14037","Amsterdam_Zuid",220,220,220,220,220,220,0,0
"14038","Amsterdam_Oost",200,200,200,200,200,200,0,0
"14039","Amsterdam_Oost",122,122,122,122,122,122,0,0
"14040","Amsterdam_Center",76,76,76,76,76,76,0,0
"14041","Amsterdam_West",128,128,128,128,128,128,0,0
"14042","Amsterdam_Zuid",90,90,90,90,90,90,0,0
"14043","Amsterdam_Oost",110,110,110,110,110,110,0,0
"14044","Amsterdam_Noord",150,150,150,150,150,150,0,0
"14045","Amsterdam_Nieuw_west",80,74,40,80,80,80,0,0
"14046","Amsterdam_West",180,180,180,180,180,180,0,0
"14047","Amsterdam_West",85,85,85,85,85,85,0,0
"14048","Amsterdam_Zuid",68,68,55,55,55,55,-13,13
"14049","Amsterdam_Center",275,275,275,275,275,275,0,0
"14050","Amsterdam_West",100,100,100,100,100,100,0,0
"14051","Amsterdam_Oost",75,75,75,75,75,85,10,10
"14052","Amsterdam_West",185,185,185,185,185,185,0,0
"14053","Amsterdam_West",93,93,93,93,93,93,0,0
"14054","Amsterdam_Center",300,300,300,300,300,300,0,0
"14055","Amsterdam_Oost",200,200,200,200,200,200,0,0
"14056","Amsterdam_Noord",300,300,300,300,300,300,0,0
"14057","Amsterdam_Oost",180,180,180,180,180,180,0,0
"14058","Amsterdam_West",150,100,100,100,100,100,-50,50
"14059","Amsterdam_West",140,140,140,140,140,140,0,0
"14060","Amsterdam_Zuid",150,150,150,150,150,150,0,0
"14061","Amsterdam_Zuidoost",120,120,120,120,120,120,0,0
"14062","Amsterdam_Zuid",250,250,250,250,250,250,0,0
"14063","Amsterdam_West",64,64,64,64,64,64,0,0
"14064","Amsterdam_Center",160,163,163,163,163,163,3,3
"14065","Amsterdam_Center",327,327,327,327,327,273,-54,54
"14066","Amsterdam_Noord",85,85,85,85,85,85,0,0
"14067","Amsterdam_Oost",209,209,209,209,209,209,0,0
"14068","Amsterdam_Oost",139,139,139,139,139,139,0,0
"14069","Amsterdam_West",295,295,295,295,295,295,0,0
"14070","Amsterdam_Zuid",350,350,350,350,350,195,-155,155
"14071","Amsterdam_Nieuw_west",100,100,100,100,100,100,0,0
"14072","Amsterdam_Noord",70,70,70,70,70,70,0,0
"14073","Amsterdam_Oost",120,120,120,120,120,120,0,0
"14074","Amsterdam_West",125,125,125,125,125,125,0,0
"14075","Amsterdam_Noord",150,150,150,150,150,150,0,0
"14076","Amsterdam_West",154,154,154,154,154,250,96,96
"14077","Amsterdam_Nieuw_west",175,175,175,175,175,175,0,0
"14078","Amsterdam_Nieuw_west",80,80,80,80,80,80,0,0
"14079","Amsterdam_Zuid",209,192,192,192,193,192,-17,17
"14080","Amsterdam_West",92,92,92,92,92,92,0,0
"14081","Amsterdam_Zuidoost",118,119,123,125,125,125,7,7
"14082","Amsterdam_Center",275,275,275,275,275,275,0,0
"14083","Amsterdam_Zuid",393,393,393,521,521,521,128,128
"14084","Amsterdam_Center",130,130,130,130,130,130,0,0
"14085","Amsterdam_Oost",55,155,155,155,55,55,0,0
"14086","Amsterdam_Center",50,50,50,53,50,66,16,16
"14087","Amsterdam_West",140,140,140,140,140,140,0,0
"14088","Amsterdam_Zuid",225,225,225,225,225,225,0,0
"14089","Amsterdam_Zuid",99,99,99,99,99,99,0,0
"14090","Amsterdam_West",149,149,149,149,149,149,0,0
"14091","Amsterdam_West",200,200,200,200,200,200,0,0
"14092","Amsterdam_West",80,80,80,80,80,80,0,0
"14093","Amsterdam_West",100,100,100,100,100,100,0,0
"14094","Amsterdam_West",61,61,61,61,61,61,0,0
"14095","Amsterdam_West",180,180,180,180,180,180,0,0
"14096","Amsterdam_West",150,150,150,150,150,150,0,0
"14097","Amsterdam_Oost",100,100,100,100,100,100,0,0
"14098","Amsterdam_Oost",160,160,160,160,160,160,0,0
"14099","Amsterdam_Oost",250,250,250,250,250,250,0,0
"14100","Amsterdam_West",110,110,110,110,110,110,0,0
"14101","Amsterdam_Nieuw_west",220,220,220,220,220,220,0,0
"14102","Amsterdam_Zuid",90,90,90,90,90,90,0,0
"14103","Amsterdam_Zuid",80,80,80,80,80,80,0,0
"14104","Amsterdam_Center",450,450,450,450,450,450,0,0
"14105","Amsterdam_West",140,140,140,140,140,140,0,0
"14106","Amsterdam_Zuid",100,100,100,100,100,100,0,0
"14107","Amsterdam_Center",537,532,537,540,546,532,-5,5
"14108","Amsterdam_Nieuw_west",100,100,100,100,100,100,0,0
"14109","Amsterdam_West",110,98,98,98,98,98,-12,12
"14110","Amsterdam_West",125,125,125,125,125,125,0,0
"14111","Amsterdam_Zuid",85,85,85,85,85,85,0,0
"14112","Amsterdam_Zuid",105,105,105,105,105,105,0,0
"14113","Amsterdam_West",70,70,20,70,70,70,0,0
"14114","Amsterdam_West",250,250,250,250,250,250,0,0
"14115","Amsterdam_Noord",99,99,99,89,101,101,2,2
"14116","Amsterdam_Center",200,129,200,139,200,162,-38,38
"14117","Amsterdam_West",500,500,500,500,500,500,0,0
"14118","Amsterdam_Zuid",63,63,63,63,63,63,0,0
"14119","Amsterdam_West",150,150,150,150,150,150,0,0
"14120","Amsterdam_Oost",125,125,125,125,125,125,0,0
"14121","Amsterdam_Zuid",150,150,150,150,150,150,0,0
"14122","Amsterdam_Center",180,180,180,180,180,180,0,0
"14123","Amsterdam_Oost",225,225,225,225,225,225,0,0
"14124","Amsterdam_Zuidoost",118,118,118,118,118,118,0,0
"14125","Amsterdam_Zuid",90,90,90,90,90,90,0,0
"14126","Amsterdam_Center",150,150,150,150,150,150,0,0
"14127","Amsterdam_West",180,180,180,180,180,180,0,0
"14128","Amsterdam_Zuid",76,76,76,76,76,76,0,0
"14129","Amsterdam_Nieuw_west",36,36,36,36,36,36,0,0
"14130","Amsterdam_Nieuw_west",135,135,135,135,135,135,0,0
"14131","Amsterdam_Nieuw_west",185,185,185,185,185,185,0,0
"14132","Amsterdam_West",130,130,130,130,130,130,0,0
"14133","Amsterdam_Zuid",150,150,150,150,150,150,0,0
"14134","Amsterdam_Center",62,62,62,62,62,62,0,0
"14135","Amsterdam_Zuid",220,220,220,220,220,220,0,0
"14136","Amsterdam_Zuid",120,120,120,120,120,120,0,0
"14137","Amsterdam_Nieuw_west",49,49,49,49,49,49,0,0
"14138","Amsterdam_Zuidoost",75,75,75,75,75,75,0,0
"14139","Amsterdam_Oost",200,200,200,200,200,200,0,0
"14140","Amsterdam_West",250,250,250,250,250,250,0,0
"14141","Amsterdam_Nieuw_west",80,80,80,80,80,80,0,0
"14142","Amsterdam_West",61,61,61,61,61,61,0,0
"14143","Amsterdam_Center",150,150,150,150,150,150,0,0
"14144","Amsterdam_Center",56,60,60,60,60,60,4,4
"14145","Amsterdam_West",100,100,100,100,100,100,0,0
"14146","Amsterdam_Center",400,400,400,400,400,400,0,0
"14147","Amsterdam_Zuid",300,300,300,300,300,300,0,0
"14148","Amsterdam_Oost",80,80,80,80,80,80,0,0
"14149","Amsterdam_West",65,46,65,65,76,76,11,11
"14150","Amsterdam_Noord",120,120,120,120,120,120,0,0
"14151","Amsterdam_Oost",80,80,80,80,80,80,0,0
"14152","Amsterdam_Zuid",189,189,189,189,189,189,0,0
"14153","Amsterdam_Zuid",135,135,135,141,135,135,0,0
"14154","Amsterdam_Nieuw_west",68,68,68,68,68,68,0,0
"14155","Amsterdam_Zuid",85,85,85,85,85,85,0,0
"14156","Amsterdam_Zuidoost",45,42,49,45,54,65,20,20
"14157","Amsterdam_Zuid",200,200,200,200,200,200,0,0
"14158","Amsterdam_West",78,78,78,78,78,78,0,0
"14159","Amsterdam_West",99,99,99,99,99,99,0,0
"14160","Amsterdam_West",246,240,240,240,240,170,-76,76
"14161","Amsterdam_West",1000,1000,1000,1000,1000,1000,0,0
"14162","Amsterdam_West",26,20,70,20,25,25,-1,1
"14163","Amsterdam_Zuid",85,85,85,85,85,85,0,0
"14164","Amsterdam_Oost",100,100,100,100,100,100,0,0
"14165","Amsterdam_Oost",195,195,195,195,195,195,0,0
"14166","Amsterdam_Oost",220,220,220,220,220,220,0,0
"14167","Amsterdam_Oost",51,51,51,51,51,51,0,0
"14168","Amsterdam_Zuid",110,110,110,110,110,110,0,0
"14169","Amsterdam_West",140,140,140,140,140,140,0,0
"14170","Amsterdam_West",160,160,160,160,160,160,0,0
"14171","Amsterdam_West",250,250,250,250,250,250,0,0
"14172","Amsterdam_Center",105,105,105,105,105,105,0,0
"14173","Amsterdam_West",142,142,142,142,142,142,0,0
"14174","Amsterdam_Zuidoost",80,80,80,80,80,80,0,0
"14175","Amsterdam_Oost",130,130,130,130,130,130,0,0
"14176","Amsterdam_Oost",70,70,70,70,70,70,0,0
"14177","Amsterdam_West",134,134,134,134,134,134,0,0
"14178","Amsterdam_Oost",75,75,75,75,75,75,0,0
"14179","Amsterdam_West",150,150,150,150,150,150,0,0
"14180","Amsterdam_West",100,100,100,100,100,100,0,0
"14181","Amsterdam_West",175,175,175,175,175,175,0,0
"14182","Amsterdam_West",180,180,180,180,180,180,0,0
"14183","Amsterdam_Zuid",189,155,155,165,165,165,-24,24
"14184","Amsterdam_West",250,177,178,202,227,126,-124,124
"14185","Amsterdam_West",333,333,333,333,333,333,0,0
"14186","Amsterdam_Oost",120,120,120,120,120,120,0,0
"14187","Amsterdam_West",76,76,76,76,94,94,18,18
"14188","Amsterdam_Oost",150,150,150,150,150,150,0,0
"14189","Amsterdam_Oost",100,140,140,140,140,140,40,40
"14190","Amsterdam_West",89,89,99,105,119,156,67,67
"14191","Amsterdam_Center",133,133,133,133,133,133,0,0
"14192","Amsterdam_Nieuw_west",185,185,185,185,185,185,0,0
"14193","Amsterdam_West",70,70,70,70,70,70,0,0
"14194","Amsterdam_Zuid",80,80,80,80,80,80,0,0
"14195","Amsterdam_West",150,150,150,150,150,150,0,0
"14196","Amsterdam_West",150,150,150,150,150,150,0,0
"14197","Amsterdam_Zuid",350,350,350,350,350,350,0,0
"14198","Amsterdam_Center",175,175,175,175,175,175,0,0
"14199","Amsterdam_Center",225,225,225,225,195,195,-30,30
"14200","Amsterdam_Noord",110,110,110,110,110,110,0,0
"14201","Amsterdam_Oost",150,150,150,150,150,150,0,0
"14202","Amsterdam_Zuidoost",95,95,95,95,95,95,0,0
"14203","Amsterdam_Nieuw_west",299,299,299,299,299,299,0,0
"14204","Amsterdam_Zuid",165,165,165,165,165,165,0,0
"14205","Amsterdam_Center",204,204,204,209,221,220,16,16
"14206","Amsterdam_Zuid",35,35,35,35,35,35,0,0
"14207","Amsterdam_Zuid",200,200,200,200,200,200,0,0
"14208","Amsterdam_Center",160,160,160,160,160,160,0,0
"14209","Amsterdam_Nieuw_west",110,110,110,150,150,150,40,40
"14210","Amsterdam_Noord",160,160,160,160,160,160,0,0
"14211","Amsterdam_Noord",118,118,118,118,118,118,0,0
"14212","Amsterdam_Oost",180,180,180,180,180,180,0,0
"14213","Amsterdam_West",119,119,119,119,119,119,0,0
"14214","Amsterdam_West",150,150,150,150,150,130,-20,20
"14215","Amsterdam_Oost",110,110,110,110,110,110,0,0
"14216","Amsterdam_West",70,70,70,70,70,70,0,0
"14217","Amsterdam_Oost",75,75,75,75,75,75,0,0
"14218","Amsterdam_Center",275,275,275,275,275,275,0,0
"14219","Amsterdam_West",140,140,140,140,140,140,0,0
"14220","Amsterdam_Center",248,248,248,248,248,248,0,0
"14221","Amsterdam_Zuid",180,180,180,180,180,180,0,0
"14222","Amsterdam_Zuid",100,100,100,100,100,100,0,0
"14223","Amsterdam_West",200,200,200,200,200,200,0,0
"14224","Amsterdam_Zuid",299,125,125,125,125,125,-174,174
"14225","Amsterdam_Noord",185,185,185,185,185,185,0,0
"14226","Amsterdam_West",137,137,137,137,137,137,0,0
"14227","Amsterdam_Oost",65,65,65,65,65,65,0,0
"14228","Amsterdam_West",100,100,100,100,100,100,0,0
"14229","Amsterdam_West",225,225,225,225,225,225,0,0
"14230","Amsterdam_West",91,91,91,91,91,91,0,0
"14231","Amsterdam_West",240,149,149,168,199,130,-110,110
"14232","Amsterdam_Noord",95,95,95,95,95,95,0,0
"14233","Amsterdam_Zuid",290,290,290,290,290,290,0,0
"14234","Amsterdam_Zuid",120,83,120,120,120,120,0,0
"14235","Amsterdam_Center",101,110,110,110,110,110,9,9
"14236","Amsterdam_West",125,125,150,125,114,114,-11,11
"14237","Amsterdam_Noord",125,125,125,125,125,125,0,0
"14238","Amsterdam_West",135,135,135,135,135,135,0,0
"14239","Amsterdam_West",100,100,100,100,100,100,0,0
"14240","Amsterdam_Center",224,224,224,224,224,224,0,0
"14241","Amsterdam_Oost",100,100,100,100,100,100,0,0
"14242","Amsterdam_Zuid",140,140,140,140,140,140,0,0
"14243","Amsterdam_Noord",75,75,75,75,75,75,0,0
"14244","Amsterdam_Zuidoost",85,85,85,85,85,85,0,0
"14245","Amsterdam_Zuid",385,385,385,385,385,385,0,0
"14246","Amsterdam_Zuid",220,220,220,220,220,220,0,0
"14247","Amsterdam_Zuid",100,100,100,100,100,100,0,0
"14248","Amsterdam_West",125,125,125,125,125,125,0,0
"14249","Amsterdam_Center",50,50,50,57,50,70,20,20
"14250","Amsterdam_Oost",26,21,23,20,26,74,48,48
"14251","Amsterdam_Oost",75,75,75,75,75,75,0,0
"14252","Amsterdam_Zuid",76,76,76,76,64,64,-12,12
"14253","Amsterdam_Oost",25,21,23,20,27,74,49,49
"14254","Amsterdam_Oost",25,21,23,20,29,42,17,17
"14255","Amsterdam_Oost",26,22,21,20,27,74,48,48
"14256","Amsterdam_Nieuw_west",145,145,145,145,145,145,0,0
"14257","Amsterdam_Oost",105,105,105,105,105,105,0,0
"14258","Amsterdam_Center",175,175,175,175,175,175,0,0
"14259","Amsterdam_Zuid",200,200,200,200,200,200,0,0
"14260","Amsterdam_West",89,89,89,89,89,89,0,0
"14261","Amsterdam_Zuid",150,150,150,150,150,150,0,0
"14262","Amsterdam_Zuidoost",30,30,30,30,30,30,0,0
"14263","Amsterdam_West",130,130,130,130,130,130,0,0
"14264","Amsterdam_West",200,200,200,200,200,200,0,0
"14265","Amsterdam_Noord",180,180,180,180,180,180,0,0
"14266","Amsterdam_Center",200,200,200,200,200,200,0,0
"14267","Amsterdam_Zuid",115,115,115,115,115,115,0,0
"14268","Amsterdam_Oost",165,165,165,165,165,165,0,0
"14269","Amsterdam_West",175,175,175,175,175,175,0,0
"14270","Amsterdam_Center",250,250,250,250,250,250,0,0
"14271","Amsterdam_Zuid",150,150,150,150,150,150,0,0
"14272","Amsterdam_Zuidoost",50,50,50,50,50,50,0,0
"14273","Amsterdam_West",200,200,200,200,200,200,0,0
"14274","Amsterdam_Zuid",249,249,249,249,249,249,0,0
"14275","Amsterdam_West",110,110,110,110,110,110,0,0
"14276","Amsterdam_Zuid",131,131,131,131,131,131,0,0
"14277","Amsterdam_West",150,150,150,150,150,150,0,0
"14278","Amsterdam_West",150,150,150,150,150,150,0,0
"14279","Amsterdam_West",239,239,239,239,239,239,0,0
"14280","Amsterdam_Oost",230,230,230,230,230,230,0,0
"14281","Amsterdam_Noord",120,120,120,120,120,120,0,0
"14282","Amsterdam_Oost",25,21,23,20,27,33,8,8
"14283","Amsterdam_West",140,180,180,150,180,149,9,9
"14284","Amsterdam_West",220,146,145,163,193,110,-110,110
"14285","Amsterdam_Zuid",80,80,80,80,80,80,0,0
"14286","Amsterdam_West",149,149,149,149,149,149,0,0
"14287","Amsterdam_Oost",25,22,23,20,27,40,15,15
"14288","Amsterdam_Oost",195,195,145,145,145,145,-50,50
"14289","Amsterdam_Zuid",250,250,250,250,250,250,0,0
"14290","Amsterdam_Zuid",250,250,250,250,250,250,0,0
"14291","Amsterdam_Oost",157,157,157,157,157,157,0,0
"14292","Amsterdam_Zuid",450,450,450,450,450,450,0,0
"14293","Amsterdam_Oost",85,85,85,85,85,85,0,0
"14294","Amsterdam_West",120,120,120,120,120,120,0,0
"14295","Amsterdam_Nieuw_west",150,150,150,150,150,150,0,0
"14296","Amsterdam_West",130,130,130,130,130,130,0,0
"14297","Amsterdam_Oost",132,55,44,132,132,132,0,0
"14298","Amsterdam_West",220,220,220,220,220,220,0,0
"14299","Amsterdam_Center",300,300,300,300,300,300,0,0
"14300","Amsterdam_Zuid",407,400,400,400,400,357,-50,50
"14301","Amsterdam_West",600,600,600,600,600,600,0,0
"14302","Amsterdam_Oost",100,100,100,100,100,100,0,0
"14303","Amsterdam_Oost",80,80,80,80,80,80,0,0
"14304","Amsterdam_Center",70,70,70,70,70,70,0,0
"14305","Amsterdam_Center",250,250,250,250,250,250,0,0
"14306","Amsterdam_Noord",100,100,100,100,100,100,0,0
"14307","Amsterdam_Nieuw_west",140,140,140,140,140,140,0,0
"14308","Amsterdam_Zuid",120,120,120,120,120,120,0,0
"14309","Amsterdam_Zuidoost",50,50,50,50,50,50,0,0
"14310","Amsterdam_Nieuw_west",100,150,150,150,150,150,50,50
"14311","Amsterdam_Nieuw_west",150,150,150,150,150,150,0,0
"14312","Amsterdam_Zuid",75,75,75,75,75,75,0,0
"14313","Amsterdam_Oost",375,375,375,375,375,375,0,0
"14314","Amsterdam_West",180,180,180,180,180,180,0,0
"14315","Amsterdam_Zuidoost",92,92,92,92,54,54,-38,38
"14316","Amsterdam_Zuid",300,300,300,300,300,300,0,0
"14317","Amsterdam_Oost",120,120,120,120,120,120,0,0
"14318","Amsterdam_Zuid",150,150,150,150,150,150,0,0
"14319","Amsterdam_Oost",116,123,113,174,156,142,26,26
"14320","Amsterdam_Oost",50,50,50,50,50,50,0,0
"14321","Amsterdam_West",140,140,140,140,140,140,0,0
"14322","Amsterdam_West",190,190,190,190,190,190,0,0
"14323","Amsterdam_West",110,110,110,110,110,110,0,0
"14324","Amsterdam_Oost",149,149,149,149,149,149,0,0
"14325","Amsterdam_Center",149,149,149,149,149,149,0,0
"14326","Amsterdam_Zuid",235,235,235,235,235,235,0,0
"14327","Amsterdam_Center",350,350,350,350,350,350,0,0
"14328","Amsterdam_West",117,117,117,117,117,117,0,0
"14329","Amsterdam_Zuid",80,80,80,80,80,80,0,0
"14330","Amsterdam_Zuid",85,85,85,85,85,85,0,0
"14331","Amsterdam_Center",300,300,300,300,300,300,0,0
"14332","Amsterdam_Zuid",69,69,69,69,69,69,0,0
"14333","Amsterdam_Oost",200,200,200,200,200,200,0,0
"14334","Amsterdam_Oost",260,270,264,260,290,290,30,30
"14335","Amsterdam_West",150,150,150,150,150,150,0,0
"14336","Amsterdam_Zuid",149,149,149,149,149,149,0,0
"14337","Amsterdam_Center",150,154,150,150,150,150,0,0
"14338","Amsterdam_Oost",77,72,72,72,83,83,6,6
"14339","Amsterdam_West",139,145,146,142,150,148,9,9
"14340","Amsterdam_Zuid",125,125,125,125,125,125,0,0
"14341","Amsterdam_West",119,125,123,122,130,128,9,9
"14342","Amsterdam_West",229,263,249,263,313,263,34,34
"14343","Amsterdam_Zuid",150,124,173,230,230,230,80,80
"14344","Amsterdam_Nieuw_west",350,350,350,350,350,350,0,0
"14345","Amsterdam_Oost",120,120,120,120,120,120,0,0
"14346","Amsterdam_West",100,100,100,100,100,100,0,0
"14347","Amsterdam_Oost",150,150,150,150,150,150,0,0
"14348","Amsterdam_Center",94,70,120,120,116,96,2,2
"14349","Amsterdam_Center",160,160,160,160,160,160,0,0
"14350","Amsterdam_Zuid",90,90,90,90,90,90,0,0
"14351","Amsterdam_Oost",138,138,138,138,138,138,0,0
"14352","Amsterdam_Oost",140,140,140,140,140,140,0,0
"14353","Amsterdam_Zuid",120,120,120,120,120,120,0,0
"14354","Amsterdam_West",150,150,150,150,150,150,0,0
"14355","Amsterdam_West",180,180,75,75,75,75,-105,105
"14356","Amsterdam_Zuid",135,135,135,135,135,135,0,0
"14357","Amsterdam_Center",254,180,180,190,209,239,-15,15
"14358","Amsterdam_Zuid",93,93,93,93,93,93,0,0
"14359","Amsterdam_West",130,130,130,130,130,130,0,0
"14360","Amsterdam_Center",130,130,130,130,130,130,0,0
"14361","Amsterdam_Zuid",130,130,130,130,130,130,0,0
"14362","Amsterdam_Oost",189,189,189,189,189,189,0,0
"14363","Amsterdam_Zuid",200,200,200,200,200,200,0,0
"14364","Amsterdam_West",100,100,100,100,100,45,-55,55
"14365","Amsterdam_Nieuw_west",93,93,93,93,93,93,0,0
"14366","Amsterdam_West",98,98,98,98,98,98,0,0
"14367","Amsterdam_Zuid",126,126,126,126,126,126,0,0
"14368","Amsterdam_Oost",130,130,130,130,130,130,0,0
"14369","Amsterdam_Noord",65,65,65,65,65,65,0,0
"14370","Amsterdam_Noord",79,84,87,87,87,60,-19,19
"14371","Amsterdam_Noord",150,150,150,150,150,150,0,0
"14372","Amsterdam_West",125,125,125,125,125,125,0,0
"14373","Amsterdam_Center",200,200,200,200,200,200,0,0
"14374","Amsterdam_Center",120,120,120,120,120,120,0,0
"14375","Amsterdam_Nieuw_west",1032,1027,1031,1039,1050,1024,-8,8
"14376","Amsterdam_Center",295,295,295,295,295,295,0,0
"14377","Amsterdam_Noord",133,133,133,133,133,133,0,0
"14378","Amsterdam_Center",275,275,275,275,275,275,0,0
"14379","Amsterdam_Oost",100,100,100,130,125,118,18,18
"14380","Amsterdam_Nieuw_west",124,123,125,125,126,123,-1,1
"14381","Amsterdam_Oost",120,120,120,120,120,120,0,0
"14382","Amsterdam_Zuidoost",120,120,120,120,120,120,0,0
"14383","Amsterdam_West",189,189,189,189,189,189,0,0
"14384","Amsterdam_Center",121,100,100,100,100,100,-21,21
"14385","Amsterdam_Zuid",85,75,75,75,75,86,1,1
"14386","Amsterdam_Oost",90,90,90,90,90,90,0,0
"14387","Amsterdam_West",66,74,69,72,90,99,33,33
"14388","Amsterdam_Oost",105,105,105,105,105,105,0,0
"14389","Amsterdam_Oost",105,105,105,105,105,105,0,0
"14390","Amsterdam_Oost",145,145,145,145,145,145,0,0
"14391","Amsterdam_West",195,195,195,195,195,195,0,0
"14392","Amsterdam_Center",90,90,90,90,90,90,0,0
"14393","Amsterdam_West",126,126,126,126,126,126,0,0
"14394","Amsterdam_Zuid",130,130,130,130,130,130,0,0
"14395","Amsterdam_West",300,300,300,300,300,300,0,0
"14396","Amsterdam_Center",360,360,360,360,360,360,0,0
"14397","Amsterdam_Nieuw_west",250,250,250,250,250,250,0,0
"14398","Amsterdam_Center",85,85,85,85,85,85,0,0
"14399","Amsterdam_Zuid",28,28,28,28,28,28,0,0
"14400","Amsterdam_Nieuw_west",85,85,85,85,85,85,0,0
"14401","Amsterdam_West",125,125,125,125,125,125,0,0
"14402","Amsterdam_Nieuw_west",75,75,75,75,75,75,0,0
"14403","Amsterdam_Noord",83,104,185,185,185,185,102,102
"14404","Amsterdam_West",250,250,250,250,250,250,0,0
"14405","Amsterdam_West",250,250,250,250,250,250,0,0
"14406","Amsterdam_Noord",120,120,120,120,120,120,0,0
"14407","Amsterdam_Center",450,450,450,450,450,450,0,0
"14408","Amsterdam_Noord",100,100,100,100,100,100,0,0
"14409","Amsterdam_Noord",150,150,150,150,150,150,0,0
"14410","Amsterdam_Center",129,129,129,129,129,129,0,0
"14411","Amsterdam_Oost",125,125,125,125,125,125,0,0
"14412","Amsterdam_Center",60,60,60,60,60,60,0,0
"14413","Amsterdam_West",183,183,183,183,183,183,0,0
"14414","Amsterdam_Nieuw_west",70,70,70,70,70,70,0,0
"14415","Amsterdam_Zuid",120,120,120,120,120,120,0,0
"14416","Amsterdam_West",90,90,90,90,90,90,0,0
"14417","Amsterdam_Nieuw_west",80,80,80,80,80,80,0,0
"14418","Amsterdam_Zuid",170,170,170,170,170,170,0,0
"14419","Amsterdam_Noord",108,108,108,108,108,108,0,0
"14420","Amsterdam_West",156,156,156,156,156,156,0,0
"14421","Amsterdam_Zuid",110,110,110,110,110,110,0,0
"14422","Amsterdam_West",148,135,135,150,160,160,12,12
"14423","Amsterdam_West",149,149,149,149,149,149,0,0
"14424","Amsterdam_West",120,120,120,120,120,120,0,0
"14425","Amsterdam_Zuid",275,275,275,275,275,275,0,0
"14426","Amsterdam_Center",175,175,175,175,175,175,0,0
"14427","Amsterdam_Center",400,400,400,400,400,400,0,0
"14428","Amsterdam_Oost",128,128,128,128,128,128,0,0
"14429","Amsterdam_West",207,207,207,207,207,207,0,0
"14430","Amsterdam_Oost",60,60,60,60,60,60,0,0
"14431","Amsterdam_Oost",95,95,95,95,95,95,0,0
"14432","Amsterdam_West",200,300,300,300,300,300,100,100
"14433","Amsterdam_Zuid",300,300,300,300,300,300,0,0
"14434","Amsterdam_Zuid",100,100,100,100,100,100,0,0
"14435","Amsterdam_Center",200,200,200,200,200,200,0,0
"14436","Amsterdam_Zuid",250,250,250,250,250,250,0,0
"14437","Amsterdam_Center",160,160,160,160,160,160,0,0
"14438","Amsterdam_Oost",135,135,135,135,135,135,0,0
"14439","Amsterdam_Center",159,159,159,159,159,159,0,0
"14440","Amsterdam_Center",90,90,90,90,90,90,0,0
"14441","Amsterdam_West",150,150,150,150,150,150,0,0
"14442","Amsterdam_West",175,175,175,175,175,175,0,0
"14443","Amsterdam_Nieuw_west",50,50,50,50,50,50,0,0
"14444","Amsterdam_West",225,225,225,225,225,225,0,0
"14445","Amsterdam_West",79,70,70,85,95,99,20,20
"14446","Amsterdam_Nieuw_west",40,40,40,40,40,40,0,0
"14447","Amsterdam_Center",150,200,200,150,150,186,36,36
"14448","Amsterdam_West",130,130,130,130,130,130,0,0
"14449","Amsterdam_West",140,150,150,190,190,241,101,101
"14450","Amsterdam_West",123,123,123,123,123,123,0,0
"14451","Amsterdam_Zuid",132,110,96,86,86,86,-46,46
"14452","Amsterdam_Oost",100,100,100,100,100,100,0,0
"14453","Amsterdam_Zuid",230,230,230,230,230,230,0,0
"14454","Amsterdam_Zuid",300,300,300,300,300,300,0,0
"14455","Amsterdam_Oost",65,65,65,65,65,65,0,0
"14456","Amsterdam_Oost",149,149,149,149,149,149,0,0
"14457","Amsterdam_Zuid",106,106,106,106,106,106,0,0
"14458","Amsterdam_West",160,160,160,160,160,160,0,0
"14459","Amsterdam_Nieuw_west",56,56,56,56,56,56,0,0
"14460","Amsterdam_Oost",100,100,100,100,100,100,0,0
"14461","Amsterdam_Nieuw_west",70,70,70,70,70,70,0,0
"14462","Amsterdam_Oost",138,138,138,138,138,138,0,0
"14463","Amsterdam_Center",200,200,200,200,200,200,0,0
"14464","Amsterdam_Nieuw_west",53,53,53,53,53,53,0,0
"14465","Amsterdam_West",150,150,150,150,150,150,0,0
"14466","Amsterdam_Center",750,700,600,600,600,600,-150,150
"14467","Amsterdam_West",100,100,100,100,100,100,0,0
"14468","Amsterdam_Zuid",155,155,155,155,155,155,0,0
"14469","Amsterdam_Oost",150,150,150,150,150,150,0,0
"14470","Amsterdam_Center",115,115,115,115,138,115,0,0
"14471","Amsterdam_Zuid",156,156,156,156,156,156,0,0
"14472","Amsterdam_Zuid",180,180,180,180,180,180,0,0
"14473","Amsterdam_Oost",330,330,330,330,330,330,0,0
"14474","Amsterdam_Oost",88,88,88,88,88,160,72,72
"14475","Amsterdam_Center",265,265,295,295,265,295,30,30
"14476","Amsterdam_Nieuw_west",120,120,120,120,120,120,0,0
"14477","Amsterdam_Oost",25,21,23,20,27,34,9,9
"14478","Amsterdam_Oost",25,25,23,20,28,41,16,16
"14479","Amsterdam_West",173,99,182,139,139,139,-34,34
"14480","Amsterdam_Oost",40,22,28,22,29,34,-6,6
"14481","Amsterdam_Oost",100,100,100,100,84,100,0,0
"14482","Amsterdam_West",132,125,125,125,125,125,-7,7
"14483","Amsterdam_Noord",195,195,195,195,195,195,0,0
"14484","Amsterdam_West",250,250,250,250,250,250,0,0
"14485","Amsterdam_Center",150,150,150,150,150,150,0,0
"14486","Amsterdam_Zuid",110,110,110,110,110,110,0,0
"14487","Amsterdam_Oost",176,176,176,176,176,176,0,0
"14488","Amsterdam_Oost",102,85,85,85,85,85,-17,17
"14489","Amsterdam_West",400,400,400,400,400,400,0,0
"14490","Amsterdam_West",140,140,140,140,140,160,20,20
"14491","Amsterdam_West",150,150,150,150,150,96,-54,54
"14492","Amsterdam_Noord",125,125,125,125,125,125,0,0
"14493","Amsterdam_Zuid",160,160,160,160,160,160,0,0
"14494","Amsterdam_West",110,110,110,110,110,110,0,0
"14495","Amsterdam_Zuid",147,147,147,147,147,147,0,0
"14496","Amsterdam_Zuid",270,270,270,270,270,270,0,0
"14497","Amsterdam_West",149,149,149,149,130,130,-19,19
"14498","Amsterdam_West",80,80,80,80,80,80,0,0
"14499","Amsterdam_West",95,95,95,95,95,95,0,0
"14500","Amsterdam_West",298,298,298,298,298,298,0,0
"14501","Amsterdam_Oost",130,130,130,130,90,110,-20,20
"14502","Amsterdam_Center",117,160,160,160,111,109,-8,8
"14503","Amsterdam_Zuid",75,75,75,75,75,75,0,0
"14504","Amsterdam_Nieuw_west",125,125,125,125,125,125,0,0
"14505","Amsterdam_Zuid",66,66,66,66,66,66,0,0
"14506","Amsterdam_Center",550,550,550,550,550,550,0,0
"14507","Amsterdam_West",178,178,178,178,178,178,0,0
"14508","Amsterdam_Nieuw_west",119,119,119,119,119,119,0,0
"14509","Amsterdam_Nieuw_west",80,80,80,80,80,80,0,0
"14510","Amsterdam_Zuid",94,94,94,94,94,94,0,0
"14511","Amsterdam_West",120,120,120,120,120,120,0,0
"14512","Amsterdam_Zuid",144,144,144,144,144,144,0,0
"14513","Amsterdam_West",80,80,80,80,80,80,0,0
"14514","Amsterdam_Zuid",140,140,140,140,140,140,0,0
"14515","Amsterdam_Zuid",149,149,149,149,149,149,0,0
"14516","Amsterdam_Nieuw_west",120,120,120,120,120,120,0,0
"14517","Amsterdam_West",98,98,98,98,98,98,0,0
"14518","Amsterdam_Nieuw_west",175,175,175,175,175,175,0,0
"14519","Amsterdam_Zuid",320,320,320,320,250,250,-70,70
"14520","Amsterdam_Oost",125,125,125,125,125,130,5,5
"14521","Amsterdam_West",300,300,300,300,300,300,0,0
"14522","Amsterdam_West",150,150,150,150,150,150,0,0
"14523","Amsterdam_Noord",110,110,110,110,110,110,0,0
"14524","Amsterdam_Nieuw_west",95,99,99,99,99,99,4,4
"14525","Amsterdam_Noord",65,65,65,65,65,65,0,0
"14526","Amsterdam_Nieuw_west",37,38,37,32,38,53,16,16
"14527","Amsterdam_Oost",150,150,150,150,150,150,0,0
"14528","Amsterdam_West",51,51,51,51,51,51,0,0
"14529","Amsterdam_West",275,275,275,275,275,275,0,0
"14530","Amsterdam_Noord",250,250,250,250,250,250,0,0
"14531","Amsterdam_Zuid",65,65,65,65,65,65,0,0
"14532","Amsterdam_Noord",120,120,120,120,120,120,0,0
"14533","Amsterdam_Zuid",145,145,145,145,145,145,0,0
"14534","Amsterdam_Zuidoost",80,80,80,80,80,80,0,0
"14535","Amsterdam_Zuid",83,83,83,83,83,83,0,0
"14536","Amsterdam_Center",115,150,150,150,135,150,35,35
"14537","Amsterdam_West",96,96,96,96,96,96,0,0
"14538","Amsterdam_Center",200,200,200,200,200,200,0,0
"14539","Amsterdam_Nieuw_west",29,29,29,29,29,29,0,0
"14540","Amsterdam_West",240,240,240,240,240,240,0,0
"14541","Amsterdam_West",200,200,200,200,200,200,0,0
"14542","Amsterdam_West",194,194,194,194,194,175,-19,19
"14543","Amsterdam_West",200,200,200,200,200,200,0,0
"14544","Amsterdam_Zuid",125,125,125,125,125,125,0,0
"14545","Amsterdam_Oost",81,88,99,89,98,39,-42,42
"14546","Amsterdam_Center",180,170,170,130,170,170,-10,10
"14547","Amsterdam_Center",45,43,43,40,40,66,21,21
"14548","Amsterdam_Zuid",160,160,160,160,160,160,0,0
"14549","Amsterdam_West",120,120,120,120,120,120,0,0
"14550","Amsterdam_Oost",195,195,195,195,195,195,0,0
"14551","Amsterdam_Center",180,180,180,180,180,180,0,0
"14552","Amsterdam_West",60,60,60,60,60,60,0,0
"14553","Amsterdam_Zuid",153,153,153,153,153,153,0,0
"14554","Amsterdam_West",144,144,144,144,144,144,0,0
"14555","Amsterdam_Nieuw_west",48,48,48,48,48,48,0,0
"14556","Amsterdam_Zuid",150,150,150,150,150,150,0,0
"14557","Amsterdam_Nieuw_west",77,75,60,73,73,73,-4,4
"14558","Amsterdam_Oost",96,96,96,96,96,96,0,0
"14559","Amsterdam_West",80,80,80,80,80,80,0,0
"14560","Amsterdam_West",150,150,150,150,150,150,0,0
"14561","Amsterdam_Center",60,60,60,60,60,60,0,0
"14562","Amsterdam_Center",250,250,250,250,250,250,0,0
"14563","Amsterdam_Noord",40,40,50,45,65,80,40,40
"14564","Amsterdam_Nieuw_west",43,39,29,29,29,46,3,3
"14565","Amsterdam_West",128,128,128,128,128,128,0,0
"14566","Amsterdam_Center",420,420,420,420,420,420,0,0
"14567","Amsterdam_Nieuw_west",51,51,51,51,51,51,0,0
"14568","Amsterdam_Zuid",139,139,139,139,139,139,0,0
"14569","Amsterdam_Oost",120,120,120,120,120,120,0,0
"14570","Amsterdam_West",150,150,150,150,176,180,30,30
"14571","Amsterdam_Oost",140,140,140,140,140,140,0,0
"14572","Amsterdam_West",123,123,123,123,123,123,0,0
"14573","Amsterdam_Center",99,99,99,99,99,99,0,0
"14574","Amsterdam_Zuid",70,70,70,70,70,70,0,0
"14575","Amsterdam_Center",130,130,130,130,130,145,15,15
"14576","Amsterdam_Center",600,600,600,600,600,600,0,0
"14577","Amsterdam_Oost",150,150,150,150,150,150,0,0
"14578","Amsterdam_Oost",139,135,135,135,135,160,21,21
"14579","Amsterdam_West",55,55,55,55,55,55,0,0
"14580","Amsterdam_Center",70,70,70,70,70,70,0,0
"14581","Amsterdam_Oost",150,150,150,150,150,140,-10,10
"14582","Amsterdam_Oost",100,100,100,100,100,100,0,0
"14583","Amsterdam_West",143,143,143,143,143,143,0,0
"14584","Amsterdam_West",250,220,200,300,250,260,10,10
"14585","Amsterdam_Center",160,160,160,160,160,160,0,0
"14586","Amsterdam_Noord",40,40,40,40,40,40,0,0
"14587","Amsterdam_Nieuw_west",70,70,70,70,70,70,0,0
"14588","Amsterdam_Zuidoost",85,85,85,85,85,85,0,0
"14589","Amsterdam_Zuid",250,250,250,250,250,250,0,0
"14590","Amsterdam_Oost",100,100,100,100,100,100,0,0
"14591","Amsterdam_Zuid",55,41,39,28,44,150,95,95
"14592","Amsterdam_Oost",125,125,125,125,125,125,0,0
"14593","Amsterdam_Noord",99,99,99,99,99,99,0,0
"14594","Amsterdam_Center",55,55,51,50,50,78,23,23
"14595","Amsterdam_Noord",55,52,75,75,75,75,20,20
"14596","Amsterdam_West",130,130,130,130,130,130,0,0
"14597","Amsterdam_Nieuw_west",300,300,300,300,300,300,0,0
"14598","Amsterdam_West",160,160,160,160,160,160,0,0
"14599","Amsterdam_Oost",39,39,39,39,39,39,0,0
"14600","Amsterdam_Oost",150,150,150,150,150,150,0,0
"14601","Amsterdam_West",60,60,60,60,60,60,0,0
"14602","Amsterdam_Oost",65,65,65,65,65,65,0,0
"14603","Amsterdam_Nieuw_west",75,75,75,75,75,75,0,0
"14604","Amsterdam_West",160,160,160,160,160,160,0,0
"14605","Amsterdam_Nieuw_west",75,75,75,87,84,83,8,8
"14606","Amsterdam_Nieuw_west",79,78,78,91,89,88,9,9
"14607","Amsterdam_Nieuw_west",82,82,82,95,92,93,11,11
"14608","Amsterdam_Zuid",88,88,88,88,88,88,0,0
"14609","Amsterdam_Center",200,200,200,200,200,200,0,0
"14610","Amsterdam_West",250,250,250,250,250,250,0,0
"14611","Amsterdam_Noord",125,125,125,125,125,125,0,0
"14612","Amsterdam_Noord",120,120,120,120,120,120,0,0
"14613","Amsterdam_Noord",196,196,196,196,196,196,0,0
"14614","Amsterdam_West",79,79,79,79,79,79,0,0
"14615","Amsterdam_Zuid",150,150,150,150,150,150,0,0
"14616","Amsterdam_Noord",100,100,100,100,100,100,0,0
"14617","Amsterdam_West",140,115,119,133,158,177,37,37
"14618","Amsterdam_West",25,25,25,25,25,25,0,0
"14619","Amsterdam_Center",79,79,79,79,79,79,0,0
"14620","Amsterdam_Noord",99,99,99,99,99,99,0,0
"14621","Amsterdam_Zuid",150,150,150,150,150,150,0,0
"14622","Amsterdam_Oost",175,175,175,175,175,175,0,0
"14623","Amsterdam_West",120,120,120,120,120,120,0,0
"14624","Amsterdam_Oost",66,66,66,66,66,67,1,1
"14625","Amsterdam_Center",500,500,500,500,500,500,0,0
"14626","Amsterdam_Zuidoost",55,55,55,55,55,55,0,0
"14627","Amsterdam_Noord",150,150,150,150,150,150,0,0
"14628","Amsterdam_Oost",120,120,120,120,120,120,0,0
"14629","Amsterdam_Oost",90,90,90,90,90,90,0,0
"14630","Amsterdam_Center",180,180,180,180,180,180,0,0
"14631","Amsterdam_West",99,99,99,99,99,99,0,0
"14632","Amsterdam_Oost",200,200,200,221,221,250,50,50
"14633","Amsterdam_West",80,80,80,80,80,80,0,0
"14634","Amsterdam_Center",275,275,275,275,275,275,0,0
"14635","Amsterdam_Zuidoost",58,58,58,58,58,58,0,0
"14636","Amsterdam_West",73,73,73,73,73,73,0,0
"14637","Amsterdam_Center",400,400,400,400,400,400,0,0
"14638","Amsterdam_Zuid",250,250,250,250,250,250,0,0
"14639","Amsterdam_Nieuw_west",90,90,90,90,90,90,0,0
"14640","Amsterdam_Zuid",110,110,110,110,110,110,0,0
"14641","Amsterdam_Oost",99,99,99,99,99,99,0,0
"14642","Amsterdam_West",115,115,115,115,115,115,0,0
"14643","Amsterdam_Oost",135,75,75,75,75,75,-60,60
"14644","Amsterdam_Center",130,130,130,130,130,130,0,0
"14645","Amsterdam_Noord",150,150,150,150,150,150,0,0
"14646","Amsterdam_West",380,380,380,380,380,380,0,0
"14647","Amsterdam_Zuid",239,239,343,343,357,361,122,122
"14648","Amsterdam_Oost",98,98,98,98,98,98,0,0
"14649","Amsterdam_West",199,199,199,199,199,199,0,0
"14650","Amsterdam_Oost",400,400,400,400,400,400,0,0
"14651","Amsterdam_Center",175,175,175,175,175,175,0,0
"14652","Amsterdam_West",105,105,105,105,105,105,0,0
"14653","Amsterdam_West",79,79,79,79,79,79,0,0
"14654","Amsterdam_Zuid",75,75,75,75,75,75,0,0
"14655","Amsterdam_West",300,300,300,300,300,300,0,0
"14656","Amsterdam_Zuid",175,175,175,175,175,175,0,0
"14657","Amsterdam_Center",250,250,250,250,250,250,0,0
"14658","Amsterdam_West",95,95,95,95,95,95,0,0
"14659","Amsterdam_Noord",200,200,200,200,200,200,0,0
"14660","Amsterdam_Noord",100,100,100,100,100,100,0,0
"14661","Amsterdam_Center",600,600,600,600,193,120,-480,480
"14662","Amsterdam_Noord",130,130,130,130,130,130,0,0
"14663","Amsterdam_Zuid",80,80,80,80,80,80,0,0
"14664","Amsterdam_Noord",35,35,35,35,35,35,0,0
"14665","Amsterdam_West",149,149,149,149,149,149,0,0
"14666","Amsterdam_Zuidoost",49,49,49,49,49,49,0,0
"14667","Amsterdam_Oost",80,80,80,80,80,80,0,0
"14668","Amsterdam_Noord",132,120,120,120,120,162,30,30
"14669","Amsterdam_Center",70,70,70,70,70,70,0,0
"14670","Amsterdam_Zuid",160,143,143,143,143,143,-17,17
"14671","Amsterdam_Noord",150,150,150,150,150,150,0,0
"14672","Amsterdam_Noord",100,100,100,110,110,100,0,0
"14673","Amsterdam_Noord",200,200,200,200,200,200,0,0
"14674","Amsterdam_West",200,200,200,200,200,200,0,0
"14675","Amsterdam_Zuidoost",80,80,80,80,80,80,0,0
"14676","Amsterdam_West",150,70,70,70,70,98,-52,52
"14677","Amsterdam_Noord",200,200,200,200,200,200,0,0
"14678","Amsterdam_West",270,270,270,270,270,270,0,0
"14679","Amsterdam_Center",499,435,499,499,499,499,0,0
"14680","Amsterdam_Center",150,150,150,150,150,150,0,0
"14681","Amsterdam_Center",129,129,129,129,129,129,0,0
"14682","Amsterdam_Oost",135,135,135,135,135,135,0,0
"14683","Amsterdam_Zuid",105,105,105,105,105,105,0,0
"14684","Amsterdam_Noord",62,62,62,62,62,57,-5,5
"14685","Amsterdam_Center",155,150,135,139,167,158,3,3
"14686","Amsterdam_Center",204,219,175,197,218,216,12,12
"14687","Amsterdam_Zuid",85,90,80,80,105,105,20,20
"14688","Amsterdam_West",125,125,125,125,125,125,0,0
"14689","Amsterdam_Nieuw_west",60,68,68,60,110,110,50,50
"14690","Amsterdam_Zuidoost",65,65,65,65,65,65,0,0
"14691","Amsterdam_Center",150,150,150,150,150,150,0,0
"14692","Amsterdam_Zuid",200,200,200,200,200,200,0,0
"14693","Amsterdam_Zuid",135,135,135,135,135,135,0,0
"14694","Amsterdam_West",150,150,150,150,150,150,0,0
"14695","Amsterdam_Oost",156,156,156,156,156,191,35,35
"14696","Amsterdam_Oost",160,160,160,160,160,160,0,0
"14697","Amsterdam_Zuid",80,80,80,80,80,80,0,0
"14698","Amsterdam_Oost",261,261,261,261,261,261,0,0
"14699","Amsterdam_Center",220,220,220,220,220,220,0,0
"14700","Amsterdam_Oost",60,60,60,60,60,60,0,0
"14701","Amsterdam_West",110,110,110,110,110,110,0,0
"14702","Amsterdam_Center",170,170,170,170,170,170,0,0
"14703","Amsterdam_West",90,90,90,90,90,90,0,0
"14704","Amsterdam_Zuid",220,220,220,220,220,220,0,0
"14705","Amsterdam_Nieuw_west",113,113,113,113,113,113,0,0
"14706","Amsterdam_Zuid",195,195,195,195,195,195,0,0
"14707","Amsterdam_Nieuw_west",104,104,104,104,104,104,0,0
"14708","Amsterdam_Nieuw_west",49,49,49,49,49,49,0,0
"14709","Amsterdam_Nieuw_west",41,41,41,41,28,30,-11,11
"14710","Amsterdam_Center",182,182,182,182,182,182,0,0
"14711","Amsterdam_Oost",175,175,175,175,175,175,0,0
"14712","Amsterdam_Nieuw_west",25,25,25,25,25,25,0,0
"14713","Amsterdam_Oost",250,250,250,250,250,250,0,0
"14714","Amsterdam_West",200,200,200,200,200,200,0,0
"14715","Amsterdam_West",120,120,120,120,120,120,0,0
"14716","Amsterdam_Zuid",210,210,210,210,210,210,0,0
"14717","Amsterdam_West",155,155,155,155,155,155,0,0
"14718","Amsterdam_West",199,199,199,199,199,199,0,0
"14719","Amsterdam_Zuid",225,225,225,225,225,225,0,0
"14720","Amsterdam_Zuid",75,55,55,55,60,100,25,25
"14721","Amsterdam_Oost",75,75,75,75,75,75,0,0
"14722","Amsterdam_West",100,100,145,130,100,100,0,0
"14723","Amsterdam_Zuid",220,220,220,220,220,220,0,0
"14724","Amsterdam_Nieuw_west",142,142,142,142,142,142,0,0
"14725","Amsterdam_Oost",85,85,85,85,85,85,0,0
"14726","Amsterdam_Zuid",210,185,185,185,185,185,-25,25
"14727","Amsterdam_Center",375,375,375,375,375,375,0,0
"14728","Amsterdam_Zuid",140,140,140,140,140,140,0,0
"14729","Amsterdam_Center",136,131,125,125,125,125,-11,11
"14730","Amsterdam_Oost",62,62,62,62,62,62,0,0
"14731","Amsterdam_Zuid",74,74,74,74,74,74,0,0
"14732","Amsterdam_Zuid",150,150,150,150,150,150,0,0
"14733","Amsterdam_Oost",165,165,165,90,90,90,-75,75
"14734","Amsterdam_West",119,119,119,119,119,119,0,0
"14735","Amsterdam_Center",74,74,74,74,74,74,0,0
"14736","Amsterdam_West",126,99,126,126,126,126,0,0
"14737","Amsterdam_Nieuw_west",58,58,58,58,58,58,0,0
"14738","Amsterdam_Oost",186,186,186,186,186,186,0,0
"14739","Amsterdam_Zuid",43,49,49,49,49,49,6,6
"14740","Amsterdam_West",80,80,80,80,80,80,0,0
"14741","Amsterdam_West",157,157,157,157,157,157,0,0
"14742","Amsterdam_Center",250,250,250,250,250,250,0,0
"14743","Amsterdam_Oost",105,105,105,105,105,110,5,5
"14744","Amsterdam_Center",100,100,100,100,100,100,0,0
"14745","Amsterdam_Zuid",170,170,170,170,170,170,0,0
"14746","Amsterdam_Center",100,100,100,100,100,100,0,0
"14747","Amsterdam_Nieuw_west",100,100,100,100,100,100,0,0
"14748","Amsterdam_Zuid",150,150,150,150,150,150,0,0
"14749","Amsterdam_Oost",110,110,110,110,110,110,0,0
"14750","Amsterdam_West",112,112,112,119,119,99,-13,13
"14751","Amsterdam_Noord",250,250,250,250,250,250,0,0
"14752","Amsterdam_Zuid",100,100,100,100,100,100,0,0
"14753","Amsterdam_Center",92,92,92,92,92,92,0,0
"14754","Amsterdam_Zuid",150,150,150,150,150,150,0,0
"14755","Amsterdam_Oost",200,200,200,200,200,200,0,0
"14756","Amsterdam_Center",150,150,150,150,150,150,0,0
"14757","Amsterdam_West",290,290,290,290,290,290,0,0
"14758","Amsterdam_West",149,149,149,149,149,149,0,0
"14759","Amsterdam_Zuid",134,134,134,134,134,134,0,0
"14760","Amsterdam_West",350,350,350,350,350,350,0,0
"14761","Amsterdam_West",140,140,150,150,150,165,25,25
"14762","Amsterdam_Nieuw_west",80,80,80,80,80,80,0,0
"14763","Amsterdam_West",110,110,110,110,110,110,0,0
"14764","Amsterdam_West",250,250,250,250,250,250,0,0
"14765","Amsterdam_Center",250,250,250,250,250,250,0,0
"14766","Amsterdam_West",84,84,84,84,84,84,0,0
"14767","Amsterdam_Nieuw_west",70,70,70,70,70,70,0,0
"14768","Amsterdam_Nieuw_west",95,95,95,95,95,95,0,0
"14769","Amsterdam_Zuid",210,210,210,153,191,140,-70,70
"14770","Amsterdam_West",169,169,169,169,169,169,0,0
"14771","Amsterdam_Zuid",145,145,145,145,145,145,0,0
"14772","Amsterdam_Center",200,200,200,200,200,200,0,0
"14773","Amsterdam_Zuid",350,350,350,350,350,350,0,0
"14774","Amsterdam_Center",150,150,150,150,150,150,0,0
"14775","Amsterdam_Center",150,150,150,150,150,91,-59,59
"14776","Amsterdam_West",100,100,100,100,100,100,0,0
"14777","Amsterdam_Oost",80,70,70,70,70,70,-10,10
"14778","Amsterdam_Zuid",80,80,80,80,81,80,0,0
"14779","Amsterdam_West",149,149,149,149,149,149,0,0
"14780","Amsterdam_Zuid",164,164,164,164,164,164,0,0
"14781","Amsterdam_Zuid",308,87,87,87,87,87,-221,221
"14782","Amsterdam_Zuid",109,109,109,109,109,109,0,0
"14783","Amsterdam_West",259,259,259,259,259,259,0,0
"14784","Amsterdam_West",100,100,100,100,100,100,0,0
"14785","Amsterdam_West",110,110,110,110,110,110,0,0
"14786","Amsterdam_West",140,140,140,140,140,140,0,0
"14787","Amsterdam_West",115,115,115,115,115,115,0,0
"14788","Amsterdam_Oost",140,140,140,140,140,140,0,0
"14789","Amsterdam_Oost",160,160,160,160,160,160,0,0
"14790","Amsterdam_Oost",68,80,80,80,80,100,32,32
"14791","Amsterdam_Center",139,149,133,136,146,149,10,10
"14792","Amsterdam_Oost",150,150,150,150,150,150,0,0
"14793","Amsterdam_Zuid",250,250,250,250,250,250,0,0
"14794","Amsterdam_Zuid",200,200,200,200,200,200,0,0
"14795","Amsterdam_Oost",180,180,180,180,180,180,0,0
"14796","Amsterdam_Center",100,125,125,125,125,125,25,25
"14797","Amsterdam_Center",216,320,203,320,320,320,104,104
"14798","Amsterdam_Center",150,150,150,150,150,150,0,0
"14799","Amsterdam_Center",79,79,79,69,70,79,0,0
"14800","Amsterdam_West",145,145,145,145,145,145,0,0
"14801","Amsterdam_Center",190,190,190,190,190,190,0,0
"14802","Amsterdam_West",157,119,145,128,159,189,32,32
"14803","Amsterdam_Nieuw_west",300,271,250,250,250,250,-50,50
"14804","Amsterdam_Center",61,61,61,61,61,61,0,0
"14805","Amsterdam_West",255,255,255,255,255,255,0,0
"14806","Amsterdam_Oost",135,135,135,135,135,135,0,0
"14807","Amsterdam_West",135,135,135,135,135,135,0,0
"14808","Amsterdam_West",120,120,120,120,120,120,0,0
"14809","Amsterdam_Center",120,120,120,140,160,160,40,40
"14810","Amsterdam_Zuid",68,68,68,68,68,68,0,0
"14811","Amsterdam_Zuid",195,195,195,195,195,195,0,0
"14812","Amsterdam_West",120,120,120,120,120,120,0,0
"14813","Amsterdam_Nieuw_west",155,155,155,155,155,155,0,0
"14814","Amsterdam_Zuid",150,150,150,150,150,150,0,0
"14815","Amsterdam_West",105,105,105,88,105,89,-16,16
"14816","Amsterdam_Zuid",66,67,68,69,69,70,4,4
"14817","Amsterdam_Center",125,125,125,125,125,125,0,0
"14818","Amsterdam_West",100,100,100,100,100,100,0,0
"14819","Amsterdam_Oost",450,450,450,450,450,450,0,0
"14820","Amsterdam_Center",40,220,220,220,144,114,74,74
"14821","Amsterdam_West",210,210,210,210,210,210,0,0
"14822","Amsterdam_West",170,170,170,170,170,170,0,0
"14823","Amsterdam_Center",159,159,159,159,159,159,0,0
"14824","Amsterdam_Zuid",125,125,125,125,125,125,0,0
"14825","Amsterdam_West",47,47,47,47,47,47,0,0
"14826","Amsterdam_West",140,140,140,140,140,140,0,0
"14827","Amsterdam_Nieuw_west",78,78,78,78,78,78,0,0
"14828","Amsterdam_West",160,160,160,160,160,160,0,0
"14829","Amsterdam_Nieuw_west",130,130,130,130,130,130,0,0
"14830","Amsterdam_West",150,150,150,150,150,150,0,0
"14831","Amsterdam_Center",100,100,100,100,100,100,0,0
"14832","Amsterdam_Nieuw_west",49,49,49,49,49,49,0,0
"14833","Amsterdam_Center",272,82,82,82,82,82,-190,190
"14834","Amsterdam_West",69,69,69,69,69,69,0,0
"14835","Amsterdam_Zuid",180,180,180,180,180,180,0,0
"14836","Amsterdam_Zuid",179,179,179,179,179,179,0,0
"14837","Amsterdam_West",300,300,300,300,300,300,0,0
"14838","Amsterdam_Nieuw_west",70,70,70,70,70,70,0,0
"14839","Amsterdam_West",159,159,159,159,159,159,0,0
"14840","Amsterdam_Oost",150,100,100,100,150,150,0,0
"14841","Amsterdam_West",120,120,120,120,120,120,0,0
"14842","Amsterdam_Center",77,77,77,77,77,77,0,0
"14843","Amsterdam_Center",165,165,165,165,165,165,0,0
"14844","Amsterdam_Nieuw_west",200,200,200,200,200,200,0,0
"14845","Amsterdam_Center",200,200,200,200,200,200,0,0
"14846","Amsterdam_Zuid",145,145,145,145,145,145,0,0
"14847","Amsterdam_Center",100,100,100,100,100,100,0,0
"14848","Amsterdam_Zuidoost",225,225,225,225,225,225,0,0
"14849","Amsterdam_Oost",209,159,165,211,272,315,106,106
"14850","Amsterdam_Center",98,98,81,81,115,115,17,17
"14851","Amsterdam_Center",120,120,110,110,90,125,5,5
"14852","Amsterdam_Center",250,250,250,250,250,250,0,0
"14853","Amsterdam_West",199,199,199,199,199,199,0,0
"14854","Amsterdam_Zuid",100,100,100,100,100,100,0,0
"14855","Amsterdam_Zuid",279,279,279,279,279,279,0,0
"14856","Amsterdam_West",200,200,200,200,200,200,0,0
"14857","Amsterdam_West",150,150,150,150,150,150,0,0
"14858","Amsterdam_Center",364,364,364,364,364,364,0,0
"14859","Amsterdam_Nieuw_west",150,150,150,150,150,150,0,0
"14860","Amsterdam_Zuid",116,116,116,116,116,116,0,0
"14861","Amsterdam_Zuid",110,110,110,110,110,110,0,0
"14862","Amsterdam_West",42,42,42,42,42,42,0,0
"14863","Amsterdam_Center",395,395,395,395,395,395,0,0
"14864","Amsterdam_West",200,200,200,200,200,200,0,0
"14865","Amsterdam_West",110,110,110,110,110,110,0,0
"14866","Amsterdam_Center",90,90,90,90,90,90,0,0
"14867","Amsterdam_Center",158,158,150,170,173,188,30,30
"14868","Amsterdam_Zuid",110,110,110,110,110,110,0,0
"14869","Amsterdam_Oost",160,160,160,160,160,160,0,0
"14870","Amsterdam_Zuid",140,140,140,140,140,140,0,0
"14871","Amsterdam_Zuid",130,130,130,130,130,130,0,0
"14872","Amsterdam_Zuid",180,180,180,180,180,180,0,0
"14873","Amsterdam_West",120,120,120,120,120,120,0,0
"14874","Amsterdam_Nieuw_west",60,60,60,60,60,60,0,0
"14875","Amsterdam_Oost",160,160,160,160,160,160,0,0
"14876","Amsterdam_West",250,250,250,250,250,250,0,0
"14877","Amsterdam_West",112,112,112,112,112,112,0,0
"14878","Amsterdam_West",130,130,130,130,130,130,0,0
"14879","Amsterdam_West",100,100,100,100,100,100,0,0
"14880","Amsterdam_West",280,280,280,280,280,280,0,0
"14881","Amsterdam_Zuid",95,95,95,95,95,95,0,0
"14882","Amsterdam_West",354,254,249,346,439,500,146,146
"14883","Amsterdam_Center",498,498,498,498,498,498,0,0
"14884","Amsterdam_Center",125,200,55,225,225,125,0,0
"14885","Amsterdam_Nieuw_west",100,100,100,100,100,100,0,0
"14886","Amsterdam_Center",297,297,297,297,297,297,0,0
"14887","Amsterdam_Zuid",99,99,99,99,99,99,0,0
"14888","Amsterdam_Oost",110,110,110,110,110,110,0,0
"14889","Amsterdam_West",123,123,123,123,123,123,0,0
"14890","Amsterdam_Nieuw_west",55,45,45,45,55,99,44,44
"14891","Amsterdam_Center",51,51,51,51,76,47,-4,4
"14892","Amsterdam_Zuid",130,130,130,130,130,130,0,0
"14893","Amsterdam_West",94,90,90,90,120,135,41,41
"14894","Amsterdam_Center",140,140,99,165,165,165,25,25
"14895","Amsterdam_Nieuw_west",80,80,80,80,80,80,0,0
"14896","Amsterdam_Oost",340,340,340,340,340,340,0,0
"14897","Amsterdam_Center",360,360,360,360,360,360,0,0
"14898","Amsterdam_Noord",120,120,120,120,120,120,0,0
"14899","Amsterdam_West",120,120,120,120,120,120,0,0
"14900","Amsterdam_Oost",189,189,189,189,189,189,0,0
"14901","Amsterdam_Zuid",149,149,149,149,149,149,0,0
"14902","Amsterdam_Zuidoost",115,115,115,115,115,115,0,0
"14903","Amsterdam_Zuid",125,125,125,125,125,125,0,0
"14904","Amsterdam_Zuid",179,179,179,179,179,179,0,0
"14905","Amsterdam_Nieuw_west",43,43,43,43,43,43,0,0
"14906","Amsterdam_Center",130,130,130,130,130,130,0,0
"14907","Amsterdam_West",110,110,110,110,110,110,0,0
"14908","Amsterdam_West",75,75,75,75,75,75,0,0
"14909","Amsterdam_Center",100,30,30,30,30,30,-70,70
"14910","Amsterdam_West",125,125,125,125,125,125,0,0
"14911","Amsterdam_Zuid",160,160,160,160,160,160,0,0
"14912","Amsterdam_Center",700,760,760,760,760,760,60,60
"14913","Amsterdam_Zuid",399,399,399,399,399,399,0,0
"14914","Amsterdam_West",69,69,69,69,69,69,0,0
"14915","Amsterdam_Center",62,62,62,62,62,62,0,0
"14916","Amsterdam_Oost",180,180,180,180,180,180,0,0
"14917","Amsterdam_Zuid",69,69,69,69,69,69,0,0
"14918","Amsterdam_Oost",161,150,150,150,150,150,-11,11
"14919","Amsterdam_Zuid",200,200,200,200,200,200,0,0
"14920","Amsterdam_Center",120,120,120,120,120,120,0,0
"14921","Amsterdam_Oost",79,95,95,95,95,95,16,16
"14922","Amsterdam_Oost",110,110,110,110,110,110,0,0
"14923","Amsterdam_West",99,99,99,99,99,99,0,0
"14924","Amsterdam_West",75,75,75,75,75,75,0,0
"14925","Amsterdam_Noord",110,110,110,110,110,110,0,0
"14926","Amsterdam_Noord",100,100,100,100,100,100,0,0
"14927","Amsterdam_Oost",45,45,45,45,45,45,0,0
"14928","Amsterdam_West",146,148,148,145,145,145,-1,1
"14929","Amsterdam_Center",75,75,75,75,75,75,0,0
"14930","Amsterdam_West",150,150,150,150,150,150,0,0
"14931","Amsterdam_Center",356,320,320,320,320,320,-36,36
"14932","Amsterdam_Zuid",99,99,99,99,99,86,-13,13
"14933","Amsterdam_Noord",120,120,120,120,120,120,0,0
"14934","Amsterdam_Center",115,115,115,115,115,115,0,0
"14935","Amsterdam_Center",130,130,130,130,225,150,20,20
"14936","Amsterdam_Zuid",100,100,100,100,100,100,0,0
"14937","Amsterdam_Center",140,140,140,140,250,193,53,53
"14938","Amsterdam_West",90,90,90,90,90,90,0,0
"14939","Amsterdam_Center",121,121,121,121,121,121,0,0
"14940","Amsterdam_Center",130,130,130,130,130,130,0,0
"14941","Amsterdam_Center",96,96,96,96,96,96,0,0
"14942","Amsterdam_West",182,182,182,182,182,182,0,0
"14943","Amsterdam_Center",118,118,118,118,118,118,0,0
"14944","Amsterdam_Oost",95,95,95,95,95,95,0,0
"14945","Amsterdam_Center",71,74,79,79,103,118,47,47
"14946","Amsterdam_Noord",165,165,165,199,199,199,34,34
"14947","Amsterdam_Nieuw_west",200,200,200,200,200,200,0,0
"14948","Amsterdam_Oost",175,175,175,175,175,175,0,0
"14949","Amsterdam_West",180,180,180,180,180,180,0,0
"14950","Amsterdam_Zuid",200,200,200,200,200,200,0,0
"14951","Amsterdam_Oost",88,77,97,89,73,89,1,1
"14952","Amsterdam_West",130,130,130,130,130,130,0,0
"14953","Amsterdam_Center",1400,1400,1400,1400,1400,1400,0,0
"14954","Amsterdam_West",75,75,75,75,75,75,0,0
"14955","Amsterdam_Center",149,149,149,149,149,149,0,0
"14956","Amsterdam_Center",500,500,500,500,500,500,0,0
"14957","Amsterdam_West",89,89,89,89,89,89,0,0
"14958","Amsterdam_West",90,90,90,90,90,90,0,0
"14959","Amsterdam_Oost",90,89,285,106,140,232,142,142
"14960","Amsterdam_Oost",96,95,137,114,149,200,104,104
"14961","Amsterdam_Noord",151,151,151,151,151,151,0,0
"14962","Amsterdam_Oost",118,116,164,139,182,219,101,101
"14963","Amsterdam_Oost",128,126,178,151,202,201,73,73
"14964","Amsterdam_Oost",464,226,321,301,363,360,-104,104
"14965","Amsterdam_Oost",80,80,80,80,80,80,0,0
"14966","Amsterdam_Oost",202,199,283,272,360,319,117,117
"14967","Amsterdam_West",125,125,125,125,125,125,0,0
"14968","Amsterdam_Center",700,760,760,760,760,760,60,60
"14969","Amsterdam_West",110,110,110,110,110,110,0,0
"14970","Amsterdam_Center",740,740,740,740,740,740,0,0
"14971","Amsterdam_Oost",89,89,89,89,89,89,0,0
"14972","Amsterdam_Zuid",350,350,350,350,350,350,0,0
"14973","Amsterdam_Oost",450,450,450,450,450,450,0,0
"14974","Amsterdam_Zuidoost",65,65,65,65,65,65,0,0
"14975","Amsterdam_Center",150,150,150,150,150,150,0,0
"14976","Amsterdam_West",200,200,200,200,200,200,0,0
"14977","Amsterdam_Center",187,187,187,187,187,187,0,0
"14978","Amsterdam_Center",230,230,230,230,210,220,-10,10
"14979","Amsterdam_West",20,20,25,20,22,29,9,9
"14980","Amsterdam_Oost",200,200,200,200,200,200,0,0
"14981","Amsterdam_West",79,79,79,79,79,79,0,0
"14982","Amsterdam_Oost",130,130,130,130,130,130,0,0
"14983","Amsterdam_Oost",145,106,134,113,135,159,14,14
"14984","Amsterdam_Zuid",160,160,160,160,160,160,0,0
"14985","Amsterdam_Zuid",104,104,104,104,104,104,0,0
"14986","Amsterdam_Noord",110,110,110,110,110,110,0,0
"14987","Amsterdam_Zuid",200,200,200,200,200,200,0,0
"14988","Amsterdam_Zuid",150,150,150,150,150,150,0,0
"14989","Amsterdam_Oost",40,40,40,40,40,40,0,0
"14990","Amsterdam_West",150,150,150,150,150,150,0,0
"14991","Amsterdam_Noord",80,80,80,80,80,80,0,0
"14992","Amsterdam_Oost",74,74,74,74,74,74,0,0
"14993","Amsterdam_Zuid",250,250,250,250,250,250,0,0
"14994","Amsterdam_Zuid",125,125,125,125,125,125,0,0
"14995","Amsterdam_West",400,400,400,400,400,400,0,0
"14996","Amsterdam_Noord",110,110,110,110,110,110,0,0
"14997","Amsterdam_West",115,115,115,115,115,115,0,0
"14998","Amsterdam_West",98,98,98,98,98,98,0,0
"14999","Amsterdam_Zuid",150,150,150,150,150,150,0,0
"15000","Amsterdam_West",200,200,200,200,200,200,0,0
"15001","Amsterdam_Noord",45,45,45,45,45,65,20,20
"15002","Amsterdam_Center",150,150,150,150,150,150,0,0
"15003","Amsterdam_West",52,52,52,52,52,52,0,0
"15004","Amsterdam_Oost",175,194,200,184,204,206,31,31
"15005","Amsterdam_West",95,95,95,99,110,109,14,14
"15006","Amsterdam_Center",60,60,60,60,60,60,0,0
"15007","Amsterdam_Oost",170,170,170,170,170,170,0,0
"15008","Amsterdam_Zuid",300,300,300,300,300,300,0,0
"15009","Amsterdam_Center",230,350,350,350,350,264,34,34
"15010","Amsterdam_Noord",70,70,70,70,70,70,0,0
"15011","Amsterdam_West",150,150,150,120,120,120,-30,30
"15012","Amsterdam_Zuid",350,350,350,350,350,350,0,0
"15013","Amsterdam_West",133,133,133,133,85,85,-48,48
"15014","Amsterdam_West",180,180,180,180,180,180,0,0
"15015","Amsterdam_West",225,225,225,225,225,225,0,0
"15016","Amsterdam_Zuid",150,150,150,150,150,150,0,0
"15017","Amsterdam_Oost",250,250,250,250,250,250,0,0
"15018","Amsterdam_Noord",25,30,35,30,30,30,5,5
"15019","Amsterdam_Oost",75,75,75,75,75,75,0,0
"15020","Amsterdam_Zuid",171,186,186,186,186,186,15,15
"15021","Amsterdam_Zuid",165,165,165,165,165,165,0,0
"15022","Amsterdam_West",165,165,165,165,165,165,0,0
"15023","Amsterdam_Oost",50,50,50,50,50,50,0,0
"15024","Amsterdam_West",200,200,200,200,200,200,0,0
"15025","Amsterdam_West",80,80,80,80,80,80,0,0
"15026","Amsterdam_West",125,125,125,125,125,125,0,0
"15027","Amsterdam_West",250,250,250,250,250,250,0,0
"15028","Amsterdam_Nieuw_west",250,250,250,250,250,250,0,0
"15029","Amsterdam_Center",60,60,60,60,60,60,0,0
"15030","Amsterdam_Oost",124,180,180,180,84,139,15,15
"15031","Amsterdam_Zuid",90,90,90,90,90,90,0,0
"15032","Amsterdam_Zuid",99,99,99,99,99,99,0,0
"15033","Amsterdam_Center",166,169,160,160,275,225,59,59
"15034","Amsterdam_Zuid",99,99,99,99,99,99,0,0
"15035","Amsterdam_West",150,150,150,150,150,150,0,0
"15036","Amsterdam_Nieuw_west",160,100,100,100,100,100,-60,60
"15037","Amsterdam_Zuid",350,350,350,350,350,350,0,0
"15038","Amsterdam_Zuid",149,149,149,149,149,149,0,0
"15039","Amsterdam_West",181,181,181,181,181,181,0,0
"15040","Amsterdam_Center",130,130,130,130,130,130,0,0
"15041","Amsterdam_Nieuw_west",250,250,250,250,250,250,0,0
"15042","Amsterdam_Center",100,100,100,100,100,100,0,0
"15043","Amsterdam_Nieuw_west",75,75,75,75,75,75,0,0
"15044","Amsterdam_West",196,175,175,175,90,119,-77,77
"15045","Amsterdam_Center",100,100,100,100,100,100,0,0
"15046","Amsterdam_Noord",225,225,225,225,225,225,0,0
"15047","Amsterdam_Oost",105,105,105,105,105,105,0,0
"15048","Amsterdam_Center",71,71,71,71,71,71,0,0
"15049","Amsterdam_Zuid",115,115,115,115,115,115,0,0
"15050","Amsterdam_Oost",750,750,750,750,750,750,0,0
"15051","Amsterdam_Zuid",300,300,300,300,300,300,0,0
"15052","Amsterdam_Zuidoost",40,40,40,40,40,40,0,0
"15053","Amsterdam_Zuidoost",220,220,220,220,220,220,0,0
"15054","Amsterdam_Zuid",175,175,175,175,175,175,0,0
"15055","Amsterdam_Nieuw_west",150,150,150,150,150,150,0,0
"15056","Amsterdam_Oost",120,120,120,120,120,120,0,0
"15057","Amsterdam_Oost",65,65,65,65,65,65,0,0
"15058","Amsterdam_West",59,98,59,59,59,59,0,0
"15059","Amsterdam_Center",150,150,150,150,150,150,0,0
"15060","Amsterdam_West",400,400,400,400,400,400,0,0
"15061","Amsterdam_Noord",45,45,45,45,65,65,20,20
"15062","Amsterdam_Noord",85,85,85,85,85,85,0,0
"15063","Amsterdam_Center",70,70,70,70,70,70,0,0
"15064","Amsterdam_West",95,95,95,95,95,95,0,0
"15065","Amsterdam_Oost",87,84,84,84,84,84,-3,3
"15066","Amsterdam_West",150,150,150,150,150,150,0,0
"15067","Amsterdam_Zuidoost",135,135,135,135,135,135,0,0
"15068","Amsterdam_Zuid",200,200,200,200,200,200,0,0
"15069","Amsterdam_West",125,125,143,125,125,114,-11,11
"15070","Amsterdam_Nieuw_west",105,79,79,47,47,47,-58,58
"15071","Amsterdam_Nieuw_west",30,30,30,30,30,30,0,0
"15072","Amsterdam_West",149,149,149,149,149,149,0,0
"15073","Amsterdam_Center",420,420,420,420,420,420,0,0
"15074","Amsterdam_West",61,75,75,100,100,65,4,4
"15075","Amsterdam_Noord",72,72,72,72,72,72,0,0
"15076","Amsterdam_West",85,85,85,85,85,85,0,0
"15077","Amsterdam_Oost",85,85,95,95,95,95,10,10
"15078","Amsterdam_Zuid",131,131,131,90,96,96,-35,35
"15079","Amsterdam_Oost",60,60,60,60,60,60,0,0
"15080","Amsterdam_Noord",225,225,225,225,225,225,0,0
"15081","Amsterdam_Oost",100,100,99,100,100,100,0,0
"15082","Amsterdam_West",110,110,110,110,110,110,0,0
"15083","Amsterdam_Zuid",249,190,190,262,344,405,156,156
"15084","Amsterdam_West",143,143,143,143,143,143,0,0
"15085","Amsterdam_West",46,44,55,55,50,65,19,19
"15086","Amsterdam_Center",200,200,200,200,200,200,0,0
"15087","Amsterdam_Nieuw_west",130,130,130,130,130,130,0,0
"15088","Amsterdam_Oost",120,120,120,120,120,120,0,0
"15089","Amsterdam_Zuid",150,150,150,150,150,150,0,0
"15090","Amsterdam_West",120,120,120,120,120,120,0,0
"15091","Amsterdam_West",140,140,140,140,140,140,0,0
"15092","Amsterdam_Noord",281,281,281,281,281,281,0,0
"15093","Amsterdam_Nieuw_west",100,100,100,100,100,100,0,0
"15094","Amsterdam_Center",160,160,160,160,160,160,0,0
"15095","Amsterdam_Zuid",309,309,309,309,309,309,0,0
"15096","Amsterdam_Zuid",70,70,70,70,70,70,0,0
"15097","Amsterdam_Zuid",387,387,387,387,387,387,0,0
"15098","Amsterdam_Nieuw_west",60,60,60,60,60,60,0,0
"15099","Amsterdam_Zuid",150,150,150,150,150,150,0,0
"15100","Amsterdam_Center",60,60,60,53,60,50,-10,10
"15101","Amsterdam_Center",600,600,600,600,600,600,0,0
"15102","Amsterdam_Oost",135,135,135,135,135,135,0,0
"15103","Amsterdam_West",135,135,135,135,135,135,0,0
"15104","Amsterdam_Noord",90,90,90,90,90,90,0,0
"15105","Amsterdam_West",80,115,130,130,130,130,50,50
"15106","Amsterdam_West",100,100,100,100,100,100,0,0
"15107","Amsterdam_West",180,180,180,180,180,180,0,0
"15108","Amsterdam_Center",160,160,160,160,160,160,0,0
"15109","Amsterdam_West",30,30,30,30,50,50,20,20
"15110","Amsterdam_Noord",60,60,60,60,60,60,0,0
"15111","Amsterdam_Nieuw_west",90,90,90,90,90,75,-15,15
"15112","Amsterdam_Nieuw_west",123,123,123,123,123,123,0,0
"15113","Amsterdam_Zuid",100,100,100,100,100,100,0,0
"15114","Amsterdam_Nieuw_west",145,110,145,145,145,145,0,0
"15115","Amsterdam_West",100,100,100,100,100,100,0,0
"15116","Amsterdam_Oost",200,200,200,200,200,200,0,0
"15117","Amsterdam_Oost",95,110,85,85,85,115,20,20
"15118","Amsterdam_Zuid",130,130,130,130,130,130,0,0
"15119","Amsterdam_Center",150,150,150,150,150,150,0,0
"15120","Amsterdam_Zuid",99,99,99,99,99,99,0,0
"15121","Amsterdam_West",146,148,148,145,145,145,-1,1
"15122","Amsterdam_Noord",71,71,71,71,104,117,46,46
"15123","Amsterdam_Oost",126,126,126,126,126,126,0,0
"15124","Amsterdam_Oost",45,45,45,45,45,45,0,0
"15125","Amsterdam_West",130,130,130,130,130,130,0,0
"15126","Amsterdam_West",60,60,60,60,60,60,0,0
"15127","Amsterdam_Center",45,45,42,45,45,45,0,0
"15128","Amsterdam_Zuid",130,130,130,130,130,130,0,0
"15129","Amsterdam_Oost",50,50,50,50,50,50,0,0
"15130","Amsterdam_West",185,185,185,185,185,185,0,0
"15131","Amsterdam_West",150,125,125,125,125,125,-25,25
"15132","Amsterdam_West",105,105,105,105,105,105,0,0
"15133","Amsterdam_Center",130,130,130,130,130,130,0,0
"15134","Amsterdam_West",200,200,200,200,200,200,0,0
"15135","Amsterdam_Center",170,170,170,170,170,170,0,0
"15136","Amsterdam_West",94,94,94,94,94,94,0,0
"15137","Amsterdam_Noord",249,249,249,249,249,249,0,0
"15138","Amsterdam_Noord",85,85,85,85,85,85,0,0
"15139","Amsterdam_Center",45,45,42,45,45,45,0,0
"15140","Amsterdam_Center",91,99,85,64,80,64,-27,27
"15141","Amsterdam_Oost",165,165,165,165,165,165,0,0
"15142","Amsterdam_Nieuw_west",120,120,120,120,120,120,0,0
"15143","Amsterdam_Zuidoost",100,100,100,100,100,100,0,0
"15144","Amsterdam_Oost",167,167,167,167,167,167,0,0
"15145","Amsterdam_Zuid",109,109,109,109,109,109,0,0
"15146","Amsterdam_Nieuw_west",65,65,65,65,65,65,0,0
"15147","Amsterdam_West",105,105,95,100,100,100,-5,5
"15148","Amsterdam_West",60,60,60,60,60,60,0,0
"15149","Amsterdam_Zuid",150,150,150,150,150,150,0,0
"15150","Amsterdam_West",72,72,72,72,72,72,0,0
"15151","Amsterdam_West",84,91,84,84,118,118,34,34
"15152","Amsterdam_Oost",99,99,99,99,99,99,0,0
"15153","Amsterdam_Noord",507,507,507,507,507,507,0,0
"15154","Amsterdam_Zuidoost",100,100,100,100,100,100,0,0
"15155","Amsterdam_Center",100,100,100,100,100,100,0,0
"15156","Amsterdam_Nieuw_west",135,135,135,135,135,210,75,75
"15157","Amsterdam_West",200,200,200,200,200,200,0,0
"15158","Amsterdam_Zuid",135,135,135,135,135,135,0,0
"15159","Amsterdam_Zuid",197,197,197,197,197,197,0,0
"15160","Amsterdam_Zuid",91,90,91,91,93,91,0,0
"15161","Amsterdam_Center",65,90,90,90,90,90,25,25
"15162","Amsterdam_Zuid",130,130,130,130,130,130,0,0
"15163","Amsterdam_West",103,103,103,103,103,103,0,0
"15164","Amsterdam_West",130,130,130,130,130,130,0,0
"15165","Amsterdam_Center",95,95,95,95,95,95,0,0
"15166","Amsterdam_Oost",135,135,135,135,135,135,0,0
"15167","Amsterdam_Zuid",201,201,201,201,201,201,0,0
"15168","Amsterdam_Zuid",41,41,41,41,41,41,0,0
"15169","Amsterdam_Zuid",160,160,160,160,160,160,0,0
"15170","Amsterdam_Zuid",15,15,15,15,15,15,0,0
"15171","Amsterdam_Zuid",200,200,200,200,200,200,0,0
"15172","Amsterdam_Zuid",185,185,185,185,185,185,0,0
"15173","Amsterdam_Oost",135,135,135,135,135,135,0,0
"15174","Amsterdam_Center",45,45,45,45,45,45,0,0
"15175","Amsterdam_Oost",50,50,50,50,50,50,0,0
"15176","Amsterdam_Zuid",186,186,186,186,186,186,0,0
"15177","Amsterdam_Oost",179,179,179,179,179,179,0,0
"15178","Amsterdam_West",191,200,200,200,200,200,9,9
"15179","Amsterdam_Center",250,250,250,250,250,250,0,0
"15180","Amsterdam_Zuid",60,60,60,60,60,60,0,0
"15181","Amsterdam_Center",79,79,79,79,79,79,0,0
"15182","Amsterdam_Center",600,740,740,740,740,740,140,140
"15183","Amsterdam_West",35,35,35,35,35,35,0,0
"15184","Amsterdam_Zuid",180,300,300,300,300,300,120,120
"15185","Amsterdam_Zuid",180,180,180,180,180,180,0,0
"15186","Amsterdam_West",217,151,200,200,200,200,-17,17
"15187","Amsterdam_Oost",60,60,60,60,60,60,0,0
"15188","Amsterdam_Zuid",199,199,199,199,199,199,0,0
"15189","Amsterdam_West",100,100,100,100,100,100,0,0
"15190","Amsterdam_Oost",79,79,79,79,79,79,0,0
"15191","Amsterdam_Center",170,170,170,170,170,170,0,0
"15192","Amsterdam_Zuid",96,96,96,96,96,96,0,0
"15193","Amsterdam_Zuid",150,150,150,150,150,150,0,0
"15194","Amsterdam_West",99,99,99,99,99,102,3,3
"15195","Amsterdam_Center",125,125,125,125,125,299,174,174
"15196","Amsterdam_Center",200,188,175,182,159,168,-32,32
"15197","Amsterdam_Oost",160,160,160,160,160,160,0,0
"15198","Amsterdam_Noord",55,55,55,55,55,55,0,0
"15199","Amsterdam_Center",110,110,110,110,110,110,0,0
"15200","Amsterdam_Zuid",115,115,115,115,115,115,0,0
"15201","Amsterdam_Zuid",65,146,148,148,148,148,83,83
"15202","Amsterdam_Nieuw_west",125,125,125,125,125,150,25,25
"15203","Amsterdam_Zuid",300,300,300,300,300,300,0,0
"15204","Amsterdam_Zuid",86,86,86,86,86,86,0,0
"15205","Amsterdam_Zuid",199,199,199,199,199,199,0,0
"15206","Amsterdam_Center",300,300,300,300,300,300,0,0
"15207","Amsterdam_Center",120,120,120,120,120,120,0,0
"15208","Amsterdam_Oost",55,55,55,55,55,55,0,0
"15209","Amsterdam_West",99,99,99,99,99,99,0,0
"15210","Amsterdam_Center",130,130,130,130,130,130,0,0
"15211","Amsterdam_Center",250,250,250,250,250,250,0,0
"15212","Amsterdam_Center",165,165,165,165,165,165,0,0
"15213","Amsterdam_Center",110,110,110,110,110,110,0,0
"15214","Amsterdam_Center",300,300,300,300,90,90,-210,210
"15215","Amsterdam_Center",90,110,110,110,118,153,63,63
"15216","Amsterdam_Zuid",149,149,149,149,200,200,51,51
"15217","Amsterdam_Zuidoost",125,125,125,125,125,125,0,0
"15218","Amsterdam_West",60,60,60,60,60,60,0,0
"15219","Amsterdam_Zuid",110,110,110,110,110,110,0,0
"15220","Amsterdam_Oost",70,70,70,70,70,70,0,0
"15221","Amsterdam_Oost",500,500,500,500,500,500,0,0
"15222","Amsterdam_West",170,170,170,170,170,170,0,0
"15223","Amsterdam_Zuid",290,290,290,290,290,290,0,0
"15224","Amsterdam_Zuid",270,270,270,270,270,270,0,0
"15225","Amsterdam_Zuidoost",90,90,90,90,90,90,0,0
"15226","Amsterdam_West",125,125,125,125,135,135,10,10
"15227","Amsterdam_Zuid",100,100,100,100,100,100,0,0
"15228","Amsterdam_Zuid",150,150,150,150,150,150,0,0
"15229","Amsterdam_Zuid",100,100,100,100,119,91,-9,9
"15230","Amsterdam_Oost",218,218,218,218,218,218,0,0
"15231","Amsterdam_Oost",138,138,138,138,138,138,0,0
"15232","Amsterdam_West",350,350,350,350,350,350,0,0
"15233","Amsterdam_Center",146,151,156,169,125,125,-21,21
"15234","Amsterdam_Center",39,38,40,44,32,33,-6,6
"15235","Amsterdam_West",165,165,165,165,165,165,0,0
"15236","Amsterdam_Center",120,120,120,120,120,120,0,0
"15237","Amsterdam_West",260,260,260,260,260,260,0,0
"15238","Amsterdam_Center",40,40,40,40,40,40,0,0
"15239","Amsterdam_Zuidoost",95,95,95,95,95,95,0,0
"15240","Amsterdam_Center",231,229,232,233,235,230,-1,1
"15241","Amsterdam_Zuid",430,430,430,430,430,430,0,0
"15242","Amsterdam_Nieuw_west",90,90,90,90,90,90,0,0
"15243","Amsterdam_Zuidoost",39,39,39,39,39,39,0,0
"15244","Amsterdam_Oost",190,190,190,190,190,190,0,0
"15245","Amsterdam_West",240,240,240,240,240,240,0,0
"15246","Amsterdam_Center",89,89,89,89,89,89,0,0
"15247","Amsterdam_Noord",300,300,300,300,300,320,20,20
"15248","Amsterdam_Nieuw_west",65,65,65,65,65,65,0,0
"15249","Amsterdam_Zuidoost",100,100,100,100,100,100,0,0
"15250","Amsterdam_Zuid",500,500,500,500,500,500,0,0
"15251","Amsterdam_Center",150,150,150,150,150,150,0,0
"15252","Amsterdam_Center",250,250,250,250,250,250,0,0
"15253","Amsterdam_West",140,140,140,140,140,140,0,0
"15254","Amsterdam_West",40,40,40,40,40,40,0,0
"15255","Amsterdam_Center",350,350,350,350,350,350,0,0
"15256","Amsterdam_Nieuw_west",70,70,70,70,70,70,0,0
"15257","Amsterdam_Oost",60,196,204,60,60,71,11,11
"15258","Amsterdam_Zuid",141,141,141,141,141,141,0,0
"15259","Amsterdam_West",150,150,150,150,150,150,0,0
"15260","Amsterdam_Oost",150,150,150,150,150,150,0,0
"15261","Amsterdam_Zuid",60,60,60,60,60,60,0,0
"15262","Amsterdam_Zuid",250,250,250,250,250,300,50,50
"15263","Amsterdam_Noord",160,160,160,160,160,160,0,0
"15264","Amsterdam_Center",170,170,223,223,223,223,53,53
"15265","Amsterdam_West",290,290,290,290,290,290,0,0
"15266","Amsterdam_Center",88,82,51,50,82,82,-6,6
"15267","Amsterdam_Oost",250,250,250,250,250,250,0,0
"15268","Amsterdam_Oost",150,150,150,150,150,150,0,0
"15269","Amsterdam_West",130,126,126,180,180,180,50,50
"15270","Amsterdam_West",200,200,200,200,200,200,0,0
"15271","Amsterdam_Center",110,110,110,110,110,110,0,0
"15272","Amsterdam_Oost",60,80,203,60,60,69,9,9
"15273","Amsterdam_Center",125,125,125,125,125,125,0,0
"15274","Amsterdam_Oost",172,172,177,172,170,172,0,0
"15275","Amsterdam_West",200,200,200,200,200,200,0,0
"15276","Amsterdam_Zuid",90,90,90,90,90,90,0,0
"15277","Amsterdam_Center",120,200,52,70,225,125,5,5
"15278","Amsterdam_Zuid",100,100,100,100,100,100,0,0
"15279","Amsterdam_Oost",300,300,300,300,300,300,0,0
"15280","Amsterdam_Zuid",350,350,350,350,350,350,0,0
"15281","Amsterdam_Zuid",150,150,150,150,150,150,0,0
"15282","Amsterdam_West",129,129,129,129,129,129,0,0
"15283","Amsterdam_Center",115,115,115,115,115,115,0,0
"15284","Amsterdam_Center",144,140,140,140,145,130,-14,14
"15285","Amsterdam_Center",100,100,100,100,100,100,0,0
"15286","Amsterdam_Zuid",45,45,45,45,45,46,1,1
"15287","Amsterdam_Center",396,396,396,396,396,396,0,0
"15288","Amsterdam_Oost",250,250,250,250,250,250,0,0
"15289","Amsterdam_West",168,168,185,192,206,169,1,1
"15290","Amsterdam_Center",99,99,99,99,99,99,0,0
"15291","Amsterdam_Noord",115,150,150,150,150,150,35,35
"15292","Amsterdam_Center",250,250,250,250,250,250,0,0
"15293","Amsterdam_West",50,50,40,50,50,55,5,5
"15294","Amsterdam_Zuidoost",50,50,50,50,50,50,0,0
"15295","Amsterdam_West",150,150,150,150,150,150,0,0
"15296","Amsterdam_Oost",107,101,84,103,142,134,27,27
"15297","Amsterdam_Zuid",160,160,160,160,160,160,0,0
"15298","Amsterdam_Zuid",178,178,178,178,178,178,0,0
"15299","Amsterdam_West",150,150,150,150,150,150,0,0
"15300","Amsterdam_Zuid",155,155,155,155,155,155,0,0
"15301","Amsterdam_Zuid",160,180,180,180,150,157,-3,3
"15302","Amsterdam_Center",250,400,95,460,460,250,0,0
"15303","Amsterdam_Center",290,290,290,290,290,290,0,0
"15304","Amsterdam_Oost",110,110,110,110,110,110,0,0
"15305","Amsterdam_Center",88,82,55,57,76,82,-6,6
"15306","Amsterdam_Center",450,450,450,450,450,450,0,0
"15307","Amsterdam_Zuid",450,450,450,450,450,450,0,0
"15308","Amsterdam_Oost",175,175,175,175,175,175,0,0
"15309","Amsterdam_Zuid",110,70,110,110,110,110,0,0
"15310","Amsterdam_Zuid",180,180,180,180,180,180,0,0
"15311","Amsterdam_Center",350,350,350,350,350,350,0,0
"15312","Amsterdam_Zuid",300,300,300,300,300,300,0,0
"15313","Amsterdam_Zuid",300,300,300,300,300,300,0,0
"15314","Amsterdam_Center",36,35,38,41,28,29,-7,7
"15315","Amsterdam_Center",135,132,146,151,114,114,-21,21
"15316","Amsterdam_Center",95,95,108,115,81,81,-14,14
"15317","Amsterdam_West",200,200,200,200,200,200,0,0
"15318","Amsterdam_West",400,400,400,400,400,400,0,0
"15319","Amsterdam_Oost",80,80,80,80,80,80,0,0
"15320","Amsterdam_Center",144,140,140,140,140,153,9,9
"15321","Amsterdam_Oost",200,200,200,200,200,200,0,0
"15322","Amsterdam_West",40,35,35,35,35,35,-5,5
"15323","Amsterdam_West",250,250,250,250,250,250,0,0
"15324","Amsterdam_Center",190,190,190,190,190,190,0,0
"15325","Amsterdam_Zuid",166,166,166,166,166,166,0,0
"15326","Amsterdam_Oost",500,500,500,500,500,500,0,0
"15327","Amsterdam_Oost",180,180,180,180,180,180,0,0
"15328","Amsterdam_Noord",157,157,168,176,190,181,24,24
"15329","Amsterdam_Nieuw_west",55,55,55,55,55,55,0,0
"15330","Amsterdam_Zuid",150,150,150,150,150,150,0,0
"15331","Amsterdam_West",390,390,390,390,390,390,0,0
"15332","Amsterdam_Noord",107,107,107,107,107,107,0,0
"15333","Amsterdam_Center",180,180,180,180,180,180,0,0
"15334","Amsterdam_Noord",125,125,125,125,125,125,0,0
"15335","Amsterdam_Noord",155,155,155,155,155,155,0,0
"15336","Amsterdam_Zuid",76,76,76,76,76,76,0,0
"15337","Amsterdam_Zuid",199,199,199,199,199,199,0,0
"15338","Amsterdam_Oost",275,275,275,275,275,275,0,0
"15339","Amsterdam_Zuid",88,72,82,93,120,120,32,32
"15340","Amsterdam_West",150,150,150,150,150,150,0,0
"15341","Amsterdam_West",106,106,107,107,108,106,0,0
"15342","Amsterdam_Oost",125,125,125,125,125,125,0,0
"15343","Amsterdam_West",300,300,300,300,300,300,0,0
"15344","Amsterdam_Oost",115,115,115,115,129,129,14,14
"15345","Amsterdam_Nieuw_west",175,175,175,175,175,175,0,0
"15346","Amsterdam_Noord",180,180,180,180,180,180,0,0
"15347","Amsterdam_Noord",200,200,200,200,200,200,0,0
"15348","Amsterdam_Zuid",37,37,37,37,37,37,0,0
"15349","Amsterdam_Noord",73,73,73,73,73,73,0,0
"15350","Amsterdam_Zuidoost",75,75,75,75,75,75,0,0
"15351","Amsterdam_Zuid",200,200,200,200,200,200,0,0
"15352","Amsterdam_Oost",200,200,200,200,200,200,0,0
"15353","Amsterdam_West",100,100,100,100,100,100,0,0
"15354","Amsterdam_Center",111,107,111,105,114,117,6,6
"15355","Amsterdam_Center",111,107,109,107,114,117,6,6
"15356","Amsterdam_Center",151,148,151,147,154,157,6,6
"15357","Amsterdam_Center",171,167,171,165,174,180,9,9
"15358","Amsterdam_Center",186,182,186,180,189,192,6,6
"15359","Amsterdam_Zuid",125,125,125,125,125,125,0,0
"15360","Amsterdam_West",130,130,130,130,130,130,0,0
"15361","Amsterdam_West",60,60,60,60,60,60,0,0
"15362","Amsterdam_Oost",79,39,58,69,78,61,-18,18
"15363","Amsterdam_Zuidoost",78,78,78,78,78,78,0,0
"15364","Amsterdam_Nieuw_west",175,175,175,175,175,175,0,0
"15365","Amsterdam_Center",188,223,223,223,187,280,92,92
"15366","Amsterdam_Center",50,50,50,50,50,50,0,0
"15367","Amsterdam_Oost",115,115,125,135,145,155,40,40
"15368","Amsterdam_West",195,195,195,195,195,195,0,0
"15369","Amsterdam_West",175,175,175,175,175,175,0,0
"15370","Amsterdam_Zuidoost",65,65,65,65,65,65,0,0
"15371","Amsterdam_Center",500,275,364,299,217,243,-257,257
"15372","Amsterdam_West",350,350,350,350,350,350,0,0
"15373","Amsterdam_West",137,137,137,137,137,137,0,0
"15374","Amsterdam_Center",325,325,325,325,325,325,0,0
"15375","Amsterdam_Zuid",99,99,99,99,99,99,0,0
"15376","Amsterdam_Oost",75,75,75,75,75,75,0,0
"15377","Amsterdam_Zuid",175,175,175,175,175,175,0,0
"15378","Amsterdam_Oost",128,128,128,128,128,98,-30,30
"15379","Amsterdam_West",108,108,108,108,108,108,0,0
"15380","Amsterdam_Center",55,55,55,55,55,55,0,0
"15381","Amsterdam_West",150,150,150,150,150,150,0,0
"15382","Amsterdam_Oost",65,65,65,65,65,45,-20,20
"15383","Amsterdam_Center",165,165,165,165,165,165,0,0
"15384","Amsterdam_Oost",80,80,80,80,80,80,0,0
"15385","Amsterdam_Nieuw_west",169,169,169,169,169,169,0,0
"15386","Amsterdam_Center",89,85,93,85,85,85,-4,4
"15387","Amsterdam_Zuidoost",135,135,135,135,135,135,0,0
"15388","Amsterdam_Center",250,250,250,250,250,250,0,0
"15389","Amsterdam_Zuid",149,149,149,149,149,149,0,0
"15390","Amsterdam_West",60,60,60,60,60,60,0,0
"15391","Amsterdam_Noord",150,150,150,150,150,150,0,0
"15392","Amsterdam_Center",425,425,425,425,425,425,0,0
"15393","Amsterdam_West",150,150,150,150,150,150,0,0
"15394","Amsterdam_Center",150,150,150,150,150,150,0,0
"15395","Amsterdam_Center",490,490,490,490,490,490,0,0
"15396","Amsterdam_Center",105,105,105,105,63,104,-1,1
"15397","Amsterdam_Zuid",170,170,170,170,170,170,0,0
"15398","Amsterdam_Zuid",100,100,100,100,100,100,0,0
"15399","Amsterdam_Center",100,100,100,100,100,100,0,0
"15400","Amsterdam_Zuid",125,125,125,125,125,125,0,0
"15401","Amsterdam_Zuid",92,80,89,103,117,74,-18,18
"15402","Amsterdam_Center",140,140,140,140,140,140,0,0
"15403","Amsterdam_Zuidoost",95,95,95,95,95,95,0,0
"15404","Amsterdam_West",150,150,150,150,150,150,0,0
"15405","Amsterdam_West",250,250,250,250,250,250,0,0
"15406","Amsterdam_Oost",73,73,73,73,73,73,0,0
"15407","Amsterdam_Zuid",500,500,500,500,500,500,0,0
"15408","Amsterdam_Center",150,150,150,150,150,150,0,0
"15409","Amsterdam_Center",156,156,156,156,156,210,54,54
"15410","Amsterdam_West",125,125,125,125,125,125,0,0
"15411","Amsterdam_Center",100,100,100,100,100,100,0,0
"15412","Amsterdam_Zuid",99,99,99,99,99,99,0,0
"15413","Amsterdam_Oost",75,75,75,75,75,75,0,0
"15414","Amsterdam_Nieuw_west",74,75,75,93,64,67,-7,7
"15415","Amsterdam_Zuid",85,85,85,85,85,85,0,0
"15416","Amsterdam_Noord",150,150,150,150,150,150,0,0
"15417","Amsterdam_Oost",73,73,73,73,73,73,0,0
"15418","Amsterdam_Oost",395,395,395,395,249,249,-146,146
"15419","Amsterdam_West",99,90,90,90,90,90,-9,9
"15420","Amsterdam_Zuid",120,120,120,120,120,120,0,0
"15421","Amsterdam_West",279,279,279,279,279,279,0,0
"15422","Amsterdam_Zuid",199,136,125,125,125,125,-74,74
"15423","Amsterdam_Center",200,200,200,200,200,200,0,0
"15424","Amsterdam_Zuid",350,350,350,350,350,350,0,0
"15425","Amsterdam_Center",93,93,93,93,93,93,0,0
"15426","Amsterdam_Center",125,125,125,125,125,125,0,0
"15427","Amsterdam_Zuid",99,99,99,99,99,99,0,0
"15428","Amsterdam_Center",100,100,100,100,100,100,0,0
"15429","Amsterdam_Center",99,99,99,99,99,99,0,0
"15430","Amsterdam_Zuid",179,179,179,179,179,179,0,0
"15431","Amsterdam_Zuid",80,80,80,80,80,80,0,0
"15432","Amsterdam_Zuid",130,130,130,130,130,130,0,0
"15433","Amsterdam_Nieuw_west",74,74,72,78,79,79,5,5
"15434","Amsterdam_Nieuw_west",94,94,92,98,99,99,5,5
"15435","Amsterdam_Nieuw_west",74,74,72,78,80,80,6,6
"15436","Amsterdam_Zuid",125,125,125,125,125,125,0,0
"15437","Amsterdam_Center",97,97,97,97,97,97,0,0
"15438","Amsterdam_Oost",479,479,479,479,479,479,0,0
"15439","Amsterdam_West",199,199,199,199,199,199,0,0
"15440","Amsterdam_Oost",95,95,95,95,95,95,0,0
"15441","Amsterdam_West",100,100,100,100,100,100,0,0
"15442","Amsterdam_Oost",85,85,85,85,85,85,0,0
"15443","Amsterdam_Zuid",550,550,550,550,550,550,0,0
"15444","Amsterdam_Oost",350,350,350,350,350,350,0,0
"15445","Amsterdam_Zuid",300,300,300,300,300,300,0,0
"15446","Amsterdam_Center",98,98,81,81,115,115,17,17
"15447","Amsterdam_Zuid",161,165,165,165,165,112,-49,49
"15448","Amsterdam_West",141,141,141,141,141,141,0,0
"15449","Amsterdam_Oost",150,150,150,150,150,150,0,0
"15450","Amsterdam_Nieuw_west",119,119,119,119,119,119,0,0
"15451","Amsterdam_Zuid",300,300,300,300,300,300,0,0
"15452","Amsterdam_Center",115,115,115,115,115,115,0,0
"15453","Amsterdam_Center",70,70,70,70,70,70,0,0
"15454","Amsterdam_Nieuw_west",50,50,50,50,50,50,0,0
"15455","Amsterdam_Noord",120,120,85,80,105,105,-15,15
"15456","Amsterdam_West",345,345,345,345,345,345,0,0
"15457","Amsterdam_Zuid",350,350,350,350,350,350,0,0
"15458","Amsterdam_West",70,70,70,70,70,70,0,0
"15459","Amsterdam_West",329,329,329,296,296,296,-33,33
"15460","Amsterdam_West",175,175,175,100,160,160,-15,15
"15461","Amsterdam_Zuid",58,29,34,49,31,45,-13,13
"15462","Amsterdam_West",90,90,90,90,90,90,0,0
"15463","Amsterdam_West",140,140,56,140,140,140,0,0
"15464","Amsterdam_Center",139,139,139,139,139,139,0,0
"15465","Amsterdam_West",200,200,200,200,80,80,-120,120
"15466","Amsterdam_West",150,150,150,150,150,150,0,0
"15467","Amsterdam_Center",99,99,99,89,99,66,-33,33
"15468","Amsterdam_Center",99,99,99,75,89,75,-24,24
"15469","Amsterdam_West",85,85,85,85,85,85,0,0
"15470","Amsterdam_Oost",149,149,149,149,149,149,0,0
"15471","Amsterdam_Zuidoost",33,33,33,33,33,33,0,0
"15472","Amsterdam_Center",99,99,149,99,99,99,0,0
"15473","Amsterdam_West",151,130,132,147,186,89,-62,62
"15474","Amsterdam_Center",89,185,185,99,99,124,35,35
"15475","Amsterdam_Nieuw_west",110,110,110,110,110,110,0,0
"15476","Amsterdam_Center",150,150,126,161,90,123,-27,27
"15477","Amsterdam_Oost",70,70,70,70,70,70,0,0
"15478","Amsterdam_West",83,83,83,83,83,83,0,0
"15479","Amsterdam_West",0,0,0,0,0,0,0,0
"15480","Amsterdam_Noord",85,85,85,85,85,85,0,0
"15481","Amsterdam_West",0,0,0,0,0,0,0,0
"15482","Amsterdam_Center",0,0,0,0,0,0,0,0
"15483","Amsterdam_Oost",210,210,210,210,210,210,0,0
"15484","Amsterdam_Center",51,64,79,51,64,93,42,42
"15485","Amsterdam_Oost",120,120,120,120,120,120,0,0
"15486","Amsterdam_West",180,180,180,180,180,180,0,0
"15487","Amsterdam_Center",168,163,154,158,142,151,-17,17
"15488","Amsterdam_Center",241,241,241,227,227,252,11,11
"15489","Amsterdam_Center",270,270,270,247,247,288,18,18
"15490","Amsterdam_West",129,180,140,160,160,160,31,31
"15491","Amsterdam_Oost",215,215,215,215,215,215,0,0
"15492","Amsterdam_Zuid",45,30,45,45,40,35,-10,10
"15493","Amsterdam_Oost",120,120,120,120,120,120,0,0
"15494","Amsterdam_Center",95,70,95,70,100,100,5,5
"15495","Amsterdam_Noord",120,120,120,120,120,120,0,0
"15496","Amsterdam_Oost",50,50,50,50,50,50,0,0
"15497","Amsterdam_West",168,168,168,168,168,168,0,0
"15498","Amsterdam_Nieuw_west",175,175,175,175,175,175,0,0
"15499","Amsterdam_Zuid",59,33,35,39,34,45,-14,14
"15500","Amsterdam_Oost",65,65,65,65,65,65,0,0
"15501","Amsterdam_Zuid",199,199,199,199,199,199,0,0
"15502","Amsterdam_Zuid",100,99,99,99,99,99,-1,1
"15503","Amsterdam_West",195,195,195,195,195,195,0,0
"15504","Amsterdam_Zuid",155,155,155,155,155,155,0,0
"15505","Amsterdam_Zuid",260,260,260,260,260,260,0,0
"15506","Amsterdam_West",72,72,72,72,72,68,-4,4
"15507","Amsterdam_Center",313,313,313,313,313,313,0,0
"15508","Amsterdam_Center",48,48,48,48,48,48,0,0
"15509","Amsterdam_Zuid",199,199,199,199,199,199,0,0
"15510","Amsterdam_Center",48,48,48,48,48,48,0,0
"15511","Amsterdam_Center",175,175,175,175,175,175,0,0
"15512","Amsterdam_West",90,90,90,90,90,90,0,0
"15513","Amsterdam_Zuid",80,80,80,80,80,80,0,0
"15514","Amsterdam_Oost",150,150,150,107,143,100,-50,50
"15515","Amsterdam_Oost",139,139,139,139,139,139,0,0
"15516","Amsterdam_Oost",105,105,105,105,105,105,0,0
"15517","Amsterdam_West",125,125,125,125,125,125,0,0
"15518","Amsterdam_Oost",136,133,133,133,133,133,-3,3
"15519","Amsterdam_Oost",250,250,250,250,250,250,0,0
"15520","Amsterdam_Center",149,149,149,149,149,149,0,0
"15521","Amsterdam_Oost",479,479,479,479,479,479,0,0
"15522","Amsterdam_Oost",100,100,100,100,100,100,0,0
"15523","Amsterdam_Center",85,85,85,85,85,85,0,0
"15524","Amsterdam_Center",250,250,250,250,250,250,0,0
"15525","Amsterdam_Center",140,140,140,140,140,140,0,0
"15526","Amsterdam_Zuid",57,57,57,57,57,57,0,0
"15527","Amsterdam_West",136,110,110,110,110,110,-26,26
"15528","Amsterdam_Nieuw_west",49,49,49,49,49,49,0,0
"15529","Amsterdam_West",130,130,130,130,130,130,0,0
"15530","Amsterdam_Center",400,400,400,400,400,400,0,0
"15531","Amsterdam_Oost",120,120,120,120,120,120,0,0
"15532","Amsterdam_Nieuw_west",175,175,175,175,175,175,0,0
"15533","Amsterdam_Center",140,140,140,140,140,140,0,0
"15534","Amsterdam_West",42,36,36,39,38,42,0,0
"15535","Amsterdam_Nieuw_west",65,65,65,65,100,100,35,35
"15536","Amsterdam_Oost",220,220,220,220,220,220,0,0
"15537","Amsterdam_Oost",130,130,130,130,130,130,0,0
"15538","Amsterdam_Oost",230,230,230,230,230,230,0,0
"15539","Amsterdam_West",60,60,61,60,60,60,0,0
"15540","Amsterdam_Zuid",175,175,175,175,175,175,0,0
"15541","Amsterdam_Noord",139,139,139,139,139,139,0,0
"15542","Amsterdam_Oost",179,179,179,179,179,179,0,0
"15543","Amsterdam_Zuid",190,190,190,190,190,190,0,0
"15544","Amsterdam_Noord",207,207,207,207,207,207,0,0
"15545","Amsterdam_Center",139,139,139,139,139,139,0,0
"15546","Amsterdam_Nieuw_west",125,125,125,125,125,125,0,0
"15547","Amsterdam_West",118,118,118,118,118,118,0,0
"15548","Amsterdam_Center",80,50,50,50,50,50,-30,30
"15549","Amsterdam_Oost",200,200,200,200,200,200,0,0
"15550","Amsterdam_West",90,90,90,90,90,90,0,0
"15551","Amsterdam_Noord",150,150,150,150,150,150,0,0
"15552","Amsterdam_Zuid",109,56,52,79,49,49,-60,60
"15553","Amsterdam_West",117,117,117,117,117,117,0,0
"15554","Amsterdam_Center",499,289,346,299,206,243,-256,256
"15555","Amsterdam_Zuid",194,194,194,194,194,194,0,0
"15556","Amsterdam_West",135,135,135,135,135,135,0,0
"15557","Amsterdam_Zuid",250,250,250,250,250,250,0,0
"15558","Amsterdam_Nieuw_west",85,85,85,85,85,85,0,0
"15559","Amsterdam_West",180,180,180,180,180,180,0,0
"15560","Amsterdam_Nieuw_west",180,180,180,180,180,180,0,0
"15561","Amsterdam_Zuid",50,50,51,50,50,50,0,0
"15562","Amsterdam_Oost",74,74,74,74,74,74,0,0
"15563","Amsterdam_Center",110,110,110,110,110,110,0,0
"15564","Amsterdam_Zuid",150,150,150,150,150,150,0,0
"15565","Amsterdam_Oost",100,103,106,95,105,111,11,11
"15566","Amsterdam_Center",90,124,96,96,106,92,2,2
"15567","Amsterdam_West",100,100,100,100,100,100,0,0
"15568","Amsterdam_Zuid",350,350,350,350,350,350,0,0
"15569","Amsterdam_Center",71,75,75,120,90,90,19,19
"15570","Amsterdam_Zuid",126,150,150,116,143,138,12,12
"15571","Amsterdam_Zuid",138,161,163,128,162,156,18,18
"15572","Amsterdam_Oost",153,172,184,158,191,183,30,30
"15573","Amsterdam_Zuid",226,250,272,216,240,248,22,22
"15574","Amsterdam_Zuid",181,201,213,175,203,213,32,32
"15575","Amsterdam_Zuid",223,236,286,198,222,225,2,2
"15576","Amsterdam_Zuid",298,350,350,298,313,336,38,38
"15577","Amsterdam_Zuid",126,150,150,116,143,150,24,24
"15578","Amsterdam_Nieuw_west",55,55,55,55,55,55,0,0
"15579","Amsterdam_Oost",80,80,80,80,80,80,0,0
"15580","Amsterdam_Oost",114,114,114,114,114,114,0,0
"15581","Amsterdam_Oost",139,139,139,139,139,139,0,0
"15582","Amsterdam_West",178,178,178,178,178,178,0,0
"15583","Amsterdam_West",80,80,80,80,80,80,0,0
"15584","Amsterdam_Nieuw_west",60,60,60,60,60,60,0,0
"15585","Amsterdam_West",125,125,125,125,125,125,0,0
"15586","Amsterdam_Zuid",160,160,160,160,160,160,0,0
"15587","Amsterdam_Center",50,75,68,120,90,90,40,40
"15588","Amsterdam_Zuid",115,115,115,115,115,115,0,0
"15589","Amsterdam_West",39,39,39,39,39,39,0,0
"15590","Amsterdam_Center",200,200,200,200,200,200,0,0
"15591","Amsterdam_Zuid",180,180,180,180,180,180,0,0
"15592","Amsterdam_Center",105,105,80,138,150,122,17,17
"15593","Amsterdam_West",95,95,95,95,95,95,0,0
"15594","Amsterdam_Zuid",85,85,85,85,85,85,0,0
"15595","Amsterdam_Zuid",475,475,475,475,475,475,0,0
"15596","Amsterdam_Nieuw_west",30,30,30,30,30,30,0,0
"15597","Amsterdam_Zuid",95,95,95,95,95,95,0,0
"15598","Amsterdam_Nieuw_west",85,85,85,85,85,85,0,0
"15599","Amsterdam_Zuid",150,150,150,150,150,150,0,0
"15600","Amsterdam_Center",70,50,140,90,70,70,0,0
"15601","Amsterdam_Oost",296,304,300,296,325,297,1,1
"15602","Amsterdam_Oost",79,79,79,79,79,79,0,0
"15603","Amsterdam_Zuid",203,203,203,203,203,203,0,0
"15604","Amsterdam_West",120,120,120,120,120,120,0,0
"15605","Amsterdam_Nieuw_west",110,110,110,110,110,110,0,0
"15606","Amsterdam_Nieuw_west",69,69,69,69,69,69,0,0
"15607","Amsterdam_Oost",98,98,98,98,98,98,0,0
"15608","Amsterdam_Zuid",175,175,175,175,175,175,0,0
"15609","Amsterdam_West",150,150,150,150,150,150,0,0
"15610","Amsterdam_Center",110,110,110,110,110,110,0,0
"15611","Amsterdam_Center",511,511,511,511,511,511,0,0
"15612","Amsterdam_West",70,70,70,70,70,70,0,0
"15613","Amsterdam_Center",450,450,450,450,450,450,0,0
"15614","Amsterdam_West",49,49,49,49,49,49,0,0
"15615","Amsterdam_West",113,113,113,113,113,113,0,0
"15616","Amsterdam_Center",520,520,520,520,520,520,0,0
"15617","Amsterdam_West",40,40,40,40,40,40,0,0
"15618","Amsterdam_Center",145,145,145,145,145,145,0,0
"15619","Amsterdam_Zuid",109,109,109,109,109,109,0,0
"15620","Amsterdam_Center",175,100,115,175,125,148,-27,27
"15621","Amsterdam_Nieuw_west",53,50,60,60,62,75,22,22
"15622","Amsterdam_Nieuw_west",59,60,70,70,82,91,32,32
"15623","Amsterdam_Center",120,120,120,120,120,120,0,0
"15624","Amsterdam_Noord",65,65,65,65,65,65,0,0
"15625","Amsterdam_Center",0,0,0,0,0,0,0,0
"15626","Amsterdam_Center",75,75,75,75,75,75,0,0
"15627","Amsterdam_Zuid",600,600,600,600,600,600,0,0
"15628","Amsterdam_Center",150,151,167,160,80,109,-41,41
"15629","Amsterdam_Noord",170,170,170,170,170,170,0,0
"15630","Amsterdam_Center",0,0,0,0,0,0,0,0
"15631","Amsterdam_Center",0,0,0,0,0,0,0,0
"15632","Amsterdam_Zuid",22,22,22,22,22,22,0,0
"15633","Amsterdam_West",120,120,120,120,120,120,0,0
"15634","Amsterdam_Center",538,494,504,546,616,604,66,66
"15635","Amsterdam_Center",598,554,564,606,676,664,66,66
"15636","Amsterdam_West",73,73,73,73,73,73,0,0
"15637","Amsterdam_Center",0,0,0,0,0,0,0,0
"15638","Amsterdam_Center",0,0,0,0,0,0,0,0
"15639","Amsterdam_Center",0,0,0,0,0,0,0,0
"15640","Amsterdam_Center",43,21,25,22,31,45,2,2
"15641","Amsterdam_Center",43,23,28,23,31,42,-1,1
"15642","Amsterdam_Center",125,125,125,125,125,125,0,0
"15643","Amsterdam_Center",79,79,79,79,79,79,0,0
"15644","Amsterdam_Zuid",100,100,100,100,100,100,0,0
"15645","Amsterdam_Zuidoost",94,110,110,120,120,120,26,26
"15646","Amsterdam_Zuid",215,215,215,215,215,215,0,0
"15647","Amsterdam_Center",78,97,72,72,92,74,-4,4
"15648","Amsterdam_Nieuw_west",750,750,750,750,750,750,0,0
"15649","Amsterdam_Nieuw_west",740,740,740,740,740,740,0,0
"15650","Amsterdam_Nieuw_west",740,740,740,740,740,740,0,0
"15651","Amsterdam_Zuidoost",80,110,110,120,120,120,40,40
"15652","Amsterdam_Zuid",175,175,175,175,175,175,0,0
"15653","Amsterdam_Noord",50,50,50,50,50,50,0,0
"15654","Amsterdam_Center",105,105,80,138,150,109,4,4
"15655","Amsterdam_Center",0,0,0,0,0,0,0,0
"15656","Amsterdam_Oost",296,400,400,400,400,400,104,104
"15657","Amsterdam_Oost",120,120,120,120,120,120,0,0
"15658","Amsterdam_Center",56,50,60,60,60,54,-2,2
"15659","Amsterdam_Center",60,50,60,60,60,65,5,5
"15660","Amsterdam_Oost",59,59,62,69,69,69,10,10
"15661","Amsterdam_Oost",110,110,110,85,85,85,-25,25
"15662","Amsterdam_Center",123,103,103,103,103,103,-20,20
"15663","Amsterdam_Nieuw_west",200,200,200,200,200,200,0,0
"15664","Amsterdam_Center",48,48,48,48,48,48,0,0
"15665","Amsterdam_Center",279,279,279,279,279,279,0,0
"15666","Amsterdam_Zuid",70,70,70,70,70,70,0,0
"15667","Amsterdam_Center",149,149,149,149,149,149,0,0
"15668","Amsterdam_Zuid",39,39,39,39,39,59,20,20
"15669","Amsterdam_West",65,65,65,65,65,65,0,0
"15670","Amsterdam_Oost",90,90,90,90,100,100,10,10
"15671","Amsterdam_Zuidoost",75,75,75,75,75,75,0,0
"15672","Amsterdam_Noord",350,350,350,350,350,350,0,0
"15673","Amsterdam_Zuid",199,199,199,99,139,179,-20,20
"15674","Amsterdam_Nieuw_west",111,120,120,120,120,120,9,9
"15675","Amsterdam_Noord",50,50,50,50,50,50,0,0
"15676","Amsterdam_Zuid",104,104,104,104,104,104,0,0
"15677","Amsterdam_Nieuw_west",80,80,80,80,80,80,0,0
"15678","Amsterdam_Center",80,85,57,57,85,85,5,5
"15679","Amsterdam_West",150,150,150,150,150,150,0,0
"15680","Amsterdam_Zuid",126,121,126,125,125,132,6,6
"15681","Amsterdam_Zuid",155,155,155,155,155,122,-33,33
"15682","Amsterdam_Oost",80,80,90,90,86,95,15,15
"15683","Amsterdam_Zuid",71,73,87,92,119,124,53,53
"15684","Amsterdam_Zuid",58,57,64,68,88,92,34,34
"15685","Amsterdam_Zuid",111,110,125,130,172,175,64,64
"15686","Amsterdam_Zuid",91,91,106,114,153,159,68,68
"15687","Amsterdam_Zuid",108,110,126,133,171,178,70,70
"15688","Amsterdam_Zuid",49,51,52,58,64,64,15,15
"15689","Amsterdam_Zuid",98,97,117,119,169,168,70,70
"15690","Amsterdam_Zuid",309,309,309,139,139,159,-150,150
"15691","Amsterdam_Zuid",239,239,239,239,239,239,0,0
"15692","Amsterdam_Center",236,150,150,150,183,175,-61,61
"15693","Amsterdam_Noord",129,129,129,129,129,129,0,0
"15694","Amsterdam_Center",75,75,75,75,75,120,45,45
"15695","Amsterdam_Center",1200,1200,1200,1200,1200,1200,0,0
"15696","Amsterdam_West",75,85,95,95,95,95,20,20
"15697","Amsterdam_Oost",120,120,120,120,120,120,0,0
"15698","Amsterdam_Noord",260,260,260,260,260,260,0,0
"15699","Amsterdam_West",189,189,189,189,189,189,0,0
"15700","Amsterdam_Nieuw_west",200,200,200,200,200,200,0,0
"15701","Amsterdam_Center",980,980,980,980,980,980,0,0
"15702","Amsterdam_Nieuw_west",125,125,125,125,125,125,0,0
"15703","Amsterdam_Noord",70,70,70,70,70,70,0,0
"15704","Amsterdam_Center",94,50,50,51,180,53,-41,41
"15705","Amsterdam_Center",94,50,50,180,51,56,-38,38
"15706","Amsterdam_Noord",69,59,74,72,83,74,5,5
"15707","Amsterdam_Zuid",325,325,325,325,325,325,0,0
"15708","Amsterdam_Noord",69,69,69,69,69,69,0,0
"15709","Amsterdam_West",95,95,95,95,95,95,0,0
"15710","Amsterdam_Nieuw_west",71,71,71,71,71,71,0,0
"15711","Amsterdam_West",80,95,80,80,80,80,0,0
"15712","Amsterdam_Zuid",175,175,175,175,175,160,-15,15
"15713","Amsterdam_Center",90,90,90,90,90,90,0,0
"15714","Amsterdam_Oost",171,150,150,150,150,150,-21,21
"15715","Amsterdam_Oost",195,195,195,195,195,165,-30,30
"15716","Amsterdam_Center",69,69,69,69,69,69,0,0
"15717","Amsterdam_West",100,44,44,44,48,47,-53,53
"15718","Amsterdam_Center",126,350,350,350,350,350,224,224
"15719","Amsterdam_Nieuw_west",121,121,121,121,121,121,0,0
"15720","Amsterdam_West",55,75,79,72,109,73,18,18
"15721","Amsterdam_West",64,83,95,80,105,95,31,31
"15722","Amsterdam_Center",220,220,220,220,220,220,0,0
"15723","Amsterdam_West",85,92,94,91,146,104,19,19
"15724","Amsterdam_West",130,140,169,116,192,152,22,22
"15725","Amsterdam_West",66,97,109,82,138,104,38,38
"15726","Amsterdam_West",57,65,74,62,99,65,8,8
"15727","Amsterdam_West",136,130,130,130,130,130,-6,6
"15728","Amsterdam_Center",60,130,130,130,75,91,31,31
"15729","Amsterdam_Center",140,140,140,140,90,102,-38,38
"15730","Amsterdam_Noord",180,180,180,180,180,180,0,0
"15731","Amsterdam_Zuid",100,100,100,100,193,214,114,114
"15732","Amsterdam_Center",89,85,95,95,95,95,6,6
"15733","Amsterdam_Center",77,77,77,77,77,77,0,0
"15734","Amsterdam_Center",69,69,69,69,69,69,0,0
"15735","Amsterdam_Center",109,129,129,129,129,129,20,20
"15736","Amsterdam_Nieuw_west",75,75,75,75,75,75,0,0
"15737","Amsterdam_Center",99,85,109,129,129,129,30,30
"15738","Amsterdam_Center",99,99,129,129,129,129,30,30
"15739","Amsterdam_Center",300,270,300,300,300,290,-10,10
"15740","Amsterdam_West",130,130,130,130,130,130,0,0
"15741","Amsterdam_Center",169,169,169,169,169,169,0,0
"15742","Amsterdam_West",180,180,180,180,180,180,0,0
"15743","Amsterdam_West",80,80,80,80,80,80,0,0
"15744","Amsterdam_Center",160,160,160,160,160,160,0,0
"15745","Amsterdam_West",130,130,130,130,130,130,0,0
"15746","Amsterdam_West",148,148,148,148,148,148,0,0
"15747","Amsterdam_West",200,200,200,200,200,200,0,0
"15748","Amsterdam_Zuid",139,150,150,150,157,150,11,11
"15749","Amsterdam_Center",70,70,70,70,70,70,0,0
"15750","Amsterdam_Center",75,75,75,75,75,75,0,0
"15751","Amsterdam_West",145,145,145,145,145,145,0,0
"15752","Amsterdam_West",120,120,120,120,120,120,0,0
"15753","Amsterdam_Oost",110,110,110,110,110,110,0,0
"15754","Amsterdam_Zuidoost",50,50,50,50,50,50,0,0
"15755","Amsterdam_Center",126,126,126,126,126,126,0,0
"15756","Amsterdam_Zuid",79,79,79,79,79,79,0,0
"15757","Amsterdam_Zuid",69,69,69,69,69,69,0,0
"15758","Amsterdam_Center",135,135,135,150,150,150,15,15
"15759","Amsterdam_West",70,20,70,20,25,29,-41,41
"15760","Amsterdam_West",97,97,97,97,97,97,0,0
"15761","Amsterdam_Center",150,150,150,150,150,150,0,0
"15762","Amsterdam_West",249,249,249,249,249,249,0,0
"15763","Amsterdam_West",281,281,281,281,281,281,0,0
"15764","Amsterdam_Noord",128,128,128,128,128,128,0,0
"15765","Amsterdam_Zuid",250,250,250,250,250,250,0,0
"15766","Amsterdam_Nieuw_west",100,100,100,100,100,100,0,0
"15767","Amsterdam_West",125,125,125,125,125,125,0,0
"15768","Amsterdam_Zuidoost",30,30,30,30,30,30,0,0
"15769","Amsterdam_Oost",70,70,70,70,70,70,0,0
"15770","Amsterdam_West",30,30,30,30,30,30,0,0
"15771","Amsterdam_West",300,300,300,300,300,300,0,0
"15772","Amsterdam_Oost",85,85,85,85,76,72,-13,13
"15773","Amsterdam_Oost",450,450,450,450,450,450,0,0
"15774","Amsterdam_Noord",141,125,125,125,180,180,39,39
"15775","Amsterdam_Noord",99,99,99,99,99,99,0,0
"15776","Amsterdam_Center",80,80,80,80,80,80,0,0
"15777","Amsterdam_Center",112,112,112,112,112,112,0,0
"15778","Amsterdam_Noord",245,245,245,245,245,245,0,0
"15779","Amsterdam_Zuidoost",40,40,40,40,40,40,0,0
"15780","Amsterdam_Center",199,199,199,199,199,199,0,0
"15781","Amsterdam_West",200,200,200,200,200,200,0,0
"15782","Amsterdam_Center",145,145,145,145,145,145,0,0
"15783","Amsterdam_Center",250,250,250,250,250,250,0,0
"15784","Amsterdam_West",245,245,271,251,258,245,0,0
"15785","Amsterdam_West",50,50,50,50,50,50,0,0
"15786","Amsterdam_Nieuw_west",100,100,100,100,100,100,0,0
"15787","Amsterdam_Zuid",215,215,215,215,215,126,-89,89
"15788","Amsterdam_Zuid",300,300,300,300,300,300,0,0
"15789","Amsterdam_Center",99,360,100,100,100,100,1,1
"15790","Amsterdam_Zuid",107,107,107,107,107,107,0,0
"15791","Amsterdam_West",100,100,100,100,100,100,0,0
"15792","Amsterdam_Oost",159,159,159,159,159,159,0,0
"15793","Amsterdam_West",79,79,82,82,82,86,7,7
"15794","Amsterdam_Zuid",110,115,110,110,110,110,0,0
"15795","Amsterdam_Center",41,81,55,29,32,43,2,2
"15796","Amsterdam_Center",117,360,120,120,120,120,3,3
"15797","Amsterdam_Center",140,200,200,171,200,250,110,110
"15798","Amsterdam_Center",200,200,200,200,200,200,0,0
"15799","Amsterdam_West",80,80,80,80,80,80,0,0
"15800","Amsterdam_Noord",375,375,375,375,375,375,0,0
"15801","Amsterdam_Noord",107,107,107,107,107,107,0,0
"15802","Amsterdam_Nieuw_west",325,325,325,325,325,325,0,0
"15803","Amsterdam_Zuid",120,120,120,120,120,120,0,0
"15804","Amsterdam_Zuid",300,300,300,300,300,300,0,0
"15805","Amsterdam_Noord",75,75,75,75,75,75,0,0
"15806","Amsterdam_Zuid",91,90,90,90,80,103,12,12
"15807","Amsterdam_Zuid",110,110,110,110,110,110,0,0
"15808","Amsterdam_Zuidoost",54,54,54,54,54,47,-7,7
"15809","Amsterdam_West",110,110,110,110,110,110,0,0
"15810","Amsterdam_West",115,115,120,120,120,120,5,5
"15811","Amsterdam_Noord",175,175,175,175,175,175,0,0
"15812","Amsterdam_West",122,122,122,78,93,89,-33,33
"15813","Amsterdam_Zuid",80,80,80,80,80,80,0,0
"15814","Amsterdam_West",165,165,165,165,165,165,0,0
"15815","Amsterdam_West",60,60,60,60,60,60,0,0
"15816","Amsterdam_Oost",225,225,225,225,225,225,0,0
"15817","Amsterdam_Noord",174,174,174,174,174,174,0,0
"15818","Amsterdam_Oost",110,110,110,110,110,110,0,0
"15819","Amsterdam_Zuid",250,250,250,250,250,250,0,0
"15820","Amsterdam_West",80,80,80,80,80,80,0,0
"15821","Amsterdam_Center",140,140,140,140,140,140,0,0
"15822","Amsterdam_Oost",150,150,150,150,150,150,0,0
"15823","Amsterdam_Noord",100,100,100,100,120,120,20,20
"15824","Amsterdam_West",109,109,109,109,109,109,0,0
"15825","Amsterdam_Center",225,65,48,50,51,55,-170,170
"15826","Amsterdam_Center",110,110,110,110,110,110,0,0
"15827","Amsterdam_Center",90,90,90,90,90,90,0,0
"15828","Amsterdam_Nieuw_west",79,79,79,79,79,79,0,0
"15829","Amsterdam_Zuidoost",30,30,30,30,30,30,0,0
"15830","Amsterdam_Center",80,80,80,80,80,80,0,0
"15831","Amsterdam_Zuid",150,150,150,150,150,150,0,0
"15832","Amsterdam_West",90,90,90,90,90,90,0,0
"15833","Amsterdam_West",130,130,130,130,130,130,0,0
"15834","Amsterdam_West",230,230,230,230,230,230,0,0
"15835","Amsterdam_Noord",124,123,124,125,126,123,-1,1
"15836","Amsterdam_Zuid",229,249,219,219,219,249,20,20
"15837","Amsterdam_West",150,150,150,150,150,150,0,0
"15838","Amsterdam_Center",46,43,51,62,314,314,268,268
"15839","Amsterdam_Noord",100,100,100,100,100,100,0,0
"15840","Amsterdam_Noord",167,170,170,150,150,150,-17,17
"15841","Amsterdam_Noord",129,129,129,129,129,129,0,0
"15842","Amsterdam_Zuid",84,84,84,84,84,84,0,0
"15843","Amsterdam_Oost",180,180,180,180,180,180,0,0
"15844","Amsterdam_Oost",200,200,200,200,200,200,0,0
"15845","Amsterdam_Nieuw_west",150,150,150,250,150,150,0,0
"15846","Amsterdam_Center",126,350,350,350,350,350,224,224
"15847","Amsterdam_Oost",78,76,90,93,84,91,13,13
"15848","Amsterdam_Oost",185,185,185,185,185,185,0,0
"15849","Amsterdam_West",88,88,88,88,88,88,0,0
"15850","Amsterdam_Noord",88,88,88,88,88,88,0,0
"15851","Amsterdam_West",200,191,120,120,120,120,-80,80
"15852","Amsterdam_West",100,60,60,60,60,60,-40,40
"15853","Amsterdam_Center",67,61,68,97,448,448,381,381
"15854","Amsterdam_Center",79,80,87,120,500,500,421,421
"15855","Amsterdam_West",150,150,150,150,150,150,0,0
"15856","Amsterdam_Oost",95,95,95,95,95,95,0,0
"15857","Amsterdam_Noord",100,100,100,100,100,100,0,0
"15858","Amsterdam_West",180,180,180,120,120,140,-40,40
"15859","Amsterdam_West",115,115,115,115,115,115,0,0
"15860","Amsterdam_Nieuw_west",125,125,125,125,125,125,0,0
"15861","Amsterdam_Oost",85,85,85,85,85,85,0,0
"15862","Amsterdam_West",130,180,150,150,150,150,20,20
"15863","Amsterdam_Center",46,43,46,66,49,92,46,46
"15864","Amsterdam_Center",90,76,74,106,86,133,43,43
"15865","Amsterdam_Center",113,93,86,126,106,154,41,41
"15866","Amsterdam_West",20,20,24,20,23,29,9,9
"15867","Amsterdam_Oost",85,85,85,85,85,85,0,0
"15868","Amsterdam_Oost",250,250,250,250,250,250,0,0
"15869","Amsterdam_Center",155,155,155,155,155,155,0,0
"15870","Amsterdam_West",130,130,134,130,130,130,0,0
"15871","Amsterdam_Zuid",50,50,50,50,50,104,54,54
"15872","Amsterdam_Zuid",200,200,200,200,200,200,0,0
"15873","Amsterdam_Noord",75,75,75,75,75,75,0,0
"15874","Amsterdam_Zuid",141,141,141,141,141,141,0,0
"15875","Amsterdam_Center",102,102,102,102,102,102,0,0
"15876","Amsterdam_Zuid",200,200,200,200,200,200,0,0
"15877","Amsterdam_Oost",55,55,55,55,55,55,0,0
"15878","Amsterdam_Center",49,49,53,60,59,150,101,101
"15879","Amsterdam_Nieuw_west",29,35,35,31,32,35,6,6
"15880","Amsterdam_Zuid",95,95,95,95,95,95,0,0
"15881","Amsterdam_Nieuw_west",85,85,85,85,85,85,0,0
"15882","Amsterdam_Zuid",119,119,119,119,119,119,0,0
"15883","Amsterdam_West",100,100,100,100,100,100,0,0
"15884","Amsterdam_West",200,200,231,231,241,298,98,98
"15885","Amsterdam_Oost",96,140,140,143,146,146,50,50
"15886","Amsterdam_Center",240,240,240,240,240,240,0,0
"15887","Amsterdam_Center",131,337,337,337,337,337,206,206
"15888","Amsterdam_Center",169,119,119,180,180,180,11,11
"15889","Amsterdam_Zuid",184,184,184,184,184,184,0,0
"15890","Amsterdam_Center",211,211,211,283,283,283,72,72
"15891","Amsterdam_Noord",99,99,99,99,99,99,0,0
"15892","Amsterdam_Center",95,95,95,95,95,102,7,7
"15893","Amsterdam_West",175,175,175,175,175,175,0,0
"15894","Amsterdam_Zuid",85,69,69,74,134,90,5,5
"15895","Amsterdam_Oost",250,250,250,225,225,336,86,86
"15896","Amsterdam_Zuid",121,120,110,110,120,120,-1,1
"15897","Amsterdam_Center",220,220,220,220,220,220,0,0
"15898","Amsterdam_West",200,300,250,271,339,282,82,82
"15899","Amsterdam_West",125,125,125,125,125,125,0,0
"15900","Amsterdam_Zuidoost",265,265,265,265,265,265,0,0
"15901","Amsterdam_Center",180,180,180,180,180,180,0,0
"15902","Amsterdam_Center",138,180,180,180,137,146,8,8
"15903","Amsterdam_Zuid",100,180,180,180,137,130,30,30
"15904","Amsterdam_Center",138,180,180,180,137,133,-5,5
"15905","Amsterdam_Noord",284,284,284,284,284,284,0,0
"15906","Amsterdam_Zuidoost",225,250,250,250,500,500,275,275
"15907","Amsterdam_Center",100,100,100,100,100,100,0,0
"15908","Amsterdam_Center",200,200,200,200,200,200,0,0
"15909","Amsterdam_West",150,150,150,150,150,150,0,0
"15910","Amsterdam_Center",258,258,258,258,258,258,0,0
"15911","Amsterdam_Center",78,67,82,79,93,98,20,20
"15912","Amsterdam_Center",89,78,93,90,104,109,20,20
"15913","Amsterdam_Center",100,89,111,162,155,137,37,37
"15914","Amsterdam_Center",128,117,139,234,227,210,82,82
"15915","Amsterdam_Center",158,147,178,274,266,249,91,91
"15916","Amsterdam_Center",117,106,122,212,205,188,71,71
"15917","Amsterdam_Center",150,139,164,151,166,172,22,22
"15918","Amsterdam_Center",89,78,93,90,104,111,22,22
"15919","Amsterdam_Zuidoost",149,149,149,149,149,149,0,0
"15920","Amsterdam_West",140,140,140,140,140,140,0,0
"15921","Amsterdam_Center",100,100,100,100,100,100,0,0
"15922","Amsterdam_Center",100,100,100,100,100,100,0,0
"15923","Amsterdam_Zuid",145,145,145,145,145,145,0,0
"15924","Amsterdam_West",125,125,125,125,125,125,0,0
"15925","Amsterdam_West",110,85,85,85,85,89,-21,21
"15926","Amsterdam_West",175,175,175,175,99,99,-76,76
"15927","Amsterdam_Center",199,199,199,199,199,249,50,50
"15928","Amsterdam_Center",120,120,120,120,120,120,0,0
"15929","Amsterdam_Center",82,100,138,159,169,169,87,87
"15930","Amsterdam_Zuid",149,149,149,149,149,149,0,0
"15931","Amsterdam_Center",222,222,222,222,222,222,0,0
"15932","Amsterdam_Center",175,175,175,175,175,175,0,0
"15933","Amsterdam_West",220,220,220,220,220,220,0,0
"15934","Amsterdam_Zuid",80,180,100,84,139,129,49,49
"15935","Amsterdam_Zuid",142,180,180,180,120,133,-9,9
"15936","Amsterdam_Zuid",169,180,180,180,137,137,-32,32
"15937","Amsterdam_Center",138,180,180,180,137,109,-29,29
"15938","Amsterdam_Center",110,110,110,110,110,110,0,0
"15939","Amsterdam_West",144,144,144,142,134,144,0,0
"15940","Amsterdam_Noord",249,249,249,249,249,249,0,0
"15941","Amsterdam_Nieuw_west",200,200,200,200,200,200,0,0
"15942","Amsterdam_Noord",110,110,110,110,110,110,0,0
"15943","Amsterdam_West",89,89,89,89,89,89,0,0
"15944","Amsterdam_West",169,169,169,169,169,169,0,0
"15945","Amsterdam_Oost",450,450,450,450,450,450,0,0
"15946","Amsterdam_Center",80,80,80,80,80,80,0,0
"15947","Amsterdam_West",120,120,120,120,120,120,0,0
"15948","Amsterdam_Zuidoost",60,60,60,60,60,60,0,0
"15949","Amsterdam_West",200,200,200,200,114,200,0,0
"15950","Amsterdam_West",199,199,199,199,200,199,0,0
"15951","Amsterdam_Center",113,120,122,114,94,111,-2,2
"15952","Amsterdam_Zuid",250,250,250,250,250,250,0,0
"15953","Amsterdam_Zuid",159,159,159,159,159,159,0,0
"15954","Amsterdam_Oost",76,75,75,75,75,75,-1,1
"15955","Amsterdam_Oost",70,70,70,70,70,70,0,0
"15956","Amsterdam_Center",101,88,103,68,89,98,-3,3
"15957","Amsterdam_Oost",128,130,130,130,130,150,22,22
"15958","Amsterdam_West",145,145,145,145,145,145,0,0
"15959","Amsterdam_Zuid",138,180,180,180,137,138,0,0
"15960","Amsterdam_Nieuw_west",70,70,70,70,70,70,0,0
"15961","Amsterdam_Oost",89,89,89,89,89,89,0,0
"15962","Amsterdam_Center",129,129,129,129,129,129,0,0
"15963","Amsterdam_Center",141,188,148,126,137,180,39,39
"15964","Amsterdam_Oost",100,100,100,100,100,100,0,0
"15965","Amsterdam_Zuid",169,169,169,169,169,169,0,0
"15966","Amsterdam_Center",75,75,75,75,75,75,0,0
"15967","Amsterdam_West",165,165,165,165,165,165,0,0
"15968","Amsterdam_Oost",175,175,175,175,175,175,0,0
"15969","Amsterdam_Center",150,225,225,225,225,225,75,75
"15970","Amsterdam_Center",315,450,450,450,450,100,-215,215
"15971","Amsterdam_Zuid",65,65,65,65,65,65,0,0
"15972","Amsterdam_Center",315,450,450,450,450,100,-215,215
"15973","Amsterdam_Zuid",250,250,250,250,250,250,0,0
"15974","Amsterdam_Center",71,71,71,71,83,71,0,0
"15975","Amsterdam_West",110,110,110,110,110,110,0,0
"15976","Amsterdam_Noord",75,75,75,75,75,75,0,0
"15977","Amsterdam_Center",81,74,74,74,74,74,-7,7
"15978","Amsterdam_Zuid",20,20,20,20,20,20,0,0
"15979","Amsterdam_Zuid",80,80,80,80,80,80,0,0
"15980","Amsterdam_West",90,90,90,90,90,90,0,0
"15981","Amsterdam_Zuidoost",106,120,120,130,130,130,24,24
"15982","Amsterdam_Zuid",60,60,60,60,60,80,20,20
"15983","Amsterdam_Center",100,100,100,270,250,100,0,0
"15984","Amsterdam_West",45,45,45,45,45,45,0,0
"15985","Amsterdam_Center",90,90,90,90,125,125,35,35
"15986","Amsterdam_Nieuw_west",60,60,60,60,60,60,0,0
"15987","Amsterdam_Center",79,79,79,79,79,79,0,0
"15988","Amsterdam_Noord",90,90,90,90,90,90,0,0
"15989","Amsterdam_Center",40,41,41,41,48,41,1,1
"15990","Amsterdam_West",99,99,99,99,99,99,0,0
"15991","Amsterdam_West",220,220,220,220,220,220,0,0
"15992","Amsterdam_Center",40,41,41,41,48,41,1,1
"15993","Amsterdam_West",150,150,110,150,150,150,0,0
"15994","Amsterdam_Zuid",75,75,75,75,75,75,0,0
"15995","Amsterdam_Oost",250,250,250,250,250,250,0,0
"15996","Amsterdam_Zuid",76,90,72,52,52,59,-17,17
"15997","Amsterdam_Center",99,90,100,100,99,99,0,0
"15998","Amsterdam_Nieuw_west",125,125,125,125,125,125,0,0
"15999","Amsterdam_Noord",200,200,250,250,300,600,400,400
"16000","Amsterdam_Zuid",110,110,110,110,110,110,0,0
"16001","Amsterdam_Zuid",90,90,90,90,90,90,0,0
"16002","Amsterdam_Zuid",200,200,200,200,200,250,50,50
"16003","Amsterdam_Center",125,125,125,128,128,128,3,3
"16004","Amsterdam_Oost",190,190,190,190,190,150,-40,40
"16005","Amsterdam_West",75,75,75,75,110,95,20,20
"16006","Amsterdam_Zuid",106,106,106,106,106,106,0,0
"16007","Amsterdam_Oost",99,99,99,99,99,99,0,0
"16008","Amsterdam_Nieuw_west",110,110,150,110,110,110,0,0
"16009","Amsterdam_West",62,84,95,80,129,94,32,32
"16010","Amsterdam_Center",179,120,120,120,120,120,-59,59
"16011","Amsterdam_Oost",195,195,195,195,195,195,0,0
"16012","Amsterdam_West",90,90,90,90,90,90,0,0
"16013","Amsterdam_Center",120,120,120,120,120,120,0,0
"16014","Amsterdam_West",250,250,250,250,250,250,0,0
"16015","Amsterdam_West",120,110,110,150,150,150,30,30
"16016","Amsterdam_West",100,100,100,100,100,100,0,0
"16017","Amsterdam_West",50,69,70,64,71,81,31,31
"16018","Amsterdam_West",149,149,149,149,149,149,0,0
"16019","Amsterdam_Zuid",64,69,75,69,71,78,14,14
"16020","Amsterdam_Center",125,125,125,125,85,76,-49,49
"16021","Amsterdam_Center",263,279,279,279,324,281,18,18
"16022","Amsterdam_Zuidoost",50,50,50,50,50,51,1,1
"16023","Amsterdam_Nieuw_west",400,400,400,400,400,400,0,0
"16024","Amsterdam_Center",253,253,253,253,253,253,0,0
"16025","Amsterdam_Oost",85,85,85,85,85,85,0,0
"16026","Amsterdam_Center",186,100,109,145,100,80,-106,106
"16027","Amsterdam_Zuid",21,21,37,41,27,29,8,8
"16028","Amsterdam_Center",101,100,100,100,140,140,39,39
"16029","Amsterdam_Oost",195,195,195,195,195,216,21,21
"16030","Amsterdam_Oost",120,120,120,120,120,120,0,0
"16031","Amsterdam_Center",274,263,263,263,307,266,-8,8
"16032","Amsterdam_Oost",70,70,70,71,71,70,0,0
"16033","Amsterdam_West",149,149,149,149,149,149,0,0
"16034","Amsterdam_Center",66,60,60,85,60,49,-17,17
"16035","Amsterdam_Center",65,59,59,74,49,49,-16,16
"16036","Amsterdam_Oost",65,65,65,65,65,65,0,0
"16037","Amsterdam_Zuid",95,95,95,95,129,95,0,0
"16038","Amsterdam_West",100,100,100,100,100,100,0,0
"16039","Amsterdam_Center",1000,1000,1000,1000,1000,1000,0,0
"16040","Amsterdam_Center",45,100,100,100,120,120,75,75
"16041","Amsterdam_Noord",57,57,57,57,57,57,0,0
"16042","Amsterdam_Center",75,75,75,75,75,75,0,0
"16043","Amsterdam_Center",300,270,300,300,300,290,-10,10
"16044","Amsterdam_Oost",90,90,90,90,90,90,0,0
"16045","Amsterdam_Center",100,100,100,100,100,100,0,0
"16046","Amsterdam_West",80,80,80,80,80,80,0,0
"16047","Amsterdam_Oost",80,80,80,80,80,80,0,0
"16048","Amsterdam_Noord",150,150,150,150,150,150,0,0
"16049","Amsterdam_Center",37,40,40,40,40,40,3,3
"16050","Amsterdam_Zuid",160,160,160,160,160,160,0,0
"16051","Amsterdam_Center",71,70,70,70,70,75,4,4
"16052","Amsterdam_Center",70,70,70,70,70,70,0,0
"16053","Amsterdam_Center",160,160,160,160,160,160,0,0
"16054","Amsterdam_Center",103,100,100,100,120,120,17,17
"16055","Amsterdam_Center",50,150,150,150,150,150,100,100
"16056","Amsterdam_Center",83,88,88,88,88,78,-5,5
"16057","Amsterdam_Oost",199,199,199,199,199,199,0,0
"16058","Amsterdam_Oost",120,120,120,120,120,100,-20,20
"16059","Amsterdam_West",81,59,59,59,66,98,17,17
"16060","Amsterdam_Center",101,148,148,148,148,148,47,47
"16061","Amsterdam_West",125,125,125,125,125,125,0,0
"16062","Amsterdam_West",149,149,149,149,149,152,3,3
"16063","Amsterdam_West",32,32,32,32,32,32,0,0
"16064","Amsterdam_Center",58,58,58,58,58,58,0,0
"16065","Amsterdam_Center",69,59,57,86,66,117,48,48
"16066","Amsterdam_Center",140,130,130,140,160,160,20,20
"16067","Amsterdam_Oost",60,60,60,60,60,60,0,0
"16068","Amsterdam_Noord",140,140,140,140,130,161,21,21
"16069","Amsterdam_Center",125,125,125,125,125,145,20,20
"16070","Amsterdam_West",62,84,97,80,109,95,33,33
"16071","Amsterdam_Nieuw_west",20,30,52,52,25,52,32,32
"16072","Amsterdam_Oost",95,89,89,89,89,129,34,34
"16073","Amsterdam_Nieuw_west",324,324,322,328,328,330,6,6
"16074","Amsterdam_Nieuw_west",64,64,62,72,68,69,5,5
"16075","Amsterdam_Nieuw_west",74,74,72,78,78,79,5,5
"16076","Amsterdam_Nieuw_west",119,119,117,127,123,125,6,6
"16077","Amsterdam_Nieuw_west",124,124,122,128,128,129,5,5
"16078","Amsterdam_Center",85,95,180,180,180,180,95,95
"16079","Amsterdam_Noord",144,144,144,144,144,144,0,0
"16080","Amsterdam_Oost",75,75,75,75,75,75,0,0
"16081","Amsterdam_West",214,214,214,214,214,214,0,0
"16082","Amsterdam_Zuid",199,199,199,199,199,199,0,0
"16083","Amsterdam_Nieuw_west",99,99,99,99,99,99,0,0
"16084","Amsterdam_Oost",100,100,100,100,100,100,0,0
"16085","Amsterdam_Oost",275,275,300,300,275,345,70,70
"16086","Amsterdam_Center",54,53,58,59,64,75,21,21
"16087","Amsterdam_Center",93,93,93,93,93,93,0,0
"16088","Amsterdam_Center",50,53,58,59,64,74,24,24
"16089","Amsterdam_Center",76,68,143,101,109,91,15,15
"16090","Amsterdam_West",90,90,100,125,125,125,35,35
"16091","Amsterdam_Noord",100,100,100,100,120,114,14,14
"16092","Amsterdam_Noord",200,200,200,200,200,200,0,0
"16093","Amsterdam_Oost",38,38,38,38,38,39,1,1
"16094","Amsterdam_Zuid",0,0,0,0,0,0,0,0
"16095","Amsterdam_Center",96,91,91,91,92,119,23,23
"16096","Amsterdam_Center",150,150,170,170,170,170,20,20
"16097","Amsterdam_Center",140,83,83,120,83,83,-57,57
"16098","Amsterdam_Center",86,78,74,87,112,97,11,11
"16099","Amsterdam_Center",250,243,250,250,250,250,0,0
"16100","Amsterdam_Center",65,65,65,65,65,65,0,0
"16101","Amsterdam_Zuid",41,40,62,71,74,96,55,55
"16102","Amsterdam_Zuid",45,49,70,83,84,119,74,74
"16103","Amsterdam_Zuid",80,74,81,99,131,131,51,51
"16104","Amsterdam_Center",200,200,200,200,200,200,0,0
"16105","Amsterdam_Center",99,99,99,99,99,99,0,0
"16106","Amsterdam_Noord",30,41,41,41,54,47,17,17
"16107","Amsterdam_Noord",64,57,57,57,125,111,47,47
"16108","Amsterdam_Noord",54,63,63,63,82,69,15,15
"16109","Amsterdam_Noord",81,80,80,80,153,139,58,58
"16110","Amsterdam_Noord",141,148,148,148,225,202,61,61
"16111","Amsterdam_Noord",127,125,125,125,204,184,57,57
"16112","Amsterdam_Noord",70,69,69,69,136,124,54,54
"16113","Amsterdam_Noord",104,103,103,103,170,154,50,50
"16114","Amsterdam_Noord",149,148,148,148,238,214,65,65
"16115","Amsterdam_Noord",106,103,103,103,179,162,56,56
"16116","Amsterdam_Noord",177,193,193,193,268,241,64,64
"16117","Amsterdam_Noord",141,148,148,148,225,204,63,63
"16118","Amsterdam_Zuid",55,55,120,120,127,168,113,113
"16119","Amsterdam_Center",151,161,171,166,162,185,34,34
"16120","Amsterdam_Center",90,100,110,110,110,110,20,20
"16121","Amsterdam_West",50,50,86,86,86,125,75,75
"16122","Amsterdam_Center",141,145,160,155,152,173,32,32
"16123","Amsterdam_Center",137,147,156,151,148,161,24,24
"16124","Amsterdam_Center",121,128,137,132,130,148,27,27
"16125","Amsterdam_Center",129,138,147,141,138,158,29,29
"16126","Amsterdam_Center",151,155,169,166,162,177,26,26
"16127","Amsterdam_Center",194,205,220,212,208,227,33,33
"16128","Amsterdam_Center",145,155,164,159,156,170,25,25
"16129","Amsterdam_Center",150,130,249,249,249,249,99,99
"16130","Amsterdam_West",995,995,995,995,995,995,0,0
"16131","Amsterdam_Oost",89,89,89,89,89,89,0,0
"16132","Amsterdam_West",98,94,98,100,101,111,13,13
"16133","Amsterdam_Noord",500,500,500,500,500,500,0,0
"16134","Amsterdam_West",55,54,54,56,55,60,5,5
"16135","Amsterdam_West",53,52,52,54,53,57,4,4
"16136","Amsterdam_West",55,54,54,56,55,59,4,4
"16137","Amsterdam_West",71,68,72,73,74,81,10,10
"16138","Amsterdam_West",55,54,54,56,55,60,5,5
"16139","Amsterdam_West",85,85,85,85,109,168,83,83
"16140","Amsterdam_West",55,55,55,55,55,55,0,0
"16141","Amsterdam_Zuid",50,50,50,50,50,50,0,0
"16142","Amsterdam_West",50,50,50,50,67,168,118,118
"16143","Amsterdam_Center",112,112,112,112,112,112,0,0
"16144","Amsterdam_Zuid",55,55,55,55,55,55,0,0
"16145","Amsterdam_Oost",98,98,98,98,98,98,0,0
"16146","Amsterdam_West",50,58,154,154,154,80,30,30
"16147","Amsterdam_Zuid",60,68,68,68,68,68,8,8
"16148","Amsterdam_Zuid",74,74,74,74,74,74,0,0
"16149","Amsterdam_Oost",250,250,250,250,250,250,0,0
"16150","Amsterdam_Zuid",75,98,214,214,214,130,55,55
"16151","Amsterdam_West",40,48,95,95,95,65,25,25
"16152","Amsterdam_Center",81,148,148,148,148,148,67,67
"16153","Amsterdam_Nieuw_west",98,98,98,98,96,87,-11,11
"16154","Amsterdam_West",93,93,93,93,93,93,0,0
"16155","Amsterdam_Center",80,74,124,81,90,84,4,4
"16156","Amsterdam_Center",146,146,146,146,146,146,0,0
"16157","Amsterdam_West",413,409,413,410,410,550,137,137
"16158","Amsterdam_Center",70,70,75,75,70,70,0,0
"16159","Amsterdam_Center",80,73,167,124,137,106,26,26
"16160","Amsterdam_Center",81,87,150,141,161,150,69,69
"16161","Amsterdam_West",90,90,35,35,35,36,-54,54
"16162","Amsterdam_Zuid",75,75,75,75,75,75,0,0
"16163","Amsterdam_Oost",30,30,30,30,30,30,0,0
"16164","Amsterdam_Zuid",50,50,50,50,50,50,0,0
"16165","Amsterdam_Center",150,150,150,150,150,150,0,0
"16166","Amsterdam_Oost",45,35,35,35,35,60,15,15
"16167","Amsterdam_Center",75,116,102,102,102,102,27,27
"16168","Amsterdam_Nieuw_west",125,125,125,125,125,125,0,0
"16169","Amsterdam_Center",162,170,168,166,181,199,37,37
"16170","Amsterdam_Center",99,110,115,174,235,129,30,30
"16171","Amsterdam_Center",96,100,164,164,225,198,102,102
"16172","Amsterdam_Noord",90,90,90,90,150,150,60,60
"16173","Amsterdam_Center",47,55,44,47,73,84,37,37
"16174","Amsterdam_Center",150,150,150,150,250,175,25,25
"16175","Amsterdam_Center",64,166,249,161,220,220,156,156
"16176","Amsterdam_West",100,100,100,100,100,100,0,0
"16177","Amsterdam_Center",76,87,89,89,89,89,13,13
"16178","Amsterdam_West",129,108,108,108,108,108,-21,21
"16179","Amsterdam_Noord",43,45,45,44,44,44,1,1
"16180","Amsterdam_Center",150,150,150,150,150,150,0,0
"16181","Amsterdam_Noord",43,44,44,44,44,44,1,1
"16182","Amsterdam_West",70,70,70,70,70,70,0,0
"16183","Amsterdam_Noord",59,45,45,45,60,68,9,9
"16184","Amsterdam_West",100,97,100,100,100,100,0,0
"16185","Amsterdam_Center",77,74,77,77,77,77,0,0
"16186","Amsterdam_Oost",58,58,58,58,58,58,0,0
"16187","Amsterdam_Noord",132,121,121,104,104,104,-28,28
"16188","Amsterdam_Noord",107,96,96,86,86,86,-21,21
"16189","Amsterdam_Noord",107,96,96,86,86,86,-21,21
"16190","Amsterdam_Noord",107,96,96,86,86,86,-21,21
"16191","Amsterdam_West",70,70,70,70,70,70,0,0
"16192","Amsterdam_Center",52,52,61,54,72,101,49,49
"16193","Amsterdam_Center",74,76,83,77,94,124,50,50
"16194","Amsterdam_Center",42,50,40,42,66,70,28,28
"16195","Amsterdam_Center",147,167,133,150,293,151,4,4
"16196","Amsterdam_Center",109,105,105,105,226,135,26,26
"16197","Amsterdam_Center",35,35,35,35,35,35,0,0
"16198","Amsterdam_West",20,20,20,20,20,20,0,0
"16199","Amsterdam_Center",98,68,120,120,120,120,22,22
"16200","Amsterdam_West",55,55,55,55,55,55,0,0
"16201","Amsterdam_West",45,45,45,45,45,45,0,0
"16202","Amsterdam_Zuid",70,70,70,70,70,70,0,0
"16203","Amsterdam_Center",76,76,76,76,76,76,0,0
"16204","Amsterdam_Center",47,38,38,38,38,38,-9,9
"16205","Amsterdam_Center",47,53,53,53,53,54,7,7
"16206","Amsterdam_Center",80,70,70,70,70,70,-10,10
"16207","Amsterdam_Center",88,91,155,216,147,174,86,86
"16208","Amsterdam_Zuid",85,85,85,85,85,85,0,0
"16209","Amsterdam_Zuid",129,129,129,129,129,129,0,0
"16210","Amsterdam_West",99,119,139,139,139,139,40,40
"16211","Amsterdam_Oost",24,24,24,14,19,14,-10,10
"16212","Amsterdam_Noord",35,35,35,35,35,35,0,0
"16213","Amsterdam_West",89,89,89,89,99,85,-4,4
"16214","Amsterdam_Center",54,54,54,54,63,54,0,0
"16215","Amsterdam_Center",0,0,0,0,0,0,0,0
"16216","Amsterdam_Center",190,190,219,219,269,269,79,79
"16217","Amsterdam_Oost",54,49,49,49,55,59,5,5
"16218","Amsterdam_Center",69,69,70,128,69,69,0,0
"16219","Amsterdam_Center",37,37,37,37,44,37,0,0
"16220","Amsterdam_Center",37,37,37,37,44,37,0,0
"16221","Amsterdam_Center",37,37,37,37,43,37,0,0
"16222","Amsterdam_Center",37,37,37,37,43,37,0,0
"16223","Amsterdam_Center",52,53,53,53,66,53,1,1
"16224","Amsterdam_Center",33,35,35,35,43,35,2,2
"16225","Amsterdam_Center",40,41,41,41,48,41,1,1
"16226","Amsterdam_Center",35,36,36,36,42,36,1,1
"16227","Amsterdam_Center",38,38,38,38,45,38,0,0
"16228","Amsterdam_Center",38,38,38,38,45,38,0,0
"16229","Amsterdam_West",71,68,72,73,74,81,10,10
"16230","Amsterdam_West",97,94,98,100,101,111,14,14
"16231","Amsterdam_West",55,54,54,55,55,60,5,5
"16232","Amsterdam_West",55,54,54,55,55,59,4,4
"16233","Amsterdam_West",55,54,54,55,55,60,5,5
"16234","Amsterdam_Zuid",68,69,60,85,85,85,17,17
"16235","Amsterdam_West",130,130,130,130,130,130,0,0
"16236","Amsterdam_Center",125,130,119,120,100,125,0,0
"16237","Amsterdam_Zuid",80,80,80,80,80,80,0,0
"16238","Amsterdam_Noord",78,75,75,75,75,75,-3,3
"16239","Amsterdam_West",108,135,135,135,70,100,-8,8
"16240","Amsterdam_Center",63,79,50,35,35,35,-28,28
"16241","Amsterdam_Center",55,55,55,55,55,55,0,0
"16242","Amsterdam_Oost",34,29,21,21,21,21,-13,13
"16243","Amsterdam_Zuid",76,95,95,92,81,75,-1,1
"16244","Amsterdam_West",52,52,52,52,52,52,0,0
"16245","Amsterdam_West",137,120,120,120,120,125,-12,12
"16246","Amsterdam_Oost",100,100,100,100,85,107,7,7
"16247","Amsterdam_Center",90,96,106,106,113,113,23,23
"16248","Amsterdam_West",59,59,59,64,72,95,36,36
"16249","Amsterdam_Center",59,52,53,54,240,69,10,10
"16250","Amsterdam_Center",19,20,24,28,37,44,25,25
"16251","Amsterdam_Zuid",46,41,42,42,189,54,8,8
"16252","Amsterdam_Center",61,41,42,42,189,98,37,37
"16253","Amsterdam_Center",61,41,42,42,189,98,37,37
"16254","Amsterdam_Center",62,41,42,42,189,98,36,36
"16255","Amsterdam_Oost",50,50,50,50,50,50,0,0
"16256","Amsterdam_West",85,150,150,150,150,150,65,65
"16257","Amsterdam_West",59,110,101,72,72,78,19,19
"16258","Amsterdam_West",80,119,119,82,83,89,9,9
"16259","Amsterdam_West",155,232,184,134,147,150,-5,5
"16260","Amsterdam_West",130,273,194,118,123,129,-1,1
"16261","Amsterdam_West",223,469,319,138,239,242,19,19
"16262","Amsterdam_West",235,512,370,299,318,324,89,89
"16263","Amsterdam_West",327,559,419,351,467,496,169,169
"16264","Amsterdam_Center",150,150,150,150,150,150,0,0
"16265","Amsterdam_West",145,145,145,145,145,145,0,0
"16266","Amsterdam_Center",160,250,250,250,250,250,90,90
"16267","Amsterdam_Center",70,70,70,60,60,60,-10,10
"16268","Amsterdam_Center",120,120,120,150,150,150,30,30
"16269","Amsterdam_West",114,143,143,143,143,143,29,29
"16270","Amsterdam_West",50,50,50,50,50,50,0,0
"16271","Amsterdam_Zuid",25,25,25,25,25,25,0,0
"16272","Amsterdam_West",60,60,60,60,60,60,0,0
"16273","Amsterdam_Noord",92,115,80,80,80,80,-12,12
"16274","Amsterdam_West",31,39,39,39,39,39,8,8
"16275","Amsterdam_Noord",135,135,140,140,175,175,40,40
"16276","Amsterdam_West",135,135,135,165,165,165,30,30
"16277","Amsterdam_West",120,120,120,120,120,120,0,0
"16278","Amsterdam_Nieuw_west",45,45,45,45,45,45,0,0
"16279","Amsterdam_Zuidoost",24,36,36,36,31,31,7,7
"16280","Amsterdam_Zuid",95,97,149,192,149,149,54,54
"16281","Amsterdam_Oost",100,100,100,100,100,100,0,0
"16282","Amsterdam_West",100,100,100,100,126,126,26,26
"16283","Amsterdam_Oost",115,115,115,115,115,115,0,0
"16284","Amsterdam_Center",49,64,50,50,50,57,8,8
"16285","Amsterdam_West",120,120,120,120,120,120,0,0
"16286","Amsterdam_Center",46,46,46,46,46,46,0,0
"16287","Amsterdam_Center",40,40,40,40,40,40,0,0
"16288","Amsterdam_Center",67,56,49,48,47,52,-15,15
